0.00001250 
0.00002292 
0.00003542 
0.00004583 
0.00005833 
0.00006875 
0.00008125 
0.00009167 
0.00010417 
0.00011458 
0.00012500 
0.00013750 
0.00014792 
0.00016042 
0.00017083 
0.00018333 
0.00019375 
0.00020625 
0.00021667 
0.00022917 
0.00023958 
0.00025208 
0.00026250 
0.00027292 
0.00028542 
0.00029583 
0.00030833 
0.00031875 
0.00033125 
0.00034167 
0.00035417 
0.00036458 
0.00037708 
0.00038750 
0.00039792 
0.00041042 
0.00042083 
0.00043333 
0.00044375 
0.00045625 
0.00046667 
0.00047917 
0.00048958 
0.00050208 
0.00051250 
0.00052292 
0.00053542 
0.00054583 
0.00055833 
0.00056875 
0.00058125 
0.00059167 
0.00060417 
0.00061458 
0.00062708 
0.00063750 
0.00064792 
0.00066042 
0.00067083 
0.00068333 
0.00069375 
0.00070625 
0.00071667 
0.00072917 
0.00073958 
0.00075208 
0.00076250 
0.00077292 
0.00078542 
0.00079583 
0.00080833 
0.00081875 
0.00083125 
0.00084167 
0.00085417 
0.00086458 
0.00087708 
0.00088750 
0.00089792 
0.00091042 
0.00092083 
0.00093333 
0.00094375 
0.00095625 
0.00096667 
0.00097917 
0.00098958 
0.00101250 
0.00102292 
0.00103542 
0.00104583 
0.00105833 
0.00106875 
0.00108125 
0.00109167 
0.00110417 
0.00111458 
0.00112500 
0.00113750 
0.00114792 
0.00116042 
0.00117083 
0.00118333 
0.00119375 
0.00120625 
0.00121667 
0.00122917 
0.00123958 
0.00125208 
0.00126250 
0.00127292 
0.00128542 
0.00129583 
0.00130833 
0.00131875 
0.00133125 
0.00134167 
0.00135417 
0.00136458 
0.00137708 
0.00138750 
0.00139792 
0.00141042 
0.00142083 
0.00143333 
0.00144375 
0.00145625 
0.00146667 
0.00147917 
0.00148958 
0.00150208 
0.00151250 
0.00152292 
0.00153542 
0.00154583 
0.00155833 
0.00156875 
0.00158125 
0.00159167 
0.00160417 
0.00161458 
0.00162708 
0.00163750 
0.00164792 
0.00166042 
0.00167083 
0.00168333 
0.00169375 
0.00170625 
0.00171667 
0.00172917 
0.00173958 
0.00175208 
0.00176250 
0.00177292 
0.00178542 
0.00179583 
0.00180833 
0.00181875 
0.00183125 
0.00184167 
0.00185417 
0.00186458 
0.00187708 
0.00188750 
0.00189792 
0.00191042 
0.00192083 
0.00193333 
0.00194375 
0.00195625 
0.00196667 
0.00197917 
0.00198958 
0.00201250 
0.00202292 
0.00203542 
0.00204583 
0.00205833 
0.00206875 
0.00208125 
0.00209167 
0.00210417 
0.00211458 
0.00212500 
0.00213750 
0.00214792 
0.00216042 
0.00217083 
0.00218333 
0.00219375 
0.00220625 
0.00221667 
0.00222917 
0.00223958 
0.00225208 
0.00226250 
0.00227292 
0.00228542 
0.00229583 
0.00230833 
0.00231875 
0.00233125 
0.00234167 
0.00235417 
0.00236458 
0.00237708 
0.00238750 
0.00239792 
0.00241042 
0.00242083 
0.00243333 
0.00244375 
0.00245625 
0.00246667 
0.00247917 
0.00248958 
0.00250208 
0.00251250 
0.00252292 
0.00253542 
0.00254583 
0.00255833 
0.00256875 
0.00258125 
0.00259167 
0.00260417 
0.00261458 
0.00262708 
0.00263750 
0.00264792 
0.00266042 
0.00267083 
0.00268333 
0.00269375 
0.00270625 
0.00271667 
0.00272917 
0.00273958 
0.00275208 
0.00276250 
0.00277292 
0.00278542 
0.00279583 
0.00280833 
0.00281875 
0.00283125 
