0.000000000000000000e+00 0.000000000000000000e+00
1.250000000000000243e-02 -3.420877921007553280e+00
2.291666666666667199e-02 -3.029603543107958785e+01
3.541666666666667268e-02 -6.484980937260672818e+01
4.583333333333334397e-02 -1.032428915298822716e+02
5.833333333333335508e-02 -1.454752819028645376e+02
6.875000000000001943e-02 -1.915469804915743168e+02
8.125000000000001665e-02 -2.491366037274459586e+02
9.166666666666668795e-02 -3.028869187476108209e+02
1.041666666666666990e-01 -3.758337748464135188e+02
1.145833333333333703e-01 -4.295840898665784948e+02
1.250000000000000278e-01 -4.833344048867225524e+02
1.374999999999999556e-01 -5.754778020641421108e+02
1.479166666666665575e-01 -6.522639663786723077e+02
1.604166666666664853e-01 -7.482466717718194786e+02
1.708333333333330872e-01 -8.173542196548738730e+02
1.833333333333330151e-01 -8.941403839693831515e+02
1.937499999999996170e-01 -9.402120825580930159e+02
2.062499999999995448e-01 -9.978017057939855476e+02
2.166666666666661467e-01 -1.032355479735512517e+03
2.291666666666660745e-01 -1.074587870108494826e+03
2.395833333333326765e-01 -1.101463027618587830e+03
2.520833333333326043e-01 -1.143695417991569911e+03
2.624999999999992339e-01 -1.159052650854480362e+03
2.729166666666658081e-01 -1.185927808364552220e+03
2.854166666666657637e-01 -1.208963657658896636e+03
2.958333333333323378e-01 -1.228160198737534529e+03
3.083333333333322934e-01 -1.228160198737534529e+03
3.187499999999988676e-01 -1.228160198737534529e+03
3.312499999999988232e-01 -1.231999506953261971e+03
3.416666666666653973e-01 -1.239678123384717082e+03
3.541666666666653529e-01 -1.251196048031899636e+03
3.645833333333319271e-01 -1.274231897326244280e+03
3.770833333333318826e-01 -1.301107054836316365e+03
3.874999999999984568e-01 -1.327982212346409142e+03
3.979166666666650864e-01 -1.343339445209319365e+03
4.104166666666649865e-01 -1.347178753425026116e+03
4.208333333333316162e-01 -1.347178753425026116e+03
4.333333333333315163e-01 -1.351018061640753558e+03
4.437499999999981459e-01 -1.358696678072208670e+03
4.562499999999980460e-01 -1.366375294503664009e+03
4.666666666666646757e-01 -1.385571835582301674e+03
4.791666666666645757e-01 -1.404768376660918648e+03
4.895833333333312609e-01 -1.420125609523828871e+03
5.020833333333312165e-01 -1.435482842386739094e+03
5.124999999999977351e-01 -1.435482842386739094e+03
5.229166666666643648e-01 -1.435482842386739094e+03
5.354166666666643204e-01 -1.427804225955283755e+03
5.458333333333309501e-01 -1.420125609523828871e+03
5.583333333333307946e-01 -1.416286301308101201e+03
5.687499999999974243e-01 -1.412446993092373759e+03
5.812499999999973799e-01 -1.423964917739556313e+03
5.916666666666638985e-01 -1.427804225955283755e+03
6.041666666666638541e-01 -1.435482842386739094e+03
6.145833333333304838e-01 -1.443161458818173287e+03
6.270833333333304394e-01 -1.443161458818173287e+03
6.374999999999969580e-01 -1.439322150602445618e+03
6.479166666666635876e-01 -1.427804225955283755e+03
6.604166666666635432e-01 -1.420125609523828871e+03
6.708333333333301729e-01 -1.431643534171011424e+03
6.833333333333300175e-01 -1.443161458818173287e+03
6.937499999999966471e-01 -1.454679383465356068e+03
7.062499999999966027e-01 -1.466197308112538622e+03
7.166666666666632324e-01 -1.473875924543993733e+03
7.291666666666630769e-01 -1.470036616328266064e+03
7.395833333333297066e-01 -1.470036616328266064e+03
7.520833333333296622e-01 -1.454679383465356068e+03
7.624999999999962919e-01 -1.439322150602445618e+03
7.729166666666628105e-01 -1.450840075249628399e+03
7.854166666666627661e-01 -1.454679383465356068e+03
7.958333333333293957e-01 -1.458518691681083510e+03
8.083333333333293513e-01 -1.466197308112538622e+03
8.187499999999958700e-01 -1.470036616328266064e+03
8.312499999999958256e-01 -1.458518691681083510e+03
8.416666666666624552e-01 -1.462357999896811179e+03
8.541666666666624108e-01 -1.447000767033900729e+03
8.645833333333289294e-01 -1.439322150602445618e+03
8.770833333333288850e-01 -1.435482842386739094e+03
8.874999999999955147e-01 -1.447000767033900729e+03
8.979166666666621444e-01 -1.458518691681083510e+03
9.104166666666619889e-01 -1.466197308112538622e+03
9.208333333333286186e-01 -1.485393849191155368e+03
9.333333333333285742e-01 -1.481554540975448845e+03
9.437499999999952038e-01 -1.485393849191155368e+03
9.562499999999950484e-01 -1.481554540975448845e+03
9.666666666666616781e-01 -1.473875924543993733e+03
9.791666666666616337e-01 -1.466197308112538622e+03
9.895833333333282633e-01 -1.462357999896811179e+03
1.012499999999999956e+00 -1.477715232759721175e+03
1.022916666666666696e+00 -1.485393849191155368e+03
1.035416666666666652e+00 -1.477715232759721175e+03
1.045833333333333393e+00 -1.466197308112538622e+03
1.058333333333333348e+00 -1.439322150602445618e+03
1.068750000000000089e+00 -1.420125609523828871e+03
1.081250000000000044e+00 -1.377893219150846562e+03
1.091666666666666785e+00 -1.351018061640753558e+03
1.104166666666666741e+00 -1.331821520562136811e+03
1.114583333333333259e+00 -1.320303595914954030e+03
1.125000000000000222e+00 -1.316464287699226588e+03
1.137499999999999956e+00 -1.308785671267771249e+03
1.147916666666666696e+00 -1.285749821973427061e+03
1.160416666666666652e+00 -1.262713972679061726e+03
1.170833333333333171e+00 -1.228160198737534529e+03
1.183333333333333126e+00 -1.197445733011735001e+03
1.193749999999999645e+00 -1.162891959070207577e+03
1.206249999999999600e+00 -1.147534726207297581e+03
1.216666666666666341e+00 -1.147534726207297581e+03
1.229166666666666075e+00 -1.155213342638752692e+03
1.239583333333332815e+00 -1.162891959070207577e+03
1.252083333333332771e+00 -1.162891959070207577e+03
1.262499999999999289e+00 -1.147534726207297581e+03
1.272916666666665808e+00 -1.132177493344387358e+03
1.285416666666665764e+00 -1.109141644050042942e+03
1.295833333333332504e+00 -1.093784411187132491e+03
1.308333333333332460e+00 -1.074587870108494826e+03
1.318749999999998979e+00 -1.070748561892788302e+03
1.331249999999998934e+00 -1.074587870108494826e+03
1.341666666666665453e+00 -1.089945102971405049e+03
1.354166666666665408e+00 -1.101463027618587830e+03
1.364583333333331927e+00 -1.112980952265770384e+03
1.377083333333331883e+00 -1.097623719402860161e+03
1.387499999999998623e+00 -1.082266486539949938e+03
1.397916666666665142e+00 -1.074587870108494826e+03
1.410416666666665098e+00 -1.070748561892788302e+03
1.420833333333331616e+00 -1.074587870108494826e+03
1.433333333333331572e+00 -1.078427178324222496e+03
1.443749999999998312e+00 -1.105302335834315272e+03
1.456249999999998046e+00 -1.112980952265770384e+03
1.466666666666664787e+00 -1.124498876912932246e+03
1.479166666666664742e+00 -1.139856109775842469e+03
1.489583333333331261e+00 -1.128338185128659916e+03
1.502083333333331217e+00 -1.109141644050042942e+03
1.512499999999997735e+00 -1.101463027618587830e+03
1.522916666666664476e+00 -1.093784411187132491e+03
1.535416666666664209e+00 -1.089945102971405049e+03
1.545833333333330950e+00 -1.093784411187132491e+03
1.558333333333330906e+00 -1.105302335834315272e+03
1.568749999999997424e+00 -1.112980952265770384e+03
1.581249999999997380e+00 -1.124498876912932246e+03
1.591666666666663899e+00 -1.105302335834315272e+03
1.604166666666663854e+00 -1.105302335834315272e+03
1.614583333333330595e+00 -1.082266486539949938e+03
1.627083333333330328e+00 -1.078427178324222496e+03
1.637499999999997069e+00 -1.078427178324222496e+03
1.647916666666663588e+00 -1.074587870108494826e+03
1.660416666666663543e+00 -1.105302335834315272e+03
1.670833333333330062e+00 -1.105302335834315272e+03
1.683333333333330017e+00 -1.112980952265770384e+03
1.693749999999996758e+00 -1.120659568697204577e+03
1.706249999999996714e+00 -1.116820260481498053e+03
1.716666666666663232e+00 -1.116820260481498053e+03
1.729166666666663188e+00 -1.101463027618587830e+03
1.739583333333329707e+00 -1.093784411187132491e+03
1.752083333333329662e+00 -1.097623719402860161e+03
1.762499999999996181e+00 -1.093784411187132491e+03
1.772916666666662922e+00 -1.112980952265770384e+03
1.785416666666662877e+00 -1.128338185128659916e+03
1.795833333333329396e+00 -1.128338185128659916e+03
1.808333333333329351e+00 -1.116820260481498053e+03
1.818749999999995870e+00 -1.101463027618587830e+03
1.831249999999995826e+00 -1.093784411187132491e+03
1.841666666666662566e+00 -1.086105794755677607e+03
1.854166666666662300e+00 -1.086105794755677607e+03
1.864583333333329040e+00 -1.078427178324222496e+03
1.877083333333328996e+00 -1.093784411187132491e+03
1.887499999999995515e+00 -1.097623719402860161e+03
1.897916666666662033e+00 -1.101463027618587830e+03
1.910416666666661989e+00 -1.105302335834315272e+03
1.920833333333328730e+00 -1.109141644050042942e+03
1.933333333333328685e+00 -1.093784411187132491e+03
1.943749999999995204e+00 -1.078427178324222496e+03
1.956249999999995381e+00 -1.082266486539949938e+03
1.966666666666661678e+00 -1.082266486539949938e+03
1.979166666666661634e+00 -1.089945102971405049e+03
1.989583333333328374e+00 -1.101463027618587830e+03
2.012500000000000178e+00 -1.116820260481498053e+03
2.022916666666666696e+00 -1.120659568697204577e+03
2.035416666666666874e+00 -1.105302335834315272e+03
2.045833333333333393e+00 -1.093784411187132491e+03
2.058333333333333570e+00 -1.086105794755677607e+03
2.068750000000000089e+00 -1.086105794755677607e+03
2.081250000000000266e+00 -1.093784411187132491e+03
2.091666666666666785e+00 -1.101463027618587830e+03
2.104166666666666963e+00 -1.097623719402860161e+03
2.114583333333333481e+00 -1.101463027618587830e+03
2.125000000000000000e+00 -1.089945102971405049e+03
2.137500000000000178e+00 -1.086105794755677607e+03
2.147916666666666252e+00 -1.070748561892788302e+03
2.160416666666666430e+00 -1.043873404382695298e+03
2.170833333333333393e+00 -1.036194787951240187e+03
2.183333333333333126e+00 -1.032355479735512517e+03
2.193749999999999645e+00 -1.016998246872623213e+03
2.206249999999999378e+00 -1.036194787951240187e+03
2.216666666666666341e+00 -1.036194787951240187e+03
2.229166666666666075e+00 -1.036194787951240187e+03
2.239583333333332593e+00 -1.032355479735512517e+03
2.252083333333332327e+00 -1.020837555088350882e+03
2.262499999999999289e+00 -1.005480322225440545e+03
2.272916666666665808e+00 -1.001641014009713103e+03
2.285416666666665542e+00 -1.001641014009713103e+03
2.295833333333332504e+00 -1.005480322225440545e+03
2.308333333333332238e+00 -9.978017057939855476e+02
2.318749999999998757e+00 -1.028516171519785075e+03
2.331249999999998490e+00 -1.040034096166967856e+03
2.341666666666665453e+00 -1.032355479735512517e+03
2.354166666666665630e+00 -1.024676863304078324e+03
2.364583333333331705e+00 -1.020837555088350882e+03
2.377083333333331883e+00 -9.939623975782579919e+02
2.387499999999998401e+00 -9.939623975782579919e+02
2.397916666666664920e+00 -9.862837811468027667e+02
2.410416666666664653e+00 -9.978017057939855476e+02
2.420833333333331616e+00 -1.001641014009713103e+03
2.433333333333331794e+00 -1.005480322225440545e+03
2.443749999999997868e+00 -1.013158938656895657e+03
2.456249999999998046e+00 -1.001641014009713103e+03
2.466666666666664565e+00 -9.901230893625303224e+02
2.479166666666664742e+00 -9.747658564996410178e+02
2.489583333333331705e+00 -9.786051647153685735e+02
2.502083333333330994e+00 -9.747658564996410178e+02
2.512499999999997957e+00 -9.747658564996410178e+02
2.522916666666664476e+00 -9.901230893625303224e+02
2.535416666666664209e+00 -1.009319630441168101e+03
2.545833333333330728e+00 -1.024676863304078324e+03
2.558333333333330906e+00 -1.028516171519785075e+03
2.568749999999997424e+00 -1.028516171519785075e+03
2.581249999999997602e+00 -1.005480322225440545e+03
2.591666666666664121e+00 -9.978017057939855476e+02
2.604166666666663854e+00 -9.862837811468027667e+02
2.614583333333330817e+00 -9.824444729310752109e+02
2.627083333333330106e+00 -9.939623975782579919e+02
2.637499999999997069e+00 -1.005480322225440545e+03
2.647916666666664032e+00 -1.009319630441168101e+03
2.660416666666663321e+00 -1.020837555088350882e+03
2.670833333333330284e+00 -1.005480322225440545e+03
2.683333333333330017e+00 -1.001641014009713103e+03
2.693749999999996536e+00 -9.862837811468027667e+02
2.706249999999996714e+00 -9.670872400681857926e+02
2.716666666666663232e+00 -9.632479318524582368e+02
2.729166666666662966e+00 -9.632479318524582368e+02
2.739583333333329929e+00 -9.747658564996410178e+02
2.752083333333329662e+00 -9.978017057939855476e+02
2.762499999999996181e+00 -1.009319630441168101e+03
2.772916666666663144e+00 -1.024676863304078324e+03
2.785416666666662433e+00 -1.009319630441168101e+03
2.795833333333329396e+00 -1.005480322225440545e+03
2.808333333333329129e+00 -9.862837811468027667e+02
2.818749999999995648e+00 -9.747658564996410178e+02
2.831249999999996270e+00 -9.862837811468027667e+02
2.841666666666662344e+00 -9.824444729310752109e+02
2.854166666666662522e+00 -9.978017057939855476e+02
2.864583333333329040e+00 -1.016998246872623213e+03
2.877083333333328774e+00 -1.028516171519785075e+03
2.887499999999995737e+00 -1.028516171519785075e+03
2.897916666666662255e+00 -1.009319630441168101e+03
2.910416666666661989e+00 -9.939623975782579919e+02
2.920833333333328508e+00 -9.824444729310752109e+02
2.933333333333328685e+00 -9.709265482839134620e+02
2.943749999999995204e+00 -9.670872400681857926e+02
2.956249999999995381e+00 -9.594086236367306810e+02
2.966666666666661900e+00 -9.824444729310752109e+02
2.979166666666661634e+00 -9.978017057939855476e+02
2.989583333333328596e+00 -1.001641014009713103e+03
3.012500000000000178e+00 -9.939623975782579919e+02
3.022916666666666696e+00 -9.824444729310752109e+02
3.035416666666666874e+00 -9.594086236367306810e+02
3.045833333333333393e+00 -9.478906989895481274e+02
3.058333333333333570e+00 -9.555693154210033526e+02
3.068750000000000089e+00 -9.786051647153685735e+02
3.081250000000000266e+00 -9.939623975782579919e+02
3.091666666666666785e+00 -9.939623975782579919e+02
3.104166666666666963e+00 -9.939623975782579919e+02
3.114583333333333481e+00 -9.978017057939855476e+02
3.125000000000000000e+00 -9.862837811468027667e+02
3.137500000000000178e+00 -9.670872400681857926e+02
3.147916666666666696e+00 -9.709265482839134620e+02
3.160416666666666430e+00 -9.594086236367306810e+02
3.170833333333333393e+00 -9.594086236367306810e+02
3.183333333333333126e+00 -9.862837811468027667e+02
3.193749999999999645e+00 -9.901230893625303224e+02
3.206249999999999378e+00 -1.009319630441168101e+03
3.216666666666666341e+00 -1.001641014009713103e+03
3.229166666666666075e+00 -1.001641014009713103e+03
3.239583333333332593e+00 -1.001641014009713103e+03
3.252083333333332327e+00 -9.786051647153685735e+02
3.262499999999999289e+00 -9.862837811468027667e+02
3.272916666666665808e+00 -9.747658564996410178e+02
3.285416666666665542e+00 -9.824444729310752109e+02
3.295833333333332504e+00 -9.862837811468027667e+02
3.308333333333332238e+00 -9.824444729310752109e+02
3.318749999999998757e+00 -1.001641014009713103e+03
3.331249999999998490e+00 -9.939623975782579919e+02
3.341666666666665453e+00 -9.862837811468027667e+02
3.354166666666665630e+00 -9.709265482839134620e+02
3.364583333333331705e+00 -9.632479318524582368e+02
3.377083333333331883e+00 -9.594086236367306810e+02
3.387499999999998401e+00 -9.670872400681857926e+02
3.397916666666664920e+00 -9.786051647153685735e+02
3.410416666666665098e+00 -9.862837811468027667e+02
3.420833333333331616e+00 -9.901230893625303224e+02
3.433333333333331794e+00 -9.901230893625303224e+02
3.443749999999997868e+00 -9.824444729310752109e+02
3.456249999999998046e+00 -9.824444729310752109e+02
3.466666666666664565e+00 -9.747658564996410178e+02
3.479166666666664742e+00 -9.709265482839134620e+02
3.489583333333331705e+00 -9.786051647153685735e+02
3.502083333333330994e+00 -9.824444729310752109e+02
3.512499999999997957e+00 -9.978017057939855476e+02
3.522916666666664476e+00 -1.001641014009713103e+03
3.535416666666664209e+00 -9.939623975782579919e+02
3.545833333333331172e+00 -9.862837811468027667e+02
3.558333333333330906e+00 -9.670872400681857926e+02
3.568749999999997424e+00 -9.594086236367306810e+02
3.581249999999997602e+00 -9.478906989895481274e+02
3.591666666666664121e+00 -9.517300072052755695e+02
3.604166666666663854e+00 -9.594086236367306810e+02
3.614583333333330817e+00 -9.670872400681857926e+02
3.627083333333330106e+00 -9.709265482839134620e+02
3.637499999999997069e+00 -9.747658564996410178e+02
3.647916666666664032e+00 -9.747658564996410178e+02
3.660416666666663321e+00 -9.747658564996410178e+02
3.670833333333330284e+00 -9.709265482839134620e+02
3.683333333333330017e+00 -9.709265482839134620e+02
3.693749999999996536e+00 -9.632479318524582368e+02
3.706249999999996714e+00 -9.862837811468027667e+02
3.716666666666663232e+00 -9.901230893625303224e+02
3.729166666666662966e+00 -1.009319630441168101e+03
3.739583333333329929e+00 -1.013158938656895657e+03
3.752083333333329662e+00 -1.013158938656895657e+03
3.762499999999996181e+00 -1.001641014009713103e+03
3.772916666666663144e+00 -9.978017057939855476e+02
3.785416666666662433e+00 -9.824444729310752109e+02
3.795833333333329396e+00 -9.670872400681857926e+02
3.808333333333329573e+00 -9.594086236367306810e+02
3.818749999999995648e+00 -9.594086236367306810e+02
3.831249999999996270e+00 -9.632479318524582368e+02
3.841666666666662344e+00 -9.786051647153685735e+02
3.854166666666662522e+00 -9.747658564996410178e+02
3.864583333333329040e+00 -9.709265482839134620e+02
3.877083333333328774e+00 -9.594086236367306810e+02
3.887499999999995737e+00 -9.555693154210033526e+02
3.897916666666662255e+00 -9.478906989895481274e+02
3.910416666666661989e+00 -9.555693154210033526e+02
3.920833333333328063e+00 -9.632479318524582368e+02
3.933333333333328685e+00 -9.786051647153685735e+02
3.943749999999995204e+00 -9.939623975782579919e+02
3.956249999999995381e+00 -1.013158938656895657e+03
3.966666666666661900e+00 -1.009319630441168101e+03
3.979166666666662078e+00 -1.013158938656895657e+03
3.989583333333328596e+00 -9.939623975782579919e+02
4.012500000000000178e+00 -9.786051647153685735e+02
4.022916666666667140e+00 -9.709265482839134620e+02
4.035416666666667318e+00 -9.709265482839134620e+02
4.045833333333333393e+00 -9.709265482839134620e+02
4.058333333333332682e+00 -9.862837811468027667e+02
4.068750000000000533e+00 -9.824444729310752109e+02
4.081249999999999822e+00 -9.786051647153685735e+02
4.091666666666666785e+00 -9.709265482839134620e+02
4.104166666666666963e+00 -9.594086236367306810e+02
4.114583333333333925e+00 -9.478906989895481274e+02
4.125000000000000000e+00 -9.440513907738205717e+02
4.137499999999999289e+00 -9.440513907738205717e+02
4.147916666666667140e+00 -9.594086236367306810e+02
4.160416666666666430e+00 -9.862837811468027667e+02
4.170833333333332504e+00 -1.001641014009713103e+03
4.183333333333333570e+00 -1.020837555088350882e+03
4.193749999999999645e+00 -1.024676863304078324e+03
4.206249999999999822e+00 -1.009319630441168101e+03
4.216666666666665897e+00 -1.001641014009713103e+03
4.229166666666666075e+00 -9.978017057939855476e+02
4.239583333333333037e+00 -9.901230893625303224e+02
4.252083333333332327e+00 -9.901230893625303224e+02
4.262499999999999289e+00 -9.939623975782579919e+02
4.272916666666666252e+00 -1.005480322225440545e+03
4.285416666666665542e+00 -1.005480322225440545e+03
4.295833333333332504e+00 -9.978017057939855476e+02
4.308333333333332682e+00 -9.862837811468027667e+02
4.318749999999998757e+00 -9.709265482839134620e+02
4.331249999999998934e+00 -9.517300072052755695e+02
4.341666666666665897e+00 -9.440513907738205717e+02
4.354166666666665186e+00 -9.517300072052755695e+02
4.364583333333332149e+00 -9.594086236367306810e+02
4.377083333333331439e+00 -9.786051647153685735e+02
4.387499999999998401e+00 -9.824444729310752109e+02
4.397916666666665364e+00 -9.901230893625303224e+02
4.410416666666664653e+00 -9.978017057939855476e+02
4.420833333333331616e+00 -9.939623975782579919e+02
4.433333333333331794e+00 -9.939623975782579919e+02
4.443749999999997868e+00 -9.824444729310752109e+02
4.456249999999998046e+00 -9.786051647153685735e+02
4.466666666666665009e+00 -9.901230893625303224e+02
4.479166666666664298e+00 -9.939623975782579919e+02
4.489583333333331261e+00 -1.009319630441168101e+03
4.502083333333331439e+00 -1.013158938656895657e+03
4.512499999999997513e+00 -1.009319630441168101e+03
4.522916666666664476e+00 -1.009319630441168101e+03
4.535416666666663765e+00 -9.978017057939855476e+02
4.545833333333330728e+00 -9.786051647153685735e+02
4.558333333333330906e+00 -9.709265482839134620e+02
4.568749999999996980e+00 -9.632479318524582368e+02
4.581249999999998046e+00 -9.709265482839134620e+02
4.591666666666664121e+00 -9.670872400681857926e+02
4.604166666666664298e+00 -9.747658564996410178e+02
4.614583333333330373e+00 -9.862837811468027667e+02
4.627083333333330550e+00 -9.786051647153685735e+02
4.637499999999997513e+00 -9.786051647153685735e+02
4.647916666666663588e+00 -9.709265482839134620e+02
4.660416666666663765e+00 -9.670872400681857926e+02
4.670833333333330728e+00 -9.594086236367306810e+02
4.683333333333330017e+00 -9.709265482839134620e+02
4.693749999999996092e+00 -9.747658564996410178e+02
4.706249999999997158e+00 -9.901230893625303224e+02
4.716666666666663232e+00 -9.824444729310752109e+02
4.729166666666662522e+00 -9.939623975782579919e+02
4.739583333333330373e+00 -9.862837811468027667e+02
4.752083333333329662e+00 -9.824444729310752109e+02
4.762499999999995737e+00 -9.709265482839134620e+02
4.772916666666663588e+00 -9.709265482839134620e+02
4.785416666666662877e+00 -9.670872400681857926e+02
4.795833333333328952e+00 -9.670872400681857926e+02
4.808333333333329129e+00 -9.786051647153685735e+02
4.818749999999996092e+00 -9.939623975782579919e+02
4.831249999999996270e+00 -9.939623975782579919e+02
4.841666666666662344e+00 -9.939623975782579919e+02
4.854166666666662522e+00 -9.939623975782579919e+02
4.864583333333329485e+00 -9.786051647153685735e+02
4.877083333333328774e+00 -9.670872400681857926e+02
4.887499999999995737e+00 -9.670872400681857926e+02
4.897916666666662699e+00 -9.709265482839134620e+02
4.910416666666661989e+00 -9.824444729310752109e+02
4.920833333333328952e+00 -9.786051647153685735e+02
4.933333333333328241e+00 -9.786051647153685735e+02
4.943749999999995204e+00 -9.786051647153685735e+02
4.956249999999995381e+00 -9.747658564996410178e+02
4.966666666666661456e+00 -9.747658564996410178e+02
4.979166666666661634e+00 -9.517300072052755695e+02
4.989583333333328596e+00 -9.517300072052755695e+02
5.012500000000000178e+00 -9.670872400681857926e+02
5.022916666666667140e+00 -9.786051647153685735e+02
5.035416666666667318e+00 -9.901230893625303224e+02
5.045833333333333393e+00 -9.901230893625303224e+02
5.058333333333332682e+00 -9.939623975782579919e+02
5.068750000000000533e+00 -9.939623975782579919e+02
5.081249999999999822e+00 -9.824444729310752109e+02
5.091666666666666785e+00 -9.747658564996410178e+02
5.104166666666666963e+00 -9.747658564996410178e+02
5.114583333333333925e+00 -9.901230893625303224e+02
5.125000000000000000e+00 -9.862837811468027667e+02
5.137499999999999289e+00 -9.978017057939855476e+02
5.147916666666667140e+00 -1.005480322225440545e+03
5.160416666666666430e+00 -1.001641014009713103e+03
5.170833333333332504e+00 -9.978017057939855476e+02
5.183333333333333570e+00 -9.824444729310752109e+02
5.193749999999999645e+00 -9.709265482839134620e+02
5.206249999999999822e+00 -9.594086236367306810e+02
5.216666666666665897e+00 -9.594086236367306810e+02
5.229166666666666075e+00 -9.632479318524582368e+02
5.239583333333333037e+00 -9.747658564996410178e+02
5.252083333333332327e+00 -9.901230893625303224e+02
5.262499999999999289e+00 -9.978017057939855476e+02
5.272916666666666252e+00 -1.001641014009713103e+03
5.285416666666665542e+00 -9.978017057939855476e+02
5.295833333333332504e+00 -9.978017057939855476e+02
5.308333333333332682e+00 -9.901230893625303224e+02
5.318749999999998757e+00 -9.901230893625303224e+02
5.331249999999998934e+00 -9.901230893625303224e+02
5.341666666666665897e+00 -1.001641014009713103e+03
5.354166666666665186e+00 -1.020837555088350882e+03
5.364583333333332149e+00 -1.020837555088350882e+03
5.377083333333331439e+00 -1.016998246872623213e+03
5.387499999999998401e+00 -1.016998246872623213e+03
5.397916666666665364e+00 -1.001641014009713103e+03
5.410416666666664653e+00 -9.901230893625303224e+02
5.420833333333331616e+00 -9.786051647153685735e+02
5.433333333333331794e+00 -9.747658564996410178e+02
5.443749999999997868e+00 -9.747658564996410178e+02
5.456249999999998046e+00 -9.824444729310752109e+02
5.466666666666665009e+00 -9.824444729310752109e+02
5.479166666666664298e+00 -9.901230893625303224e+02
5.489583333333331261e+00 -9.978017057939855476e+02
5.502083333333331439e+00 -1.001641014009713103e+03
5.512499999999998401e+00 -9.901230893625303224e+02
5.522916666666664476e+00 -9.786051647153685735e+02
5.535416666666663765e+00 -9.670872400681857926e+02
5.545833333333331616e+00 -9.709265482839134620e+02
5.558333333333330906e+00 -9.862837811468027667e+02
5.568749999999996980e+00 -9.978017057939855476e+02
5.581249999999998046e+00 -1.009319630441168101e+03
5.591666666666664121e+00 -1.013158938656895657e+03
5.604166666666663410e+00 -1.013158938656895657e+03
5.614583333333330373e+00 -1.005480322225440545e+03
5.627083333333330550e+00 -9.939623975782579919e+02
5.637499999999996625e+00 -9.824444729310752109e+02
5.647916666666663588e+00 -9.709265482839134620e+02
5.660416666666663765e+00 -9.632479318524582368e+02
5.670833333333329840e+00 -9.670872400681857926e+02
5.683333333333330017e+00 -9.786051647153685735e+02
5.693749999999996980e+00 -9.901230893625303224e+02
5.706249999999997158e+00 -9.824444729310752109e+02
5.716666666666663232e+00 -9.862837811468027667e+02
5.729166666666663410e+00 -9.747658564996410178e+02
5.739583333333330373e+00 -9.632479318524582368e+02
5.752083333333329662e+00 -9.709265482839134620e+02
5.762499999999996625e+00 -9.632479318524582368e+02
5.772916666666663588e+00 -9.862837811468027667e+02
5.785416666666662877e+00 -9.824444729310752109e+02
5.795833333333329840e+00 -9.939623975782579919e+02
5.808333333333329129e+00 -1.005480322225440545e+03
5.818749999999996092e+00 -1.013158938656895657e+03
5.831249999999996270e+00 -9.939623975782579919e+02
5.841666666666662344e+00 -9.901230893625303224e+02
5.854166666666661634e+00 -9.862837811468027667e+02
5.864583333333329485e+00 -9.786051647153685735e+02
5.877083333333328774e+00 -9.747658564996410178e+02
5.887499999999994849e+00 -9.901230893625303224e+02
5.897916666666662699e+00 -9.824444729310752109e+02
5.910416666666661989e+00 -9.901230893625303224e+02
5.920833333333328063e+00 -9.862837811468027667e+02
5.933333333333328241e+00 -9.786051647153685735e+02
5.943749999999995204e+00 -9.709265482839134620e+02
5.956249999999995381e+00 -9.594086236367306810e+02
5.966666666666661456e+00 -9.517300072052755695e+02
5.979166666666662522e+00 -9.594086236367306810e+02
5.989583333333328596e+00 -9.670872400681857926e+02
6.012500000000000178e+00 -9.862837811468027667e+02
6.022916666666667140e+00 -9.824444729310752109e+02
6.035416666666667318e+00 -9.862837811468027667e+02
6.045833333333333393e+00 -9.824444729310752109e+02
6.058333333333332682e+00 -9.824444729310752109e+02
6.068750000000000533e+00 -9.824444729310752109e+02
6.081249999999999822e+00 -9.824444729310752109e+02
6.091666666666666785e+00 -9.747658564996410178e+02
6.104166666666666963e+00 -9.824444729310752109e+02
6.114583333333333925e+00 -9.978017057939855476e+02
6.125000000000000000e+00 -1.001641014009713103e+03
6.137499999999999289e+00 -9.978017057939855476e+02
6.147916666666667140e+00 -9.978017057939855476e+02
6.160416666666666430e+00 -9.862837811468027667e+02
6.170833333333332504e+00 -9.824444729310752109e+02
6.183333333333333570e+00 -9.747658564996410178e+02
6.193749999999999645e+00 -9.709265482839134620e+02
6.206249999999999822e+00 -9.862837811468027667e+02
6.216666666666666785e+00 -9.862837811468027667e+02
6.229166666666666075e+00 -9.862837811468027667e+02
6.239583333333333037e+00 -9.978017057939855476e+02
6.252083333333332327e+00 -9.747658564996410178e+02
6.262499999999999289e+00 -9.747658564996410178e+02
6.272916666666666252e+00 -9.594086236367306810e+02
6.285416666666665542e+00 -9.594086236367306810e+02
6.295833333333332504e+00 -9.594086236367306810e+02
6.308333333333332682e+00 -9.594086236367306810e+02
6.318749999999998757e+00 -9.555693154210033526e+02
6.331249999999998934e+00 -9.747658564996410178e+02
6.341666666666665897e+00 -9.824444729310752109e+02
6.354166666666665186e+00 -9.824444729310752109e+02
6.364583333333332149e+00 -9.862837811468027667e+02
6.377083333333331439e+00 -9.632479318524582368e+02
6.387499999999998401e+00 -9.670872400681857926e+02
6.397916666666665364e+00 -9.632479318524582368e+02
6.410416666666664653e+00 -9.670872400681857926e+02
6.420833333333331616e+00 -9.670872400681857926e+02
6.433333333333331794e+00 -9.824444729310752109e+02
6.443749999999997868e+00 -9.978017057939855476e+02
6.456249999999998046e+00 -9.862837811468027667e+02
6.466666666666665009e+00 -9.862837811468027667e+02
6.479166666666664298e+00 -9.786051647153685735e+02
6.489583333333331261e+00 -9.709265482839134620e+02
6.502083333333331439e+00 -9.632479318524582368e+02
6.512499999999997513e+00 -9.594086236367306810e+02
6.522916666666664476e+00 -9.555693154210033526e+02
6.535416666666663765e+00 -9.632479318524582368e+02
6.545833333333330728e+00 -9.670872400681857926e+02
6.558333333333330906e+00 -9.786051647153685735e+02
6.568749999999996980e+00 -9.747658564996410178e+02
6.581249999999998046e+00 -9.786051647153685735e+02
6.591666666666664121e+00 -9.747658564996410178e+02
6.604166666666664298e+00 -9.517300072052755695e+02
6.614583333333331261e+00 -9.594086236367306810e+02
6.627083333333330550e+00 -9.555693154210033526e+02
6.637499999999997513e+00 -9.670872400681857926e+02
6.647916666666663588e+00 -9.786051647153685735e+02
6.660416666666663765e+00 -9.824444729310752109e+02
6.670833333333330728e+00 -9.747658564996410178e+02
6.683333333333330017e+00 -9.786051647153685735e+02
6.693749999999996980e+00 -9.786051647153685735e+02
6.706249999999997158e+00 -9.709265482839134620e+02
6.716666666666663232e+00 -9.555693154210033526e+02
6.729166666666662522e+00 -9.478906989895481274e+02
6.739583333333330373e+00 -9.594086236367306810e+02
6.752083333333329662e+00 -9.517300072052755695e+02
6.762499999999995737e+00 -9.594086236367306810e+02
6.772916666666663588e+00 -9.709265482839134620e+02
6.785416666666662877e+00 -9.786051647153685735e+02
6.795833333333328952e+00 -9.709265482839134620e+02
6.808333333333329129e+00 -9.594086236367306810e+02
6.818749999999996092e+00 -9.594086236367306810e+02
6.831249999999996270e+00 -9.478906989895481274e+02
6.841666666666662344e+00 -9.478906989895481274e+02
6.854166666666662522e+00 -9.594086236367306810e+02
6.864583333333329485e+00 -9.670872400681857926e+02
6.877083333333328774e+00 -9.709265482839134620e+02
6.887499999999995737e+00 -9.824444729310752109e+02
6.897916666666662699e+00 -9.824444729310752109e+02
6.910416666666661989e+00 -9.786051647153685735e+02
6.920833333333328952e+00 -9.747658564996410178e+02
6.933333333333328241e+00 -9.670872400681857926e+02
6.943749999999995204e+00 -9.555693154210033526e+02
6.956249999999995381e+00 -9.517300072052755695e+02
6.966666666666661456e+00 -9.594086236367306810e+02
6.979166666666661634e+00 -9.594086236367306810e+02
6.989583333333328596e+00 -9.709265482839134620e+02
7.012500000000000178e+00 -9.786051647153685735e+02
7.022916666666667140e+00 -9.632479318524582368e+02
7.035416666666667318e+00 -9.709265482839134620e+02
7.045833333333333393e+00 -9.555693154210033526e+02
7.058333333333333570e+00 -9.402120825580930159e+02
7.068750000000000533e+00 -9.594086236367306810e+02
7.081249999999999822e+00 -9.709265482839134620e+02
7.091666666666666785e+00 -9.747658564996410178e+02
7.104166666666666963e+00 -9.786051647153685735e+02
7.114583333333333925e+00 -9.939623975782579919e+02
7.125000000000000000e+00 -9.901230893625303224e+02
7.137500000000000178e+00 -9.824444729310752109e+02
7.147916666666667140e+00 -9.747658564996410178e+02
7.160416666666666430e+00 -9.709265482839134620e+02
7.170833333333332504e+00 -9.632479318524582368e+02
7.183333333333333570e+00 -9.747658564996410178e+02
7.193749999999999645e+00 -9.824444729310752109e+02
7.206249999999999822e+00 -9.901230893625303224e+02
7.216666666666666785e+00 -1.001641014009713103e+03
7.229166666666666075e+00 -9.939623975782579919e+02
7.239583333333333037e+00 -9.901230893625303224e+02
7.252083333333332327e+00 -9.901230893625303224e+02
7.262499999999999289e+00 -9.786051647153685735e+02
7.272916666666666252e+00 -9.670872400681857926e+02
7.285416666666665542e+00 -9.824444729310752109e+02
7.295833333333332504e+00 -9.824444729310752109e+02
7.308333333333332682e+00 -9.862837811468027667e+02
7.318749999999998757e+00 -9.824444729310752109e+02
7.331249999999998934e+00 -9.939623975782579919e+02
7.341666666666665897e+00 -1.001641014009713103e+03
7.354166666666665186e+00 -9.978017057939855476e+02
7.364583333333332149e+00 -9.786051647153685735e+02
7.377083333333331439e+00 -9.786051647153685735e+02
7.387499999999998401e+00 -9.747658564996410178e+02
7.397916666666665364e+00 -9.747658564996410178e+02
7.410416666666664653e+00 -9.901230893625303224e+02
7.420833333333331616e+00 -9.939623975782579919e+02
7.433333333333331794e+00 -9.901230893625303224e+02
7.443749999999997868e+00 -9.939623975782579919e+02
7.456249999999998046e+00 -1.001641014009713103e+03
7.466666666666665009e+00 -9.824444729310752109e+02
7.479166666666664298e+00 -9.824444729310752109e+02
7.489583333333331261e+00 -9.901230893625303224e+02
7.502083333333331439e+00 -9.862837811468027667e+02
7.512499999999998401e+00 -9.939623975782579919e+02
7.522916666666664476e+00 -1.001641014009713103e+03
7.535416666666664653e+00 -1.001641014009713103e+03
7.545833333333331616e+00 -1.001641014009713103e+03
7.558333333333330906e+00 -9.978017057939855476e+02
7.568749999999996980e+00 -9.824444729310752109e+02
7.581249999999998046e+00 -9.786051647153685735e+02
7.591666666666664121e+00 -9.747658564996410178e+02
7.604166666666663410e+00 -9.709265482839134620e+02
7.614583333333331261e+00 -9.747658564996410178e+02
7.627083333333330550e+00 -9.824444729310752109e+02
7.637499999999996625e+00 -9.824444729310752109e+02
7.647916666666663588e+00 -9.939623975782579919e+02
7.660416666666663765e+00 -9.824444729310752109e+02
7.670833333333329840e+00 -9.747658564996410178e+02
7.683333333333330017e+00 -9.709265482839134620e+02
7.693749999999996980e+00 -9.670872400681857926e+02
7.706249999999997158e+00 -9.786051647153685735e+02
7.716666666666663232e+00 -9.824444729310752109e+02
7.729166666666663410e+00 -9.824444729310752109e+02
7.739583333333330373e+00 -9.901230893625303224e+02
7.752083333333329662e+00 -9.901230893625303224e+02
7.762499999999996625e+00 -1.005480322225440545e+03
7.772916666666663588e+00 -9.939623975782579919e+02
7.785416666666662877e+00 -9.901230893625303224e+02
7.795833333333329840e+00 -9.862837811468027667e+02
7.808333333333329129e+00 -9.786051647153685735e+02
7.818749999999996092e+00 -9.747658564996410178e+02
7.831249999999996270e+00 -9.862837811468027667e+02
7.841666666666663232e+00 -9.901230893625303224e+02
7.854166666666662522e+00 -9.978017057939855476e+02
7.864583333333329485e+00 -9.901230893625303224e+02
7.877083333333329662e+00 -9.824444729310752109e+02
7.887499999999994849e+00 -9.901230893625303224e+02
7.897916666666662699e+00 -9.632479318524582368e+02
7.910416666666662877e+00 -9.670872400681857926e+02
7.920833333333328063e+00 -9.517300072052755695e+02
7.933333333333329129e+00 -9.670872400681857926e+02
7.943749999999996092e+00 -9.632479318524582368e+02
7.956249999999994493e+00 -9.747658564996410178e+02
7.966666666666661456e+00 -9.862837811468027667e+02
7.979166666666662522e+00 -9.824444729310752109e+02
7.989583333333327708e+00 -9.824444729310752109e+02
8.012500000000001066e+00 -9.709265482839134620e+02
8.022916666666665364e+00 -9.747658564996410178e+02
8.035416666666666430e+00 -9.670872400681857926e+02
8.045833333333334281e+00 -9.747658564996410178e+02
8.058333333333333570e+00 -9.786051647153685735e+02
8.068749999999999645e+00 -9.862837811468027667e+02
8.081250000000000711e+00 -9.901230893625303224e+02
8.091666666666666785e+00 -9.939623975782579919e+02
8.104166666666667851e+00 -9.901230893625303224e+02
8.114583333333332149e+00 -9.862837811468027667e+02
8.125000000000000000e+00 -9.709265482839134620e+02
8.137500000000001066e+00 -9.670872400681857926e+02
8.147916666666665364e+00 -9.747658564996410178e+02
8.160416666666666430e+00 -9.786051647153685735e+02
8.170833333333334281e+00 -9.939623975782579919e+02
8.183333333333331794e+00 -9.901230893625303224e+02
8.193749999999999645e+00 -9.901230893625303224e+02
8.206250000000000711e+00 -9.862837811468027667e+02
8.216666666666665009e+00 -9.786051647153685735e+02
8.229166666666666075e+00 -9.747658564996410178e+02
8.239583333333333925e+00 -9.670872400681857926e+02
8.252083333333333215e+00 -9.594086236367306810e+02
8.262499999999999289e+00 -9.632479318524582368e+02
8.272916666666667140e+00 -9.709265482839134620e+02
8.285416666666666430e+00 -9.786051647153685735e+02
8.295833333333332504e+00 -9.747658564996410178e+02
8.308333333333331794e+00 -9.747658564996410178e+02
8.318749999999999645e+00 -9.747658564996410178e+02
8.331249999999998934e+00 -9.747658564996410178e+02
8.341666666666665009e+00 -9.709265482839134620e+02
8.354166666666666075e+00 -9.709265482839134620e+02
8.364583333333332149e+00 -9.862837811468027667e+02
8.377083333333331439e+00 -9.747658564996410178e+02
8.387499999999999289e+00 -9.824444729310752109e+02
8.397916666666665364e+00 -9.978017057939855476e+02
8.410416666666664653e+00 -9.824444729310752109e+02
8.420833333333332504e+00 -9.939623975782579919e+02
8.433333333333330017e+00 -9.939623975782579919e+02
8.443749999999997868e+00 -9.786051647153685735e+02
8.456249999999998934e+00 -9.594086236367306810e+02
8.466666666666663232e+00 -9.632479318524582368e+02
8.479166666666664298e+00 -9.594086236367306810e+02
8.489583333333332149e+00 -9.709265482839134620e+02
8.502083333333331439e+00 -9.632479318524582368e+02
8.512499999999997513e+00 -9.747658564996410178e+02
8.522916666666665364e+00 -9.747658564996410178e+02
8.535416666666664653e+00 -9.670872400681857926e+02
8.545833333333330728e+00 -9.670872400681857926e+02
8.558333333333331794e+00 -9.747658564996410178e+02
8.568749999999997868e+00 -9.709265482839134620e+02
8.581249999999997158e+00 -9.632479318524582368e+02
8.591666666666665009e+00 -9.786051647153685735e+02
8.604166666666664298e+00 -9.901230893625303224e+02
8.614583333333330373e+00 -9.978017057939855476e+02
8.627083333333329662e+00 -9.939623975782579919e+02
8.637499999999997513e+00 -9.939623975782579919e+02
8.647916666666663588e+00 -9.901230893625303224e+02
8.660416666666662877e+00 -9.862837811468027667e+02
8.670833333333330728e+00 -9.786051647153685735e+02
8.683333333333331794e+00 -9.670872400681857926e+02
8.693749999999996092e+00 -9.632479318524582368e+02
8.706249999999997158e+00 -9.786051647153685735e+02
8.716666666666665009e+00 -9.594086236367306810e+02
8.729166666666662522e+00 -9.670872400681857926e+02
8.739583333333330373e+00 -9.632479318524582368e+02
8.752083333333329662e+00 -9.594086236367306810e+02
8.762499999999995737e+00 -9.517300072052755695e+02
8.772916666666663588e+00 -9.363727743423654601e+02
8.785416666666662877e+00 -9.517300072052755695e+02
8.795833333333328952e+00 -9.517300072052755695e+02
8.808333333333330017e+00 -9.555693154210033526e+02
8.818749999999996092e+00 -9.632479318524582368e+02
8.831249999999995381e+00 -9.786051647153685735e+02
8.841666666666663232e+00 -9.824444729310752109e+02
8.854166666666662522e+00 -9.862837811468027667e+02
8.864583333333328596e+00 -9.901230893625303224e+02
8.877083333333329662e+00 -9.786051647153685735e+02
8.887499999999995737e+00 -9.709265482839134620e+02
8.897916666666661811e+00 -9.786051647153685735e+02
8.910416666666661101e+00 -9.786051647153685735e+02
8.920833333333328952e+00 -9.747658564996410178e+02
8.933333333333328241e+00 -9.786051647153685735e+02
8.943749999999994316e+00 -9.709265482839134620e+02
8.956249999999995381e+00 -9.747658564996410178e+02
8.966666666666661456e+00 -9.555693154210033526e+02
8.979166666666660745e+00 -9.478906989895481274e+02
8.989583333333328596e+00 -9.402120825580930159e+02
9.012500000000001066e+00 -9.363727743423654601e+02
9.022916666666667140e+00 -9.517300072052755695e+02
9.035416666666666430e+00 -9.478906989895481274e+02
9.045833333333334281e+00 -9.594086236367306810e+02
9.058333333333335347e+00 -9.747658564996410178e+02
9.068749999999999645e+00 -9.670872400681857926e+02
9.081250000000000711e+00 -9.747658564996410178e+02
9.091666666666668561e+00 -9.709265482839134620e+02
9.104166666666667851e+00 -9.747658564996410178e+02
9.114583333333333925e+00 -9.709265482839134620e+02
9.125000000000001776e+00 -9.709265482839134620e+02
9.137500000000001066e+00 -9.709265482839134620e+02
9.147916666666667140e+00 -9.670872400681857926e+02
9.160416666666668206e+00 -9.709265482839134620e+02
9.170833333333334281e+00 -9.747658564996410178e+02
9.183333333333333570e+00 -9.594086236367306810e+02
9.193750000000001421e+00 -9.555693154210033526e+02
9.206250000000000711e+00 -9.402120825580930159e+02
9.216666666666666785e+00 -9.286941579109311533e+02
9.229166666666666075e+00 -9.325334661266588228e+02
9.239583333333333925e+00 -9.286941579109311533e+02
9.252083333333334991e+00 -9.402120825580930159e+02
9.262499999999999289e+00 -9.440513907738205717e+02
9.272916666666667140e+00 -9.517300072052755695e+02
9.285416666666668206e+00 -9.440513907738205717e+02
9.295833333333332504e+00 -9.555693154210033526e+02
9.308333333333333570e+00 -9.517300072052755695e+02
9.318750000000001421e+00 -9.478906989895481274e+02
9.331249999999998934e+00 -9.517300072052755695e+02
9.341666666666666785e+00 -9.478906989895481274e+02
9.354166666666666075e+00 -9.594086236367306810e+02
9.364583333333332149e+00 -9.632479318524582368e+02
9.377083333333333215e+00 -9.632479318524582368e+02
9.387499999999999289e+00 -9.709265482839134620e+02
9.397916666666665364e+00 -9.594086236367306810e+02
9.410416666666666430e+00 -9.517300072052755695e+02
9.420833333333332504e+00 -9.440513907738205717e+02
9.433333333333331794e+00 -9.286941579109311533e+02
9.443749999999999645e+00 -9.286941579109311533e+02
9.456249999999998934e+00 -9.325334661266588228e+02
9.466666666666665009e+00 -9.325334661266588228e+02
9.479166666666666075e+00 -9.325334661266588228e+02
9.489583333333332149e+00 -9.440513907738205717e+02
9.502083333333333215e+00 -9.402120825580930159e+02
9.512499999999997513e+00 -9.517300072052755695e+02
9.522916666666665364e+00 -9.440513907738205717e+02
9.535416666666666430e+00 -9.325334661266588228e+02
9.545833333333330728e+00 -9.248548496952035975e+02
9.558333333333331794e+00 -9.440513907738205717e+02
9.568749999999999645e+00 -9.478906989895481274e+02
9.581249999999997158e+00 -9.517300072052755695e+02
9.591666666666665009e+00 -9.440513907738205717e+02
9.604166666666666075e+00 -9.555693154210033526e+02
9.614583333333330373e+00 -9.478906989895481274e+02
9.627083333333331439e+00 -9.478906989895481274e+02
9.637499999999999289e+00 -9.402120825580930159e+02
9.647916666666663588e+00 -9.325334661266588228e+02
9.660416666666664653e+00 -9.248548496952035975e+02
9.670833333333332504e+00 -9.325334661266588228e+02
9.683333333333331794e+00 -9.402120825580930159e+02
9.693749999999997868e+00 -9.440513907738205717e+02
9.706249999999997158e+00 -9.363727743423654601e+02
9.716666666666665009e+00 -9.478906989895481274e+02
9.729166666666664298e+00 -9.440513907738205717e+02
9.739583333333330373e+00 -9.363727743423654601e+02
9.752083333333331439e+00 -9.325334661266588228e+02
9.762499999999997513e+00 -9.363727743423654601e+02
9.772916666666663588e+00 -9.402120825580930159e+02
9.785416666666664653e+00 -9.440513907738205717e+02
9.795833333333330728e+00 -9.478906989895481274e+02
9.808333333333330017e+00 -9.478906989895481274e+02
9.818749999999997868e+00 -9.555693154210033526e+02
9.831249999999995381e+00 -9.555693154210033526e+02
9.841666666666663232e+00 -9.632479318524582368e+02
9.854166666666664298e+00 -9.478906989895481274e+02
9.864583333333328596e+00 -9.286941579109311533e+02
9.877083333333329662e+00 -9.325334661266588228e+02
9.887499999999997513e+00 -9.325334661266588228e+02
9.897916666666661811e+00 -9.363727743423654601e+02
9.910416666666662877e+00 -9.363727743423654601e+02
9.920833333333330728e+00 -9.363727743423654601e+02
9.933333333333328241e+00 -9.402120825580930159e+02
9.943749999999996092e+00 -9.363727743423654601e+02
9.956249999999997158e+00 -9.286941579109311533e+02
9.966666666666661456e+00 -9.248548496952035975e+02
9.979166666666662522e+00 -9.248548496952035975e+02
9.989583333333328596e+00 -9.286941579109311533e+02
1.001250000000000107e+01 -9.402120825580930159e+02
1.002291666666666536e+01 -9.440513907738205717e+02
1.003541666666666643e+01 -9.440513907738205717e+02
1.004583333333333428e+01 -9.517300072052755695e+02
1.005833333333333357e+01 -9.440513907738205717e+02
1.006874999999999964e+01 -9.363727743423654601e+02
1.008125000000000071e+01 -9.325334661266588228e+02
1.009166666666666679e+01 -9.210155414794761555e+02
1.010416666666666785e+01 -9.171762332637484860e+02
1.011458333333333393e+01 -9.248548496952035975e+02
1.012500000000000000e+01 -9.248548496952035975e+02
1.013750000000000107e+01 -9.248548496952035975e+02
1.014791666666666536e+01 -9.248548496952035975e+02
1.016041666666666643e+01 -9.171762332637484860e+02
1.017083333333333428e+01 -9.210155414794761555e+02
1.018333333333333179e+01 -9.056583086165659324e+02
1.019374999999999964e+01 -9.056583086165659324e+02
1.020625000000000071e+01 -9.018190004008382630e+02
1.021666666666666501e+01 -9.018190004008382630e+02
1.022916666666666607e+01 -9.133369250480209303e+02
1.023958333333333393e+01 -9.171762332637484860e+02
1.025208333333333321e+01 -9.210155414794761555e+02
1.026249999999999929e+01 -9.248548496952035975e+02
1.027291666666666714e+01 -9.133369250480209303e+02
1.028541666666666643e+01 -9.056583086165659324e+02
1.029583333333333250e+01 -9.056583086165659324e+02
1.030833333333333179e+01 -9.018190004008382630e+02
1.031874999999999964e+01 -9.133369250480209303e+02
1.033124999999999893e+01 -9.094976168322933745e+02
1.034166666666666501e+01 -9.133369250480209303e+02
1.035416666666666607e+01 -9.133369250480209303e+02
1.036458333333333215e+01 -9.133369250480209303e+02
1.037708333333333144e+01 -8.979796921851107072e+02
1.038749999999999929e+01 -8.941403839693831515e+02
1.039791666666666536e+01 -8.903010757536557094e+02
1.041041666666666465e+01 -8.864617675379489583e+02
1.042083333333333250e+01 -8.864617675379489583e+02
1.043333333333333179e+01 -8.864617675379489583e+02
1.044374999999999787e+01 -8.864617675379489583e+02
1.045624999999999893e+01 -9.018190004008382630e+02
1.046666666666666323e+01 -9.018190004008382630e+02
1.047916666666666430e+01 -9.056583086165659324e+02
1.048958333333333215e+01 -8.979796921851107072e+02
1.050208333333333144e+01 -9.094976168322933745e+02
1.051249999999999751e+01 -8.979796921851107072e+02
1.052291666666666536e+01 -8.941403839693831515e+02
1.053541666666666465e+01 -9.056583086165659324e+02
1.054583333333333073e+01 -9.018190004008382630e+02
1.055833333333333179e+01 -9.133369250480209303e+02
1.056874999999999787e+01 -9.210155414794761555e+02
1.058124999999999716e+01 -9.133369250480209303e+02
1.059166666666666501e+01 -9.056583086165659324e+02
1.060416666666666430e+01 -9.018190004008382630e+02
1.061458333333333037e+01 -8.979796921851107072e+02
1.062708333333332966e+01 -8.903010757536557094e+02
1.063749999999999751e+01 -8.903010757536557094e+02
1.064791666666666359e+01 -8.864617675379489583e+02
1.066041666666666288e+01 -8.903010757536557094e+02
1.067083333333333073e+01 -8.941403839693831515e+02
1.068333333333333002e+01 -8.864617675379489583e+02
1.069374999999999609e+01 -8.941403839693831515e+02
1.070624999999999716e+01 -8.826224593222214025e+02
1.071666666666666323e+01 -8.787831511064937331e+02
1.072916666666666252e+01 -8.826224593222214025e+02
1.073958333333333037e+01 -8.749438428907662910e+02
1.075208333333332966e+01 -8.826224593222214025e+02
1.076249999999999574e+01 -8.979796921851107072e+02
1.077291666666666359e+01 -9.056583086165659324e+02
1.078541666666666288e+01 -9.094976168322933745e+02
1.079583333333332895e+01 -9.056583086165659324e+02
1.080833333333333002e+01 -9.171762332637484860e+02
1.081874999999999609e+01 -9.094976168322933745e+02
1.083124999999999538e+01 -9.018190004008382630e+02
1.084166666666666323e+01 -9.018190004008382630e+02
1.085416666666666252e+01 -9.056583086165659324e+02
1.086458333333332860e+01 -9.018190004008382630e+02
1.087708333333332966e+01 -8.979796921851107072e+02
1.088749999999999574e+01 -9.056583086165659324e+02
1.089791666666666181e+01 -9.018190004008382630e+02
1.091041666666666288e+01 -8.979796921851107072e+02
1.092083333333332895e+01 -8.903010757536557094e+02
1.093333333333333002e+01 -8.903010757536557094e+02
1.094374999999999432e+01 -8.634259182435836237e+02
1.095624999999999538e+01 -8.787831511064937331e+02
1.096666666666666323e+01 -8.749438428907662910e+02
1.097916666666666075e+01 -8.672652264593111795e+02
1.098958333333332860e+01 -8.903010757536557094e+02
1.101249999999999929e+01 -9.056583086165659324e+02
1.102291666666666536e+01 -9.094976168322933745e+02
1.103541666666666643e+01 -8.979796921851107072e+02
1.104583333333333250e+01 -9.018190004008382630e+02
1.105833333333333357e+01 -8.941403839693831515e+02
1.106874999999999787e+01 -8.941403839693831515e+02
1.108124999999999893e+01 -8.979796921851107072e+02
1.109166666666666679e+01 -9.056583086165659324e+02
1.110416666666666607e+01 -9.056583086165659324e+02
1.111458333333333215e+01 -9.056583086165659324e+02
1.112500000000000000e+01 -8.979796921851107072e+02
1.113749999999999929e+01 -8.941403839693831515e+02
1.114791666666666536e+01 -8.864617675379489583e+02
1.116041666666666643e+01 -8.787831511064937331e+02
1.117083333333333250e+01 -8.672652264593111795e+02
1.118333333333333179e+01 -8.595866100278560680e+02
1.119374999999999964e+01 -8.672652264593111795e+02
1.120624999999999893e+01 -8.634259182435836237e+02
1.121666666666666501e+01 -8.634259182435836237e+02
1.122916666666666430e+01 -8.826224593222214025e+02
1.123958333333333215e+01 -8.903010757536557094e+02
1.125208333333333321e+01 -8.749438428907662910e+02
1.126249999999999751e+01 -8.787831511064937331e+02
1.127291666666666536e+01 -8.826224593222214025e+02
1.128541666666666643e+01 -8.787831511064937331e+02
1.129583333333333073e+01 -8.903010757536557094e+02
1.130833333333333179e+01 -8.826224593222214025e+02
1.131874999999999964e+01 -8.903010757536557094e+02
1.133124999999999716e+01 -8.979796921851107072e+02
1.134166666666666501e+01 -8.979796921851107072e+02
1.135416666666666430e+01 -9.056583086165659324e+02
1.136458333333333037e+01 -8.903010757536557094e+02
1.137708333333333144e+01 -8.864617675379489583e+02
1.138749999999999751e+01 -8.864617675379489583e+02
1.139791666666666359e+01 -8.787831511064937331e+02
1.141041666666666465e+01 -8.826224593222214025e+02
1.142083333333333073e+01 -8.787831511064937331e+02
1.143333333333333002e+01 -8.787831511064937331e+02
1.144374999999999787e+01 -8.826224593222214025e+02
1.145624999999999716e+01 -8.749438428907662910e+02
1.146666666666666323e+01 -8.634259182435836237e+02
1.147916666666666430e+01 -8.672652264593111795e+02
1.148958333333333037e+01 -8.595866100278560680e+02
1.150208333333333144e+01 -8.711045346750387353e+02
1.151249999999999751e+01 -8.672652264593111795e+02
1.152291666666666359e+01 -8.595866100278560680e+02
1.153541666666666465e+01 -8.826224593222214025e+02
1.154583333333332895e+01 -8.864617675379489583e+02
1.155833333333333002e+01 -8.903010757536557094e+02
1.156874999999999787e+01 -8.826224593222214025e+02
1.158124999999999538e+01 -8.864617675379489583e+02
1.159166666666666323e+01 -8.749438428907662910e+02
1.160416666666666430e+01 -8.672652264593111795e+02
1.161458333333332860e+01 -8.711045346750387353e+02
1.162708333333332966e+01 -8.826224593222214025e+02
1.163749999999999751e+01 -8.787831511064937331e+02
1.164791666666666181e+01 -8.826224593222214025e+02
1.166041666666666288e+01 -8.787831511064937331e+02
1.167083333333333073e+01 -8.903010757536557094e+02
1.168333333333333002e+01 -8.787831511064937331e+02
1.169374999999999609e+01 -8.749438428907662910e+02
1.170624999999999538e+01 -8.672652264593111795e+02
1.171666666666666323e+01 -8.711045346750387353e+02
1.172916666666666252e+01 -8.595866100278560680e+02
1.173958333333332860e+01 -8.711045346750387353e+02
1.175208333333332966e+01 -8.672652264593111795e+02
1.176249999999999574e+01 -8.826224593222214025e+02
1.177291666666666181e+01 -8.672652264593111795e+02
1.178541666666666288e+01 -8.711045346750387353e+02
1.179583333333332895e+01 -8.711045346750387353e+02
1.180833333333332824e+01 -8.749438428907662910e+02
1.181874999999999609e+01 -8.672652264593111795e+02
1.183124999999999538e+01 -8.672652264593111795e+02
1.184166666666666146e+01 -8.634259182435836237e+02
1.185416666666666252e+01 -8.826224593222214025e+02
1.186458333333332682e+01 -8.864617675379489583e+02
1.187708333333332789e+01 -8.941403839693831515e+02
1.188749999999999574e+01 -8.864617675379489583e+02
1.189791666666666003e+01 -8.826224593222214025e+02
1.191041666666666110e+01 -8.864617675379489583e+02
1.192083333333332895e+01 -8.672652264593111795e+02
1.193333333333332646e+01 -8.749438428907662910e+02
1.194374999999999432e+01 -8.711045346750387353e+02
1.195624999999999538e+01 -8.672652264593111795e+02
1.196666666666665968e+01 -8.749438428907662910e+02
1.197916666666666075e+01 -8.826224593222214025e+02
1.198958333333332860e+01 -8.787831511064937331e+02
1.201250000000000107e+01 -8.595866100278560680e+02
1.202291666666666536e+01 -8.672652264593111795e+02
1.203541666666666643e+01 -8.595866100278560680e+02
1.204583333333333428e+01 -8.480686853806734007e+02
1.205833333333333357e+01 -8.634259182435836237e+02
1.206874999999999964e+01 -8.672652264593111795e+02
1.208125000000000071e+01 -8.749438428907662910e+02
1.209166666666666679e+01 -8.826224593222214025e+02
1.210416666666666785e+01 -8.903010757536557094e+02
1.211458333333333393e+01 -8.826224593222214025e+02
1.212500000000000000e+01 -8.864617675379489583e+02
1.213750000000000107e+01 -8.864617675379489583e+02
1.214791666666666536e+01 -8.749438428907662910e+02
1.216041666666666643e+01 -8.979796921851107072e+02
1.217083333333333428e+01 -8.979796921851107072e+02
1.218333333333333179e+01 -9.056583086165659324e+02
1.219374999999999964e+01 -8.979796921851107072e+02
1.220625000000000071e+01 -9.133369250480209303e+02
1.221666666666666501e+01 -8.979796921851107072e+02
1.222916666666666607e+01 -8.864617675379489583e+02
1.223958333333333393e+01 -8.826224593222214025e+02
1.225208333333333321e+01 -8.711045346750387353e+02
1.226249999999999929e+01 -8.826224593222214025e+02
1.227291666666666714e+01 -8.672652264593111795e+02
1.228541666666666643e+01 -8.749438428907662910e+02
1.229583333333333250e+01 -8.711045346750387353e+02
1.230833333333333179e+01 -8.826224593222214025e+02
1.231874999999999964e+01 -8.903010757536557094e+02
1.233124999999999893e+01 -8.903010757536557094e+02
1.234166666666666501e+01 -8.903010757536557094e+02
1.235416666666666607e+01 -8.787831511064937331e+02
1.236458333333333215e+01 -8.826224593222214025e+02
1.237708333333333144e+01 -8.826224593222214025e+02
1.238749999999999929e+01 -8.787831511064937331e+02
1.239791666666666536e+01 -9.056583086165659324e+02
1.241041666666666465e+01 -9.018190004008382630e+02
1.242083333333333250e+01 -8.979796921851107072e+02
1.243333333333333179e+01 -8.979796921851107072e+02
1.244374999999999787e+01 -8.979796921851107072e+02
1.245624999999999893e+01 -8.864617675379489583e+02
1.246666666666666323e+01 -8.864617675379489583e+02
1.247916666666666430e+01 -8.787831511064937331e+02
1.248958333333333215e+01 -8.749438428907662910e+02
1.250208333333333144e+01 -8.787831511064937331e+02
1.251249999999999751e+01 -8.749438428907662910e+02
1.252291666666666536e+01 -8.749438428907662910e+02
1.253541666666666465e+01 -8.787831511064937331e+02
1.254583333333333073e+01 -8.787831511064937331e+02
1.255833333333333179e+01 -8.787831511064937331e+02
1.256874999999999787e+01 -8.749438428907662910e+02
1.258124999999999716e+01 -8.749438428907662910e+02
1.259166666666666501e+01 -8.787831511064937331e+02
1.260416666666666430e+01 -8.711045346750387353e+02
1.261458333333333037e+01 -8.826224593222214025e+02
1.262708333333332966e+01 -8.903010757536557094e+02
1.263749999999999751e+01 -8.941403839693831515e+02
1.264791666666666359e+01 -8.903010757536557094e+02
1.266041666666666288e+01 -9.018190004008382630e+02
1.267083333333333073e+01 -8.864617675379489583e+02
1.268333333333333179e+01 -8.826224593222214025e+02
1.269374999999999609e+01 -8.749438428907662910e+02
1.270624999999999716e+01 -8.787831511064937331e+02
1.271666666666666501e+01 -8.903010757536557094e+02
1.272916666666666252e+01 -8.864617675379489583e+02
1.273958333333333037e+01 -8.826224593222214025e+02
1.275208333333333144e+01 -8.864617675379489583e+02
1.276249999999999574e+01 -8.864617675379489583e+02
1.277291666666666359e+01 -8.711045346750387353e+02
1.278541666666666288e+01 -8.749438428907662910e+02
1.279583333333332895e+01 -8.749438428907662910e+02
1.280833333333333002e+01 -8.749438428907662910e+02
1.281874999999999609e+01 -8.711045346750387353e+02
1.283124999999999538e+01 -8.826224593222214025e+02
1.284166666666666323e+01 -8.787831511064937331e+02
1.285416666666666252e+01 -8.749438428907662910e+02
1.286458333333332860e+01 -8.826224593222214025e+02
1.287708333333332966e+01 -8.864617675379489583e+02
1.288749999999999574e+01 -8.672652264593111795e+02
1.289791666666666181e+01 -8.749438428907662910e+02
1.291041666666666288e+01 -8.749438428907662910e+02
1.292083333333332895e+01 -8.826224593222214025e+02
1.293333333333332824e+01 -8.787831511064937331e+02
1.294374999999999432e+01 -8.787831511064937331e+02
1.295624999999999538e+01 -8.903010757536557094e+02
1.296666666666666146e+01 -8.787831511064937331e+02
1.297916666666666075e+01 -8.864617675379489583e+02
1.298958333333332860e+01 -8.787831511064937331e+02
1.301250000000000107e+01 -8.749438428907662910e+02
1.302291666666666714e+01 -8.749438428907662910e+02
1.303541666666666821e+01 -8.711045346750387353e+02
1.304583333333333428e+01 -8.826224593222214025e+02
1.305833333333333535e+01 -8.787831511064937331e+02
1.306874999999999964e+01 -8.787831511064937331e+02
1.308125000000000071e+01 -8.749438428907662910e+02
1.309166666666666856e+01 -8.826224593222214025e+02
1.310416666666666785e+01 -8.826224593222214025e+02
1.311458333333333393e+01 -8.672652264593111795e+02
1.312500000000000178e+01 -8.672652264593111795e+02
1.313750000000000107e+01 -8.634259182435836237e+02
1.314791666666666714e+01 -8.749438428907662910e+02
1.316041666666666821e+01 -8.787831511064937331e+02
1.317083333333333428e+01 -8.941403839693831515e+02
1.318333333333333357e+01 -8.826224593222214025e+02
1.319375000000000142e+01 -8.864617675379489583e+02
1.320625000000000071e+01 -8.787831511064937331e+02
1.321666666666666679e+01 -8.749438428907662910e+02
1.322916666666666607e+01 -8.787831511064937331e+02
1.323958333333333393e+01 -8.749438428907662910e+02
1.325208333333333499e+01 -8.826224593222214025e+02
1.326249999999999929e+01 -8.864617675379489583e+02
1.327291666666666714e+01 -8.941403839693831515e+02
1.328541666666666821e+01 -8.979796921851107072e+02
1.329583333333333250e+01 -8.903010757536557094e+02
1.330833333333333357e+01 -8.826224593222214025e+02
1.331875000000000142e+01 -8.903010757536557094e+02
1.333124999999999893e+01 -8.711045346750387353e+02
1.334166666666666679e+01 -8.749438428907662910e+02
1.335416666666666785e+01 -8.749438428907662910e+02
1.336458333333333215e+01 -8.672652264593111795e+02
1.337708333333333321e+01 -8.749438428907662910e+02
1.338749999999999929e+01 -8.749438428907662910e+02
1.339791666666666536e+01 -8.787831511064937331e+02
1.341041666666666643e+01 -8.672652264593111795e+02
1.342083333333333250e+01 -8.787831511064937331e+02
1.343333333333333179e+01 -8.595866100278560680e+02
1.344374999999999964e+01 -8.711045346750387353e+02
1.345624999999999893e+01 -8.672652264593111795e+02
1.346666666666666501e+01 -8.711045346750387353e+02
1.347916666666666607e+01 -8.711045346750387353e+02
1.348958333333333215e+01 -8.864617675379489583e+02
1.350208333333333321e+01 -8.826224593222214025e+02
1.351249999999999929e+01 -8.826224593222214025e+02
1.352291666666666536e+01 -8.826224593222214025e+02
1.353541666666666643e+01 -8.749438428907662910e+02
1.354583333333333073e+01 -8.826224593222214025e+02
1.355833333333333179e+01 -8.749438428907662910e+02
1.356874999999999964e+01 -8.595866100278560680e+02
1.358124999999999716e+01 -8.711045346750387353e+02
1.359166666666666501e+01 -8.749438428907662910e+02
1.360416666666666607e+01 -8.749438428907662910e+02
1.361458333333333037e+01 -8.672652264593111795e+02
1.362708333333333144e+01 -8.787831511064937331e+02
1.363749999999999929e+01 -8.595866100278560680e+02
1.364791666666666359e+01 -8.595866100278560680e+02
1.366041666666666465e+01 -8.557473018121285122e+02
1.367083333333333250e+01 -8.519079935964009564e+02
1.368333333333333179e+01 -8.634259182435836237e+02
1.369374999999999787e+01 -8.711045346750387353e+02
1.370624999999999716e+01 -8.711045346750387353e+02
1.371666666666666501e+01 -8.711045346750387353e+02
1.372916666666666430e+01 -8.826224593222214025e+02
1.373958333333333037e+01 -8.749438428907662910e+02
1.375208333333333144e+01 -8.711045346750387353e+02
1.376249999999999751e+01 -8.826224593222214025e+02
1.377291666666666359e+01 -8.826224593222214025e+02
1.378541666666666465e+01 -8.787831511064937331e+02
1.379583333333333073e+01 -8.787831511064937331e+02
1.380833333333333002e+01 -8.711045346750387353e+02
1.381874999999999787e+01 -8.864617675379489583e+02
1.383124999999999716e+01 -8.826224593222214025e+02
1.384166666666666323e+01 -8.826224593222214025e+02
1.385416666666666430e+01 -8.711045346750387353e+02
1.386458333333332860e+01 -8.672652264593111795e+02
1.387708333333332966e+01 -8.634259182435836237e+02
1.388749999999999751e+01 -8.595866100278560680e+02
1.389791666666666181e+01 -8.557473018121285122e+02
1.391041666666666288e+01 -8.557473018121285122e+02
1.392083333333333073e+01 -8.557473018121285122e+02
1.393333333333332824e+01 -8.634259182435836237e+02
1.394374999999999609e+01 -8.711045346750387353e+02
1.395624999999999716e+01 -8.672652264593111795e+02
1.396666666666666146e+01 -8.672652264593111795e+02
1.397916666666666252e+01 -8.557473018121285122e+02
1.398958333333333037e+01 -8.672652264593111795e+02
1.401250000000000107e+01 -8.749438428907662910e+02
1.402291666666666536e+01 -8.826224593222214025e+02
1.403541666666666643e+01 -8.787831511064937331e+02
1.404583333333333428e+01 -8.826224593222214025e+02
1.405833333333333357e+01 -8.711045346750387353e+02
1.406874999999999964e+01 -8.711045346750387353e+02
1.408125000000000071e+01 -8.711045346750387353e+02
1.409166666666666679e+01 -8.711045346750387353e+02
1.410416666666666785e+01 -8.634259182435836237e+02
1.411458333333333393e+01 -8.634259182435836237e+02
1.412500000000000000e+01 -8.634259182435836237e+02
1.413750000000000107e+01 -8.634259182435836237e+02
1.414791666666666714e+01 -8.672652264593111795e+02
1.416041666666666643e+01 -8.557473018121285122e+02
1.417083333333333428e+01 -8.557473018121285122e+02
1.418333333333333179e+01 -8.557473018121285122e+02
1.419374999999999964e+01 -8.480686853806734007e+02
1.420625000000000071e+01 -8.480686853806734007e+02
1.421666666666666501e+01 -8.519079935964009564e+02
1.422916666666666607e+01 -8.595866100278560680e+02
1.423958333333333393e+01 -8.595866100278560680e+02
1.425208333333333321e+01 -8.749438428907662910e+02
1.426249999999999929e+01 -8.711045346750387353e+02
1.427291666666666714e+01 -8.672652264593111795e+02
1.428541666666666643e+01 -8.634259182435836237e+02
1.429583333333333250e+01 -8.634259182435836237e+02
1.430833333333333179e+01 -8.557473018121285122e+02
1.431874999999999964e+01 -8.557473018121285122e+02
1.433124999999999893e+01 -8.557473018121285122e+02
1.434166666666666501e+01 -8.595866100278560680e+02
1.435416666666666607e+01 -8.595866100278560680e+02
1.436458333333333215e+01 -8.557473018121285122e+02
1.437708333333333144e+01 -8.634259182435836237e+02
1.438749999999999929e+01 -8.480686853806734007e+02
1.439791666666666536e+01 -8.403900689492390939e+02
1.441041666666666465e+01 -8.442293771649458449e+02
1.442083333333333250e+01 -8.327114525177840960e+02
1.443333333333333179e+01 -8.327114525177840960e+02
1.444374999999999787e+01 -8.442293771649458449e+02
1.445624999999999893e+01 -8.480686853806734007e+02
1.446666666666666501e+01 -8.519079935964009564e+02
1.447916666666666430e+01 -8.672652264593111795e+02
1.448958333333333215e+01 -8.595866100278560680e+02
1.450208333333333144e+01 -8.557473018121285122e+02
1.451249999999999751e+01 -8.519079935964009564e+02
1.452291666666666536e+01 -8.519079935964009564e+02
1.453541666666666465e+01 -8.480686853806734007e+02
1.454583333333333073e+01 -8.519079935964009564e+02
1.455833333333333179e+01 -8.595866100278560680e+02
1.456874999999999787e+01 -8.634259182435836237e+02
1.458124999999999716e+01 -8.634259182435836237e+02
1.459166666666666501e+01 -8.634259182435836237e+02
1.460416666666666430e+01 -8.595866100278560680e+02
1.461458333333333037e+01 -8.480686853806734007e+02
1.462708333333332966e+01 -8.365507607335115381e+02
1.463749999999999751e+01 -8.327114525177840960e+02
1.464791666666666359e+01 -8.442293771649458449e+02
1.466041666666666288e+01 -8.442293771649458449e+02
1.467083333333333073e+01 -8.403900689492390939e+02
1.468333333333333002e+01 -8.519079935964009564e+02
1.469374999999999609e+01 -8.519079935964009564e+02
1.470624999999999716e+01 -8.519079935964009564e+02
1.471666666666666323e+01 -8.403900689492390939e+02
1.472916666666666252e+01 -8.519079935964009564e+02
1.473958333333333037e+01 -8.365507607335115381e+02
1.475208333333333144e+01 -8.403900689492390939e+02
1.476249999999999574e+01 -8.327114525177840960e+02
1.477291666666666359e+01 -8.327114525177840960e+02
1.478541666666666288e+01 -8.519079935964009564e+02
1.479583333333332895e+01 -8.480686853806734007e+02
1.480833333333333002e+01 -8.519079935964009564e+02
1.481874999999999609e+01 -8.403900689492390939e+02
1.483124999999999538e+01 -8.480686853806734007e+02
1.484166666666666323e+01 -8.403900689492390939e+02
1.485416666666666252e+01 -8.403900689492390939e+02
1.486458333333332860e+01 -8.327114525177840960e+02
1.487708333333332966e+01 -8.480686853806734007e+02
1.488749999999999574e+01 -8.519079935964009564e+02
1.489791666666666181e+01 -8.557473018121285122e+02
1.491041666666666288e+01 -8.557473018121285122e+02
1.492083333333332895e+01 -8.557473018121285122e+02
1.493333333333333002e+01 -8.480686853806734007e+02
1.494374999999999609e+01 -8.557473018121285122e+02
1.495624999999999538e+01 -8.557473018121285122e+02
1.496666666666666323e+01 -8.480686853806734007e+02
1.497916666666666075e+01 -8.442293771649458449e+02
1.498958333333332860e+01 -8.519079935964009564e+02
1.501249999999999929e+01 -8.480686853806734007e+02
1.502291666666666536e+01 -8.519079935964009564e+02
1.503541666666666643e+01 -8.365507607335115381e+02
1.504583333333333250e+01 -8.403900689492390939e+02
1.505833333333333357e+01 -8.327114525177840960e+02
1.506874999999999964e+01 -8.365507607335115381e+02
1.508124999999999893e+01 -8.365507607335115381e+02
1.509166666666666679e+01 -8.365507607335115381e+02
1.510416666666666607e+01 -8.403900689492390939e+02
1.511458333333333215e+01 -8.519079935964009564e+02
1.512500000000000000e+01 -8.557473018121285122e+02
1.513749999999999929e+01 -8.595866100278560680e+02
1.514791666666666536e+01 -8.634259182435836237e+02
1.516041666666666643e+01 -8.672652264593111795e+02
1.517083333333333250e+01 -8.557473018121285122e+02
1.518333333333333179e+01 -8.711045346750387353e+02
1.519374999999999964e+01 -8.595866100278560680e+02
1.520624999999999893e+01 -8.672652264593111795e+02
1.521666666666666501e+01 -8.672652264593111795e+02
1.522916666666666430e+01 -8.672652264593111795e+02
1.523958333333333215e+01 -8.557473018121285122e+02
1.525208333333333321e+01 -8.557473018121285122e+02
1.526249999999999751e+01 -8.519079935964009564e+02
1.527291666666666536e+01 -8.365507607335115381e+02
1.528541666666666643e+01 -8.403900689492390939e+02
1.529583333333333073e+01 -8.327114525177840960e+02
1.530833333333333179e+01 -8.327114525177840960e+02
1.531874999999999964e+01 -8.327114525177840960e+02
1.533124999999999716e+01 -8.442293771649458449e+02
1.534166666666666501e+01 -8.519079935964009564e+02
1.535416666666666607e+01 -8.403900689492390939e+02
1.536458333333333037e+01 -8.557473018121285122e+02
1.537708333333333144e+01 -8.519079935964009564e+02
1.538749999999999929e+01 -8.595866100278560680e+02
1.539791666666666359e+01 -8.595866100278560680e+02
1.541041666666666465e+01 -8.634259182435836237e+02
1.542083333333333073e+01 -8.672652264593111795e+02
1.543333333333333002e+01 -8.634259182435836237e+02
1.544374999999999787e+01 -8.634259182435836237e+02
1.545624999999999716e+01 -8.749438428907662910e+02
1.546666666666666323e+01 -8.711045346750387353e+02
1.547916666666666430e+01 -8.634259182435836237e+02
1.548958333333333037e+01 -8.519079935964009564e+02
1.550208333333333144e+01 -8.365507607335115381e+02
1.551249999999999751e+01 -8.288721443020564266e+02
1.552291666666666359e+01 -8.211935278706013150e+02
1.553541666666666465e+01 -8.288721443020564266e+02
1.554583333333333073e+01 -8.211935278706013150e+02
1.555833333333333002e+01 -8.288721443020564266e+02
1.556874999999999787e+01 -8.327114525177840960e+02
1.558124999999999538e+01 -8.327114525177840960e+02
1.559166666666666323e+01 -8.403900689492390939e+02
1.560416666666666430e+01 -8.327114525177840960e+02
1.561458333333332860e+01 -8.403900689492390939e+02
1.562708333333332966e+01 -8.480686853806734007e+02
1.563749999999999574e+01 -8.519079935964009564e+02
1.564791666666666359e+01 -8.595866100278560680e+02
1.566041666666666288e+01 -8.711045346750387353e+02
1.567083333333332895e+01 -8.557473018121285122e+02
1.568333333333333002e+01 -8.711045346750387353e+02
1.569374999999999609e+01 -8.711045346750387353e+02
1.570624999999999538e+01 -8.595866100278560680e+02
1.571666666666666323e+01 -8.557473018121285122e+02
1.572916666666666252e+01 -8.480686853806734007e+02
1.573958333333332682e+01 -8.403900689492390939e+02
1.575208333333332966e+01 -8.442293771649458449e+02
1.576249999999999574e+01 -8.365507607335115381e+02
1.577291666666666003e+01 -8.365507607335115381e+02
1.578541666666666288e+01 -8.288721443020564266e+02
1.579583333333332895e+01 -8.327114525177840960e+02
1.580833333333332646e+01 -8.288721443020564266e+02
1.581874999999999609e+01 -8.327114525177840960e+02
1.583124999999999538e+01 -8.365507607335115381e+02
1.584166666666666323e+01 -8.365507607335115381e+02
1.585416666666666252e+01 -8.365507607335115381e+02
1.586458333333332860e+01 -8.480686853806734007e+02
1.587708333333332966e+01 -8.595866100278560680e+02
1.588749999999999574e+01 -8.595866100278560680e+02
1.589791666666666003e+01 -8.634259182435836237e+02
1.591041666666666288e+01 -8.595866100278560680e+02
1.592083333333332895e+01 -8.557473018121285122e+02
1.593333333333332646e+01 -8.519079935964009564e+02
1.594374999999999609e+01 -8.595866100278560680e+02
1.595624999999999538e+01 -8.519079935964009564e+02
1.596666666666665968e+01 -8.480686853806734007e+02
1.597916666666666252e+01 -8.519079935964009564e+02
1.598958333333332860e+01 -8.403900689492390939e+02
1.601249999999999929e+01 -8.327114525177840960e+02
1.602291666666666714e+01 -8.327114525177840960e+02
1.603541666666666643e+01 -8.288721443020564266e+02
1.604583333333333073e+01 -8.211935278706013150e+02
1.605833333333333357e+01 -8.173542196548738730e+02
1.606875000000000142e+01 -8.327114525177840960e+02
1.608125000000000071e+01 -8.327114525177840960e+02
1.609166666666666856e+01 -8.403900689492390939e+02
1.610416666666666430e+01 -8.519079935964009564e+02
1.611458333333333570e+01 -8.480686853806734007e+02
1.612500000000000000e+01 -8.442293771649458449e+02
1.613749999999999929e+01 -8.519079935964009564e+02
1.614791666666666714e+01 -8.519079935964009564e+02
1.616041666666666643e+01 -8.519079935964009564e+02
1.617083333333333073e+01 -8.519079935964009564e+02
1.618333333333333357e+01 -8.442293771649458449e+02
1.619375000000000142e+01 -8.519079935964009564e+02
1.620624999999999716e+01 -8.480686853806734007e+02
1.621666666666666856e+01 -8.519079935964009564e+02
1.622916666666666430e+01 -8.519079935964009564e+02
1.623958333333333215e+01 -8.480686853806734007e+02
1.625208333333333499e+01 -8.327114525177840960e+02
1.626249999999999929e+01 -8.327114525177840960e+02
1.627291666666666359e+01 -8.327114525177840960e+02
1.628541666666666643e+01 -8.327114525177840960e+02
1.629583333333333073e+01 -8.327114525177840960e+02
1.630833333333333002e+01 -8.403900689492390939e+02
1.631875000000000142e+01 -8.442293771649458449e+02
1.633124999999999716e+01 -8.480686853806734007e+02
1.634166666666666501e+01 -8.403900689492390939e+02
1.635416666666666785e+01 -8.327114525177840960e+02
1.636458333333333215e+01 -8.442293771649458449e+02
1.637708333333333499e+01 -8.365507607335115381e+02
1.638749999999999929e+01 -8.327114525177840960e+02
1.639791666666666359e+01 -8.327114525177840960e+02
1.641041666666666643e+01 -8.519079935964009564e+02
1.642083333333333073e+01 -8.442293771649458449e+02
1.643333333333333002e+01 -8.442293771649458449e+02
1.644375000000000142e+01 -8.442293771649458449e+02
1.645624999999999716e+01 -8.442293771649458449e+02
1.646666666666666501e+01 -8.365507607335115381e+02
1.647916666666666785e+01 -8.327114525177840960e+02
1.648958333333333215e+01 -8.403900689492390939e+02
1.650208333333333144e+01 -8.327114525177840960e+02
1.651249999999999929e+01 -8.365507607335115381e+02
1.652291666666666359e+01 -8.480686853806734007e+02
1.653541666666666288e+01 -8.519079935964009564e+02
1.654583333333333428e+01 -8.557473018121285122e+02
1.655833333333333002e+01 -8.442293771649458449e+02
1.656874999999999787e+01 -8.480686853806734007e+02
1.658124999999999716e+01 -8.365507607335115381e+02
1.659166666666666501e+01 -8.519079935964009564e+02
1.660416666666666430e+01 -8.403900689492390939e+02
1.661458333333333215e+01 -8.480686853806734007e+02
1.662708333333333144e+01 -8.480686853806734007e+02
1.663749999999999574e+01 -8.442293771649458449e+02
1.664791666666666359e+01 -8.442293771649458449e+02
1.666041666666666288e+01 -8.365507607335115381e+02
1.667083333333333073e+01 -8.365507607335115381e+02
1.668333333333333002e+01 -8.327114525177840960e+02
1.669374999999999787e+01 -8.365507607335115381e+02
1.670624999999999716e+01 -8.250328360863288708e+02
1.671666666666666501e+01 -8.403900689492390939e+02
1.672916666666666430e+01 -8.288721443020564266e+02
1.673958333333332860e+01 -8.442293771649458449e+02
1.675208333333333144e+01 -8.480686853806734007e+02
1.676249999999999574e+01 -8.327114525177840960e+02
1.677291666666666003e+01 -8.403900689492390939e+02
1.678541666666666288e+01 -8.403900689492390939e+02
1.679583333333333073e+01 -8.480686853806734007e+02
1.680833333333332646e+01 -8.403900689492390939e+02
1.681874999999999787e+01 -8.327114525177840960e+02
1.683124999999999716e+01 -8.327114525177840960e+02
1.684166666666666501e+01 -8.403900689492390939e+02
1.685416666666666430e+01 -8.365507607335115381e+02
1.686458333333332860e+01 -8.327114525177840960e+02
1.687708333333333144e+01 -8.365507607335115381e+02
1.688749999999999574e+01 -8.288721443020564266e+02
1.689791666666666003e+01 -8.211935278706013150e+02
1.691041666666666288e+01 -8.250328360863288708e+02
1.692083333333333073e+01 -8.327114525177840960e+02
1.693333333333332646e+01 -8.288721443020564266e+02
1.694374999999999787e+01 -8.173542196548738730e+02
1.695624999999999716e+01 -8.403900689492390939e+02
1.696666666666666146e+01 -8.365507607335115381e+02
1.697916666666666430e+01 -8.519079935964009564e+02
1.698958333333332860e+01 -8.480686853806734007e+02
1.701249999999999929e+01 -8.365507607335115381e+02
1.702291666666666714e+01 -8.403900689492390939e+02
1.703541666666666643e+01 -8.403900689492390939e+02
1.704583333333333428e+01 -8.327114525177840960e+02
1.705833333333333357e+01 -8.557473018121285122e+02
1.706875000000000142e+01 -8.403900689492390939e+02
1.708125000000000426e+01 -8.480686853806734007e+02
1.709166666666666856e+01 -8.442293771649458449e+02
1.710416666666666785e+01 -8.288721443020564266e+02
1.711458333333333570e+01 -8.327114525177840960e+02
1.712500000000000000e+01 -8.327114525177840960e+02
1.713749999999999929e+01 -8.250328360863288708e+02
1.714791666666667069e+01 -8.250328360863288708e+02
1.716041666666666643e+01 -8.327114525177840960e+02
1.717083333333333428e+01 -8.327114525177840960e+02
1.718333333333333357e+01 -8.480686853806734007e+02
1.719375000000000142e+01 -8.442293771649458449e+02
1.720625000000000071e+01 -8.519079935964009564e+02
1.721666666666666856e+01 -8.480686853806734007e+02
1.722916666666666785e+01 -8.442293771649458449e+02
1.723958333333333215e+01 -8.557473018121285122e+02
1.725208333333333499e+01 -8.557473018121285122e+02
1.726249999999999929e+01 -8.557473018121285122e+02
1.727291666666666714e+01 -8.595866100278560680e+02
1.728541666666666643e+01 -8.519079935964009564e+02
1.729583333333333428e+01 -8.557473018121285122e+02
1.730833333333333357e+01 -8.557473018121285122e+02
1.731875000000000142e+01 -8.595866100278560680e+02
1.733125000000000071e+01 -8.519079935964009564e+02
1.734166666666666501e+01 -8.480686853806734007e+02
1.735416666666666785e+01 -8.327114525177840960e+02
1.736458333333333215e+01 -8.327114525177840960e+02
1.737708333333333499e+01 -8.327114525177840960e+02
1.738749999999999929e+01 -8.480686853806734007e+02
1.739791666666666714e+01 -8.365507607335115381e+02
1.741041666666666643e+01 -8.403900689492390939e+02
1.742083333333333428e+01 -8.403900689492390939e+02
1.743333333333333357e+01 -8.403900689492390939e+02
1.744375000000000142e+01 -8.288721443020564266e+02
1.745625000000000071e+01 -8.288721443020564266e+02
1.746666666666666501e+01 -8.403900689492390939e+02
1.747916666666666785e+01 -8.403900689492390939e+02
1.748958333333333215e+01 -8.557473018121285122e+02
1.750208333333333144e+01 -8.557473018121285122e+02
1.751249999999999929e+01 -8.480686853806734007e+02
1.752291666666666714e+01 -8.634259182435836237e+02
1.753541666666666288e+01 -8.557473018121285122e+02
1.754583333333333428e+01 -8.595866100278560680e+02
1.755833333333333357e+01 -8.480686853806734007e+02
1.756874999999999787e+01 -8.480686853806734007e+02
1.758125000000000071e+01 -8.327114525177840960e+02
1.759166666666666501e+01 -8.442293771649458449e+02
1.760416666666666430e+01 -8.365507607335115381e+02
1.761458333333333215e+01 -8.442293771649458449e+02
1.762708333333333144e+01 -8.365507607335115381e+02
1.763749999999999574e+01 -8.365507607335115381e+02
1.764791666666666714e+01 -8.250328360863288708e+02
1.766041666666666288e+01 -8.327114525177840960e+02
1.767083333333333073e+01 -8.327114525177840960e+02
1.768333333333333357e+01 -8.250328360863288708e+02
1.769374999999999787e+01 -8.365507607335115381e+02
1.770624999999999716e+01 -8.365507607335115381e+02
1.771666666666666501e+01 -8.365507607335115381e+02
1.772916666666666430e+01 -8.442293771649458449e+02
1.773958333333332860e+01 -8.480686853806734007e+02
1.775208333333333144e+01 -8.557473018121285122e+02
1.776249999999999574e+01 -8.557473018121285122e+02
1.777291666666666359e+01 -8.442293771649458449e+02
1.778541666666666288e+01 -8.480686853806734007e+02
1.779583333333333073e+01 -8.403900689492390939e+02
1.780833333333333002e+01 -8.442293771649458449e+02
1.781874999999999787e+01 -8.557473018121285122e+02
1.783124999999999716e+01 -8.519079935964009564e+02
1.784166666666666501e+01 -8.519079935964009564e+02
1.785416666666666430e+01 -8.442293771649458449e+02
1.786458333333332860e+01 -8.327114525177840960e+02
1.787708333333333144e+01 -8.327114525177840960e+02
1.788749999999999574e+01 -8.327114525177840960e+02
1.789791666666666359e+01 -8.327114525177840960e+02
1.791041666666666643e+01 -8.211935278706013150e+02
1.792083333333333073e+01 -8.250328360863288708e+02
1.793333333333333002e+01 -8.327114525177840960e+02
1.794374999999999787e+01 -8.288721443020564266e+02
1.795624999999999716e+01 -8.365507607335115381e+02
1.796666666666666146e+01 -8.327114525177840960e+02
1.797916666666666430e+01 -8.327114525177840960e+02
1.798958333333332860e+01 -8.365507607335115381e+02
1.801249999999999929e+01 -8.403900689492390939e+02
1.802291666666667069e+01 -8.442293771649458449e+02
1.803541666666666998e+01 -8.403900689492390939e+02
1.804583333333333428e+01 -8.480686853806734007e+02
1.805833333333333712e+01 -8.403900689492390939e+02
1.806875000000000142e+01 -8.442293771649458449e+02
1.808125000000000426e+01 -8.403900689492390939e+02
1.809166666666666856e+01 -8.288721443020564266e+02
1.810416666666666785e+01 -8.250328360863288708e+02
1.811458333333333570e+01 -8.365507607335115381e+02
1.812500000000000355e+01 -8.288721443020564266e+02
1.813749999999999929e+01 -8.365507607335115381e+02
1.814791666666667069e+01 -8.327114525177840960e+02
1.816041666666666998e+01 -8.403900689492390939e+02
1.817083333333333428e+01 -8.327114525177840960e+02
1.818333333333333712e+01 -8.327114525177840960e+02
1.819375000000000142e+01 -8.327114525177840960e+02
1.820625000000000071e+01 -8.250328360863288708e+02
1.821666666666666856e+01 -8.211935278706013150e+02
1.822916666666666785e+01 -8.327114525177840960e+02
1.823958333333333215e+01 -8.250328360863288708e+02
1.825208333333333499e+01 -8.250328360863288708e+02
1.826249999999999929e+01 -8.250328360863288708e+02
1.827291666666666714e+01 -8.250328360863288708e+02
1.828541666666666998e+01 -8.288721443020564266e+02
1.829583333333333428e+01 -8.096756032234186478e+02
1.830833333333333357e+01 -8.096756032234186478e+02
1.831875000000000142e+01 -8.173542196548738730e+02
1.833125000000000071e+01 -8.096756032234186478e+02
1.834166666666666501e+01 -8.096756032234186478e+02
1.835416666666666785e+01 -8.058362950076912057e+02
1.836458333333333215e+01 -8.135149114391462035e+02
1.837708333333333499e+01 -8.211935278706013150e+02
1.838750000000000284e+01 -8.096756032234186478e+02
1.839791666666666714e+01 -8.135149114391462035e+02
1.841041666666666998e+01 -8.058362950076912057e+02
1.842083333333333428e+01 -8.135149114391462035e+02
1.843333333333333357e+01 -8.173542196548738730e+02
1.844375000000000142e+01 -8.096756032234186478e+02
1.845625000000000071e+01 -8.135149114391462035e+02
1.846666666666666501e+01 -8.211935278706013150e+02
1.847916666666666785e+01 -8.211935278706013150e+02
1.848958333333333215e+01 -8.211935278706013150e+02
1.850208333333333144e+01 -8.173542196548738730e+02
1.851250000000000284e+01 -8.211935278706013150e+02
1.852291666666666714e+01 -8.096756032234186478e+02
1.853541666666666643e+01 -8.135149114391462035e+02
1.854583333333333428e+01 -7.943183703605293431e+02
1.855833333333333357e+01 -7.981576785762359805e+02
1.856874999999999787e+01 -8.019969867919636499e+02
1.858125000000000071e+01 -8.096756032234186478e+02
1.859166666666666501e+01 -8.058362950076912057e+02
1.860416666666666430e+01 -8.096756032234186478e+02
1.861458333333333215e+01 -8.096756032234186478e+02
1.862708333333333144e+01 -8.096756032234186478e+02
1.863749999999999929e+01 -8.058362950076912057e+02
1.864791666666666714e+01 -8.096756032234186478e+02
1.866041666666666643e+01 -8.096756032234186478e+02
1.867083333333333073e+01 -8.173542196548738730e+02
1.868333333333333357e+01 -8.250328360863288708e+02
1.869374999999999787e+01 -8.288721443020564266e+02
1.870624999999999716e+01 -8.327114525177840960e+02
1.871666666666666501e+01 -8.288721443020564266e+02
1.872916666666666430e+01 -8.211935278706013150e+02
1.873958333333332860e+01 -8.211935278706013150e+02
1.875208333333333144e+01 -8.135149114391462035e+02
1.876249999999999929e+01 -8.096756032234186478e+02
1.877291666666666359e+01 -8.096756032234186478e+02
1.878541666666666643e+01 -7.981576785762359805e+02
1.879583333333333073e+01 -8.058362950076912057e+02
1.880833333333333002e+01 -8.096756032234186478e+02
1.881874999999999787e+01 -8.019969867919636499e+02
1.883124999999999716e+01 -8.019969867919636499e+02
1.884166666666666501e+01 -7.904790621448017873e+02
1.885416666666666430e+01 -8.019969867919636499e+02
1.886458333333333215e+01 -7.981576785762359805e+02
1.887708333333333144e+01 -8.019969867919636499e+02
1.888749999999999929e+01 -8.058362950076912057e+02
1.889791666666666359e+01 -8.096756032234186478e+02
1.891041666666666643e+01 -8.173542196548738730e+02
1.892083333333333073e+01 -8.250328360863288708e+02
1.893333333333333002e+01 -8.250328360863288708e+02
1.894374999999999787e+01 -8.250328360863288708e+02
1.895624999999999716e+01 -8.288721443020564266e+02
1.896666666666666146e+01 -8.250328360863288708e+02
1.897916666666666430e+01 -8.211935278706013150e+02
1.898958333333333215e+01 -8.135149114391462035e+02
1.901249999999999929e+01 -8.173542196548738730e+02
1.902291666666666714e+01 -8.058362950076912057e+02
1.903541666666666643e+01 -8.019969867919636499e+02
1.904583333333333073e+01 -7.943183703605293431e+02
1.905833333333333357e+01 -8.058362950076912057e+02
1.906874999999999787e+01 -7.866397539290742316e+02
1.908125000000000071e+01 -8.058362950076912057e+02
1.909166666666666501e+01 -8.019969867919636499e+02
1.910416666666666430e+01 -7.943183703605293431e+02
1.911458333333333570e+01 -7.981576785762359805e+02
1.912500000000000000e+01 -8.135149114391462035e+02
1.913749999999999929e+01 -8.135149114391462035e+02
1.914791666666666714e+01 -8.211935278706013150e+02
1.916041666666666643e+01 -8.173542196548738730e+02
1.917083333333333073e+01 -8.327114525177840960e+02
1.918333333333333357e+01 -8.211935278706013150e+02
1.919374999999999787e+01 -8.211935278706013150e+02
1.920624999999999716e+01 -8.250328360863288708e+02
1.921666666666666501e+01 -8.288721443020564266e+02
1.922916666666666430e+01 -8.250328360863288708e+02
1.923958333333333215e+01 -8.327114525177840960e+02
1.925208333333333144e+01 -8.250328360863288708e+02
1.926249999999999929e+01 -8.173542196548738730e+02
1.927291666666666359e+01 -8.058362950076912057e+02
1.928541666666666643e+01 -8.019969867919636499e+02
1.929583333333333073e+01 -7.981576785762359805e+02
1.930833333333333002e+01 -7.981576785762359805e+02
1.931874999999999787e+01 -7.981576785762359805e+02
1.933124999999999716e+01 -7.981576785762359805e+02
1.934166666666666501e+01 -8.019969867919636499e+02
1.935416666666666430e+01 -7.981576785762359805e+02
1.936458333333333215e+01 -8.058362950076912057e+02
1.937708333333333144e+01 -8.096756032234186478e+02
1.938749999999999929e+01 -8.135149114391462035e+02
1.939791666666666359e+01 -8.211935278706013150e+02
1.941041666666666643e+01 -8.250328360863288708e+02
1.942083333333333073e+01 -8.327114525177840960e+02
1.943333333333333002e+01 -8.327114525177840960e+02
1.944374999999999787e+01 -8.288721443020564266e+02
1.945624999999999716e+01 -8.327114525177840960e+02
1.946666666666666501e+01 -8.250328360863288708e+02
1.947916666666666430e+01 -8.211935278706013150e+02
1.948958333333333215e+01 -8.327114525177840960e+02
1.950208333333332789e+01 -8.096756032234186478e+02
1.951249999999999929e+01 -8.096756032234186478e+02
1.952291666666666359e+01 -8.019969867919636499e+02
1.953541666666666288e+01 -7.981576785762359805e+02
1.954583333333333073e+01 -8.058362950076912057e+02
1.955833333333333002e+01 -8.019969867919636499e+02
1.956874999999999432e+01 -8.058362950076912057e+02
1.958124999999999716e+01 -7.943183703605293431e+02
1.959166666666666501e+01 -7.943183703605293431e+02
1.960416666666666075e+01 -8.019969867919636499e+02
1.961458333333333215e+01 -8.058362950076912057e+02
1.962708333333333144e+01 -8.019969867919636499e+02
1.963749999999999574e+01 -8.058362950076912057e+02
1.964791666666666359e+01 -8.135149114391462035e+02
1.966041666666666288e+01 -8.135149114391462035e+02
1.967083333333332718e+01 -8.211935278706013150e+02
1.968333333333333002e+01 -8.250328360863288708e+02
1.969374999999999432e+01 -8.211935278706013150e+02
1.970624999999999361e+01 -8.135149114391462035e+02
1.971666666666666501e+01 -8.058362950076912057e+02
1.972916666666666075e+01 -8.135149114391462035e+02
1.973958333333332860e+01 -8.019969867919636499e+02
1.975208333333333144e+01 -8.096756032234186478e+02
1.976249999999999574e+01 -8.019969867919636499e+02
1.977291666666666003e+01 -7.981576785762359805e+02
1.978541666666666288e+01 -7.981576785762359805e+02
1.979583333333332718e+01 -8.058362950076912057e+02
1.980833333333333002e+01 -8.019969867919636499e+02
1.981874999999999432e+01 -7.981576785762359805e+02
1.983124999999999361e+01 -7.943183703605293431e+02
1.984166666666666146e+01 -7.866397539290742316e+02
1.985416666666666075e+01 -8.019969867919636499e+02
1.986458333333332860e+01 -8.058362950076912057e+02
1.987708333333333144e+01 -8.096756032234186478e+02
1.988749999999999574e+01 -8.211935278706013150e+02
1.989791666666666003e+01 -8.173542196548738730e+02
1.991041666666666288e+01 -8.211935278706013150e+02
1.992083333333332718e+01 -8.173542196548738730e+02
1.993333333333332646e+01 -8.173542196548738730e+02
1.994374999999999787e+01 -8.096756032234186478e+02
1.995624999999999361e+01 -8.058362950076912057e+02
1.996666666666666146e+01 -8.135149114391462035e+02
1.997916666666666075e+01 -8.019969867919636499e+02
1.998958333333332860e+01 -8.096756032234186478e+02
