0.000000000000000000e+00 0.000000000000000000e+00
1.250000000000000243e-02 5.898525132050774777e-02
2.291666666666667199e-02 -3.235484962147344712e-01
3.541666666666667268e-02 -4.802732155285084348e-01
4.583333333333334397e-02 -8.758001089426958874e-01
5.833333333333335508e-02 -1.362398709532551599e+00
6.875000000000001943e-02 -1.871109602932814253e+00
8.125000000000001665e-02 -2.291726664880459730e+00
9.166666666666668795e-02 -2.479939783646736728e+00
1.041666666666666990e-01 -3.007879130329235373e+00
1.145833333333333703e-01 -3.125264072649927005e+00
1.250000000000000278e-01 -3.541452147862913957e+00
1.374999999999999556e-01 -4.098322479835806220e+00
1.479166666666665575e-01 -4.399193791816427002e+00
1.604166666666664853e-01 -4.913905308724788590e+00
1.708333333333330872e-01 -5.020353094071395184e+00
1.833333333333330151e-01 -5.321121085047450627e+00
1.937499999999996170e-01 -5.144297176184457143e+00
2.062499999999995448e-01 -5.104470913458936110e+00
2.166666666666661467e-01 -4.858787548094209541e+00
2.291666666666660745e-01 -4.496083963981701181e+00
2.395833333333326765e-01 -4.143001559209944062e+00
2.520833333333326043e-01 -3.797874227229854238e+00
2.624999999999992339e-01 -3.725266688876879506e+00
2.729166666666658081e-01 -3.452478804972868076e+00
2.854166666666657637e-01 -3.333306717814961573e+00
2.958333333333323378e-01 -2.915640978922149351e+00
3.083333333333322934e-01 -2.517114255261369227e+00
3.187499999999988676e-01 -2.081223768490315429e+00
3.312499999999988232e-01 -1.827193673564217358e+00
3.416666666666653973e-01 -1.404400307751267230e+00
3.541666666666653529e-01 -1.320764679832191479e+00
3.645833333333319271e-01 -1.304800755082575536e+00
3.770833333333318826e-01 -1.504355159881296311e+00
3.874999999999984568e-01 -1.509787200902291238e+00
3.979166666666650864e-01 -1.567467032774416236e+00
4.104166666666649865e-01 -1.508781484051346045e+00
4.208333333333316162e-01 -1.353881631421888221e+00
4.333333333333315163e-01 -1.066240513821084868e+00
4.437499999999981459e-01 -8.284104155271651004e-01
4.562499999999980460e-01 -9.508962943037120308e-01
4.666666666666646757e-01 -9.989827440148341120e-01
4.791666666666645757e-01 -9.323651060227673426e-01
4.895833333333312609e-01 -1.090037537548483204e+00
5.020833333333312165e-01 -1.273594181956897886e+00
5.124999999999977351e-01 -9.466680384479346788e-01
5.229166666666643648e-01 -7.827328530557234876e-01
5.354166666666643204e-01 -5.939979803742119202e-01
5.458333333333309501e-01 -4.379464613989825228e-01
5.583333333333307946e-01 -1.493531123421936446e-01
5.687499999999974243e-01 -2.298664490171556662e-01
5.812499999999973799e-01 -2.432487719437230744e-01
5.916666666666638985e-01 -2.543136683798691289e-01
6.041666666666638541e-01 -4.762162939504492321e-01
6.145833333333304838e-01 -3.405611143629476145e-01
6.270833333333304394e-01 -2.815859011382505495e-01
6.374999999999969580e-01 -3.923888519324876811e-01
6.479166666666635876e-01 -5.849628558514933380e-02
6.604166666666635432e-01 4.822019583656394354e-03
6.708333333333301729e-01 -4.920147432041090119e-02
6.833333333333300175e-01 6.569570299671376179e-02
6.937499999999966471e-01 -3.180000982838105394e-01
7.062499999999966027e-01 -3.161202537503796095e-01
7.166666666666632324e-01 -4.209428658536224499e-01
7.291666666666630769e-01 -4.544248094908131530e-01
7.395833333333297066e-01 -2.693548156441444297e-01
7.520833333333296622e-01 -1.695219871019269242e-01
7.624999999999962919e-01 -1.401657426160821951e-01
7.729166666666628105e-01 -9.516217504959893769e-03
7.854166666666627661e-01 9.850863533392587024e-02
7.958333333333293957e-01 -2.492709853481512791e-02
8.083333333333293513e-01 -1.801758388545056933e-01
8.187499999999958700e-01 -2.553515818008668115e-01
8.312499999999958256e-01 -1.579437033393218670e-01
8.416666666666624552e-01 2.897290532544565325e-02
8.541666666666624108e-01 1.835210303720603564e-01
8.645833333333289294e-01 1.517405614901278232e-01
8.770833333333288850e-01 2.318404618782530791e-01
8.874999999999955147e-01 4.044463274862357682e-01
8.979166666666621444e-01 1.527729811822643030e-02
9.104166666666619889e-01 -2.533105891050895786e-01
9.208333333333286186e-01 -4.753869186354651721e-01
9.333333333333285742e-01 -4.994407464772582239e-01
9.437499999999952038e-01 -4.129522330376217409e-01
9.562499999999950484e-01 -1.818756137941250073e-01
9.666666666666616781e-01 -4.400316027878601460e-02
9.791666666666616337e-01 1.680535995221077786e-02
9.895833333333282633e-01 6.708362498008706154e-02
1.012499999999999956e+00 -5.091021723384453468e-02
1.022916666666666696e+00 -9.528251958612347916e-02
1.035416666666666652e+00 -3.447246836240719925e-01
1.045833333333333393e+00 8.729076700674583134e-02
1.058333333333333348e+00 2.849284072865171935e-01
1.068750000000000089e+00 6.079063790980161475e-01
1.081250000000000044e+00 9.281424844357273329e-01
1.091666666666666785e+00 1.139734611683133503e+00
1.104166666666666741e+00 1.261496716701383969e+00
1.114583333333333259e+00 1.255796267773353847e+00
1.125000000000000222e+00 1.197894508385140666e+00
1.137499999999999956e+00 1.150019638333349192e+00
1.147916666666666696e+00 1.057246832673671699e+00
1.160416666666666652e+00 1.299670328342870773e+00
1.170833333333333171e+00 1.446924711528326579e+00
1.183333333333333126e+00 1.621867408524171772e+00
1.193749999999999645e+00 1.819703614104158929e+00
1.206249999999999600e+00 1.770526536398661088e+00
1.216666666666666341e+00 1.623488566018883583e+00
1.229166666666666075e+00 1.448724805467726862e+00
1.239583333333332815e+00 9.850942432638326585e-01
1.252083333333332771e+00 7.081278417279643911e-01
1.262499999999999289e+00 6.386892951462225243e-01
1.272916666666665808e+00 7.940293168528118617e-01
1.285416666666665764e+00 9.224689952257074665e-01
1.295833333333332504e+00 1.081855143378880335e+00
1.308333333333332460e+00 1.054074893661242962e+00
1.318749999999998979e+00 1.031105369776462721e+00
1.331249999999998934e+00 9.057365722640774441e-01
1.341666666666665453e+00 6.425125957172507229e-01
1.354166666666665408e+00 2.653059206820954086e-01
1.364583333333331927e+00 5.979731958768327166e-02
1.377083333333331883e+00 -5.693474787860544617e-02
1.387499999999998623e+00 1.656785285912162897e-01
1.397916666666665142e+00 4.029301650966430892e-01
1.410416666666665098e+00 3.863429197818744609e-01
1.420833333333331616e+00 3.726280996736131002e-01
1.433333333333331572e+00 2.549113622258166179e-01
1.443749999999998312e+00 -1.985667004408738986e-03
1.456249999999998046e+00 -5.483026892356235998e-02
1.466666666666664787e+00 -3.644660396191766183e-01
1.479166666666664742e+00 -4.609165771963494307e-01
1.489583333333331261e+00 -4.874762444772893222e-01
1.502083333333331217e+00 -1.371173259426239910e-01
1.512499999999997735e+00 4.619276396246213556e-02
1.522916666666664476e+00 2.509473750014653559e-01
1.535416666666664209e+00 3.138675601096404533e-01
1.545833333333330950e+00 9.994950497307027171e-02
1.558333333333330906e+00 1.358296385813870799e-01
1.568749999999997424e+00 -1.536343841832630841e-01
1.581249999999997380e+00 -1.802178686298397392e-01
1.591666666666663899e+00 -2.021978719463898566e-01
1.604166666666663854e+00 -1.139946596673445389e-01
1.614583333333330595e+00 1.184997227843502393e-01
1.627083333333330328e+00 5.234867309477807540e-01
1.637499999999997069e+00 3.796456957723093328e-01
1.647916666666663588e+00 2.075252548555096832e-01
1.660416666666663543e+00 6.521103454140803057e-02
1.670833333333330062e+00 -1.056469911419053165e-01
1.683333333333330017e+00 -3.001058708799920205e-01
1.693749999999996758e+00 -2.481363212787874584e-01
1.706249999999996714e+00 -3.115432985825321577e-01
1.716666666666663232e+00 -1.512161987903961058e-01
1.729166666666663188e+00 -1.865305823220910625e-02
1.739583333333329707e+00 1.973309504959831484e-01
1.752083333333329662e+00 2.695359304154232860e-01
1.762499999999996181e+00 1.010635418871564349e-02
1.772916666666662922e+00 -9.802069304432201036e-02
1.785416666666662877e+00 -2.406117630080776004e-01
1.795833333333329396e+00 -1.457563895731978088e-01
1.808333333333329351e+00 -2.268925733177952764e-01
1.818749999999995870e+00 2.515242207603961277e-02
1.831249999999995826e+00 1.271736816529022707e-01
1.841666666666662566e+00 2.115278462995252573e-01
1.854166666666662300e+00 3.876512621634690126e-01
1.864583333333329040e+00 3.205214141604819655e-01
1.877083333333328996e+00 1.054511063301535045e-01
1.887499999999995515e+00 -7.237532153953211977e-02
1.897916666666662033e+00 -6.653573727862519688e-03
1.910416666666661989e+00 -1.650667534870688402e-01
1.920833333333328730e+00 2.308335889717710865e-02
1.933333333333328685e+00 7.227445833041698520e-02
1.943749999999995204e+00 2.725124835886404417e-01
1.956249999999995381e+00 1.721328394163851028e-01
1.966666666666661678e+00 1.423244717566052309e-01
1.979166666666661634e+00 6.448957926998875878e-02
1.989583333333328374e+00 -2.126204340910226864e-01
2.012500000000000178e+00 -3.353661844378875712e-01
2.022916666666666696e+00 -2.241021196632300427e-01
2.035416666666666874e+00 -1.321057330455774892e-01
2.045833333333333393e+00 -1.092288881975106291e-01
2.058333333333333570e+00 1.756286634826207116e-01
2.068750000000000089e+00 3.883799884771092781e-02
2.081250000000000266e+00 -2.107606666167916032e-02
2.091666666666666785e+00 3.576215227047251782e-02
2.104166666666666963e+00 -7.680772797699281229e-02
2.114583333333333481e+00 -1.166953397593669534e-01
2.125000000000000000e+00 9.889798800964678255e-03
2.137500000000000178e+00 6.136563652948476971e-02
2.147916666666666252e+00 3.698696729145606321e-01
2.160416666666666430e+00 5.185729207285834086e-01
2.170833333333333393e+00 6.947135814227146655e-01
2.183333333333333126e+00 5.744095306471784790e-01
2.193749999999999645e+00 6.876924641211510369e-01
2.206249999999999378e+00 3.558504200687184760e-01
2.216666666666666341e+00 4.537929306827908627e-01
2.229166666666666075e+00 1.624554371378077733e-01
2.239583333333332593e+00 1.343229121939856219e-01
2.252083333333332327e+00 3.770044233525329802e-01
2.262499999999999289e+00 5.244721412996966592e-01
2.272916666666665808e+00 4.336489232073282851e-01
2.285416666666665542e+00 5.713074723561205603e-01
2.295833333333332504e+00 3.128083623751689024e-01
2.308333333333332238e+00 1.522621905755060234e-01
2.318749999999998757e+00 1.258948374734200071e-01
2.331249999999998490e+00 -5.547184602862408054e-02
2.341666666666665453e+00 -1.522426691430177892e-01
2.354166666666665630e+00 -7.269023527833545772e-02
2.364583333333331705e+00 1.526514302810536017e-01
2.377083333333331883e+00 3.921589787744730327e-01
2.387499999999998401e+00 3.242485262424278369e-01
2.397916666666664920e+00 3.744750982464430389e-01
2.410416666666664653e+00 3.628154373329467441e-01
2.420833333333331616e+00 1.936095043803058302e-01
2.433333333333331794e+00 5.166232859668854968e-04
2.443749999999997868e+00 -2.123266859525348993e-01
2.456249999999998046e+00 -2.287463822697257121e-01
2.466666666666664565e+00 1.299965611606823113e-01
2.479166666666664742e+00 2.670503470348155051e-01
2.489583333333331705e+00 3.803704301918879871e-01
2.502083333333330994e+00 3.676898704034297083e-01
2.512499999999997957e+00 2.508282896716418353e-01
2.522916666666664476e+00 1.010152516600537204e-01
2.535416666666664209e+00 -1.292314773676844220e-01
2.545833333333330728e+00 -3.196062146558442119e-01
2.558333333333330906e+00 -3.706366990976787124e-01
2.568749999999997424e+00 -5.192071204356464298e-01
2.581249999999997602e+00 -1.101648819765521231e-01
2.591666666666664121e+00 -9.108755009563150595e-02
2.604166666666663854e+00 1.906284530118051990e-01
2.614583333333330817e+00 2.639941092433704117e-01
2.627083333333330106e+00 1.650895980858841372e-01
2.637499999999997069e+00 -7.625293161706100942e-02
2.647916666666664032e+00 -1.694250791873590789e-01
2.660416666666663321e+00 -1.400856163148108680e-01
2.670833333333330284e+00 -1.690153506421860630e-01
2.683333333333330017e+00 1.261954657587912865e-01
2.693749999999996536e+00 2.107190287556740260e-01
2.706249999999996714e+00 4.401709694384721705e-01
2.716666666666663232e+00 5.235116298454047801e-01
2.729166666666662966e+00 3.796662829096509317e-01
2.739583333333329929e+00 2.607307382065348067e-01
2.752083333333329662e+00 -5.036249785238131049e-02
2.762499999999996181e+00 -3.075834943764179097e-01
2.772916666666663144e+00 -2.011305780307051927e-01
2.785416666666662433e+00 -2.726775737159628510e-01
2.795833333333329396e+00 -2.254578020706550778e-01
2.808333333333329129e+00 2.633873295421518962e-02
2.818749999999995648e+00 1.813430195257547672e-01
2.831249999999996270e+00 2.563166409551471681e-01
2.841666666666662344e+00 2.119301038085116551e-01
2.854166666666662522e+00 -3.752382997416157939e-02
2.864583333333329040e+00 -2.969681078526982265e-01
2.877083333333328774e+00 -4.051073108419416258e-01
2.887499999999995737e+00 -4.413315089346845910e-01
2.897916666666662255e+00 -9.896350745764438683e-02
2.910416666666661989e+00 -2.863746435900939302e-02
2.920833333333328508e+00 2.422640124655103533e-01
2.933333333333328685e+00 4.130648243180335411e-01
2.943749999999995204e+00 3.947225527735166994e-01
2.956249999999995381e+00 3.263681642874440847e-01
2.966666666666661900e+00 1.634738318336716734e-01
2.979166666666661634e+00 2.878802814171012303e-02
2.989583333333328596e+00 -2.421395219213959560e-01
3.012500000000000178e+00 -4.064266276972429426e-02
3.022916666666666696e+00 1.259608402954565110e-01
3.035416666666666874e+00 2.105250335526411554e-01
3.045833333333333393e+00 2.272567233122859687e-01
3.058333333333333570e+00 4.006563582262633871e-01
3.068750000000000089e+00 1.717090244710308966e-01
3.081250000000000266e+00 -2.303451799709943515e-01
3.091666666666666785e+00 -4.032099846230761675e-01
3.104166666666666963e+00 -2.801973601533976899e-01
3.114583333333333481e+00 -2.848638429829575269e-01
3.125000000000000000e+00 -7.596838241081146914e-02
3.137500000000000178e+00 1.499409622462936631e-01
3.147916666666666696e+00 1.771640392272821052e-01
3.160416666666666430e+00 3.060497989853056544e-01
3.170833333333333393e+00 2.530509350771593668e-01
3.183333333333333126e+00 4.966453865800783685e-02
3.193749999999999645e+00 -1.185012891464246043e-01
3.206249999999999378e+00 -3.107341808497639524e-01
3.216666666666666341e+00 -3.101125804665814112e-01
3.229166666666666075e+00 -3.095986230690087604e-01
3.239583333333332593e+00 -4.323136152840499624e-02
3.252083333333332327e+00 1.744350575765210923e-02
3.262499999999999289e+00 1.739881852230824033e-01
3.272916666666665808e+00 2.502354486011329482e-01
3.285416666666665542e+00 1.005250733039949745e-01
3.295833333333332504e+00 -1.828252324879106883e-01
3.308333333333332238e+00 -2.043537167293245083e-01
3.318749999999998757e+00 -2.221540978638355535e-01
3.331249999999998490e+00 -1.836835128859743704e-01
3.341666666666665453e+00 -9.868644548710352182e-02
3.354166666666665630e+00 2.907223864089196752e-01
3.364583333333331705e+00 2.403777815654411232e-01
3.377083333333331883e+00 3.583167720773754450e-01
3.387499999999998401e+00 2.962667988302126187e-01
3.397916666666664920e+00 1.917736027951811584e-01
3.410416666666665098e+00 5.218710740242284846e-02
3.420833333333331616e+00 -1.164155554465837739e-01
3.433333333333331794e+00 -2.026327125493479209e-01
3.443749999999997868e+00 -1.675426599129875294e-01
3.456249999999998046e+00 -3.215225433451205511e-02
3.466666666666664565e+00 7.979249728960126353e-02
3.479166666666664742e+00 1.191632344224084483e-01
3.489583333333331705e+00 9.852765137368597881e-02
3.502083333333330994e+00 2.827708578672928283e-02
3.512499999999997957e+00 -1.361850614146653815e-01
3.522916666666664476e+00 -2.189787189437971682e-01
3.535416666666664209e+00 -2.874349392245143520e-01
3.545833333333331172e+00 -7.809424006619182512e-02
3.558333333333330906e+00 2.013717021938319918e-01
3.568749999999997424e+00 2.196884809311732967e-01
3.581249999999997602e+00 3.943987138239842261e-01
3.591666666666664121e+00 2.729119434587464199e-01
3.604166666666663854e+00 3.320285084426052302e-01
3.614583333333330817e+00 1.149655088155059485e-01
3.627083333333330106e+00 -6.450853497865828567e-02
3.637499999999997069e+00 -1.065260068624212658e-01
3.647916666666664032e+00 -1.412672829061528135e-01
3.660416666666663321e+00 4.276145803242483584e-02
3.670833333333330284e+00 1.949218094852315508e-01
3.683333333333330017e+00 1.611670594808532753e-01
3.693749999999996536e+00 1.332576438229330085e-01
3.706249999999996714e+00 5.699286045360264091e-02
3.716666666666663232e+00 -2.720074020185225261e-01
3.729166666666662966e+00 -3.312806070944460668e-01
3.739583333333329929e+00 -5.398548125066160441e-01
3.752083333333329662e+00 -4.463677661727691315e-01
3.762499999999996181e+00 -3.158814776179955097e-01
3.772916666666663144e+00 -4.842620963431748526e-02
3.785416666666662433e+00 1.195251758423385158e-01
3.795833333333329396e+00 3.115807603495173161e-01
3.808333333333329573e+00 3.108125571852013991e-01
3.818749999999995648e+00 3.101773843156155896e-01
3.831249999999996270e+00 9.689835957655199006e-02
3.841666666666662344e+00 8.011840092554795012e-02
3.854166666666662522e+00 1.305577848505619365e-02
3.864583333333329040e+00 -4.239356137254843282e-02
3.877083333333328774e+00 1.813622345766681757e-02
3.887499999999995737e+00 1.745609445008494964e-01
3.897916666666662255e+00 3.038974840457028259e-01
3.910416666666661989e+00 1.980828767612403674e-01
3.920833333333328063e+00 2.701576450682970365e-01
3.933333333333328685e+00 -4.256805523529058610e-02
3.943749999999995204e+00 -1.947618983896358680e-01
3.956249999999995381e+00 -5.333540694260271442e-01
3.966666666666661900e+00 -4.409927614490494197e-01
3.979166666666662078e+00 -3.646257276329585850e-01
3.989583333333328596e+00 -2.482947667095506961e-01
4.012500000000000178e+00 6.064492321725326734e-02
4.022916666666667140e+00 3.160853047418351602e-01
4.035416666666667318e+00 2.081601237777069568e-01
4.045833333333333393e+00 1.721128853616666066e-01
4.058333333333332682e+00 -1.725741074933204861e-02
4.068750000000000533e+00 -1.426893251231387341e-02
4.081249999999999822e+00 -1.713633551109078612e-01
4.091666666666666785e+00 7.106560561002180088e-02
4.104166666666666963e+00 1.651360461575100136e-01
4.114583333333333925e+00 1.897277795240043807e-01
4.125000000000000000e+00 4.760032512438550634e-01
4.137499999999999289e+00 2.871965031120600198e-01
4.147916666666667140e+00 1.310855554099712716e-01
4.160416666666666430e+00 -2.107453923613559765e-01
4.170833333333332504e+00 -4.401927676396015232e-01
4.183333333333333570e+00 -5.235296532363611366e-01
4.193749999999999645e+00 -6.456234916924299405e-01
4.206249999999999822e+00 -4.274434844720541027e-01
4.216666666666665897e+00 -3.002343273963341552e-01
4.229166666666666075e+00 1.769977362765117954e-02
4.239583333333333037e+00 1.463469109269207452e-02
4.252083333333332327e+00 6.528885240888042396e-02
4.262499999999999289e+00 -1.055826490505614584e-01
4.272916666666666252e+00 -8.729882574258052141e-02
4.285416666666665542e+00 -2.317466091821678009e-01
4.295833333333332504e+00 -3.204949820776072100e-02
4.308333333333332682e+00 -7.968792484502895679e-02
4.318749999999998757e+00 2.000539969551698161e-01
4.331249999999998934e+00 5.377297314750435486e-01
4.341666666666665897e+00 4.446106869525393024e-01
4.354166666666665186e+00 5.271825182829718015e-01
4.364583333333332149e+00 4.358899422581770100e-01
4.377083333333331439e+00 1.476527221007483126e-01
4.387499999999998401e+00 -9.067025124114648504e-02
4.397916666666665364e+00 -1.813457411978924017e-01
4.410416666666664653e+00 -3.095073526167294586e-01
4.420833333333331616e+00 -2.559097416583284157e-01
4.433333333333331794e+00 -2.115936675557127111e-01
4.443749999999997868e+00 -6.857491728687992172e-02
4.456249999999998046e+00 4.967717308886288041e-02
4.466666666666665009e+00 -1.211392002317392136e-02
4.479166666666664298e+00 -1.163930663823772582e-01
4.489583333333331261e+00 -2.558025792356414807e-01
4.502083333333331439e+00 -3.710704464361265220e-01
4.512499999999997513e+00 -1.472465263141065350e-01
4.522916666666664476e+00 -2.281246620073423825e-01
4.535416666666663765e+00 -2.905476623137116798e-02
4.545833333333330728e+00 2.419189750586444032e-01
4.558333333333330906e+00 3.595910759841114968e-01
4.568749999999996980e+00 4.036973532186370894e-01
4.581249999999998046e+00 4.401657146878444893e-01
4.591666666666664121e+00 3.107534398514043006e-01
4.604166666666664298e+00 4.418619785763033131e-02
4.614583333333330373e+00 -1.665401912259229650e-02
4.627083333333330550e+00 -6.695849195055544878e-02
4.637499999999997513e+00 5.101368088631885039e-02
4.647916666666663588e+00 -6.419731754547276792e-02
4.660416666666663765e+00 1.064851620359513890e-01
4.670833333333330728e+00 1.944219725110529484e-01
4.683333333333330017e+00 5.437685702897791795e-02
4.693749999999996092e+00 1.513373001766088466e-01
4.706249999999997158e+00 -3.443527289885027487e-02
4.716666666666663232e+00 -1.880374758220287879e-01
4.729166666666662522e+00 -2.618518134378969853e-01
4.739583333333330373e+00 -2.165067464896079930e-01
4.752083333333329662e+00 -7.263719480659133754e-02
4.762499999999995737e+00 2.058837469992177982e-01
4.772916666666663588e+00 2.234191716909836867e-01
4.785416666666662877e+00 1.847295129681785775e-01
4.795833333333328952e+00 -6.825613623738263636e-03
4.808333333333329129e+00 -5.643617201154795156e-03
4.818749999999996092e+00 -1.110432305554534815e-01
4.831249999999996270e+00 -2.513791783283348402e-01
4.841666666666662344e+00 -1.546592038344518638e-01
4.854166666666662522e+00 -7.468829691847023167e-02
4.864583333333329485e+00 -8.566009496115726055e-03
4.877083333333328774e+00 9.929429513786075523e-02
4.887499999999995737e+00 1.884763532078814197e-01
4.897916666666662699e+00 1.026493062017992536e-01
4.910416666666661989e+00 3.168499068250953121e-02
4.920833333333328952e+00 2.619807804711099183e-02
4.933333333333328241e+00 -1.910925071911386830e-01
4.943749999999995204e+00 -1.048124189173106208e-01
4.956249999999995381e+00 1.971494569015852863e-02
4.966666666666661456e+00 1.226778169652852080e-01
4.979166666666661634e+00 1.546220724317629580e-01
4.989583333333328596e+00 3.405999021029047502e-01
5.012500000000000178e+00 1.752410493712127926e-01
5.022916666666667140e+00 3.851750815087701812e-02
5.035416666666667318e+00 -1.277179803600957952e-01
5.045833333333333393e+00 -1.056009658017737496e-01
5.058333333333332682e+00 -3.000678157808268631e-01
5.068750000000000533e+00 -1.949163949054328882e-01
5.081249999999999822e+00 -5.478565994157755248e-02
5.091666666666666785e+00 7.890073514277165176e-03
5.104166666666666963e+00 6.523743806516085937e-03
5.114583333333333925e+00 -4.779443890541229534e-02
5.125000000000000000e+00 -1.458947641358604996e-01
5.137499999999999289e+00 -1.738185241550847526e-01
5.147916666666667140e+00 -1.437182452561834300e-01
5.160416666666666430e+00 -4.379612211313186343e-01
5.170833333333332504e+00 -1.493653161210678759e-01
5.183333333333333570e+00 3.606576705657627002e-02
5.193749999999999645e+00 1.361971548304490021e-01
5.206249999999999822e+00 3.785541020430256975e-01
5.216666666666665897e+00 3.661880771070461504e-01
5.229166666666666075e+00 3.027750243040906453e-01
5.239583333333333037e+00 3.758941027149839686e-02
5.252083333333332327e+00 -1.284853588615876840e-01
5.262499999999999289e+00 -2.658008407252386296e-01
5.272916666666666252e+00 -1.665834565770093756e-01
5.285416666666665542e+00 -2.973014634458209793e-01
5.295833333333332504e+00 -1.394406324917194517e-01
5.308333333333332682e+00 -8.916675222582959651e-03
5.318749999999998757e+00 9.900435444785993244e-02
5.331249999999998934e+00 2.867123784653911878e-02
5.341666666666665897e+00 -2.948224234477380551e-02
5.354166666666665186e+00 -2.371306264363453598e-01
5.364583333333332149e+00 -3.024434678353752903e-01
5.377083333333331439e+00 -2.500691148873795400e-01
5.387499999999998401e+00 -4.195183115373568583e-01
5.397916666666665364e+00 -1.873046397554350984e-01
5.410416666666664653e+00 1.642618073043892457e-01
5.420833333333331616e+00 1.890049332421364636e-01
5.433333333333331794e+00 5.285940420755490532e-01
5.443749999999997868e+00 4.370570314599135919e-01
5.456249999999998046e+00 2.018061669287318505e-01
5.466666666666665009e+00 1.136707864891598058e-01
5.479166666666664298e+00 -6.557904930784859421e-02
5.489583333333331261e+00 -1.034216848767773858e-03
5.502083333333331439e+00 -1.072320433790733829e-01
5.512499999999998401e+00 7.090279064085981686e-02
5.522916666666664476e+00 5.862450336752527552e-02
5.535416666666663765e+00 2.080378398451204480e-01
5.545833333333331616e+00 6.563485481952922862e-02
5.558333333333330906e+00 1.080358480136373164e-03
5.568749999999996980e+00 -2.118605731875589926e-01
5.581249999999998046e+00 -3.879263704969015958e-01
5.591666666666664121e+00 -4.271258043920344583e-01
5.604166666666663410e+00 -2.467831989012720106e-01
5.614583333333330373e+00 -2.572360360779927801e-01
5.627083333333330550e+00 5.325201989902011990e-02
5.637499999999996625e+00 2.567841745079811333e-01
5.647916666666663588e+00 2.655051355423847514e-01
5.660416666666663765e+00 2.195274201765116395e-01
5.670833333333329840e+00 2.878886214699588053e-01
5.683333333333330017e+00 2.380347417399855670e-01
5.693749999999996980e+00 -6.912821227994710160e-02
5.706249999999997158e+00 1.024081538906664729e-01
5.716666666666663232e+00 3.148559889092883424e-02
5.729166666666663410e+00 2.603321507554278227e-02
5.739583333333330373e+00 2.342788697007739951e-01
5.752083333333329662e+00 2.468970905626055867e-01
5.762499999999996625e+00 9.776482112914067213e-02
5.772916666666663588e+00 1.872117393137621710e-01
5.785416666666662877e+00 -1.643386201094342858e-01
5.795833333333329840e+00 -2.422569056215409800e-01
5.808333333333329129e+00 -3.598704868685624336e-01
5.818749999999996092e+00 -2.975514557130205517e-01
5.831249999999996270e+00 -2.992127173273696483e-01
5.841666666666662344e+00 -1.942093744664662169e-01
5.854166666666661634e+00 5.217584786541891451e-02
5.864583333333329485e+00 4.314051874748230098e-02
5.877083333333328774e+00 1.952352279832005322e-01
5.887499999999994849e+00 1.614262030720081120e-01
5.897916666666662699e+00 -7.928193388010178200e-02
5.910416666666661989e+00 -1.236416303973918510e-02
5.920833333333328063e+00 -1.022305202952894683e-02
5.933333333333328241e+00 4.473574254949062856e-02
5.943749999999995204e+00 1.433657444284991700e-01
5.956249999999995381e+00 2.249159179132939890e-01
5.966666666666661456e+00 4.519093730856018620e-01
5.979166666666662522e+00 2.672749791711835909e-01
5.989583333333328596e+00 2.209907787106253629e-01
6.012500000000000178e+00 -3.003219866474620553e-02
6.022916666666667140e+00 -1.312084238182120999e-01
6.035416666666667318e+00 -1.616754279577659603e-01
6.045833333333333393e+00 -8.048951646183623299e-02
6.058333333333332682e+00 -6.655108897997726036e-02
6.068750000000000533e+00 5.135053359133664314e-02
6.081249999999999822e+00 2.020235086493550047e-01
6.091666666666666785e+00 7.473568381451307918e-03
6.104166666666666963e+00 -1.001975574386485546e-01
6.114583333333333925e+00 -1.360347356229981985e-01
6.125000000000000000e+00 -1.656659638745609231e-01
6.137499999999999289e+00 -2.965428536148484451e-01
6.147916666666667140e+00 -8.562493036795543189e-02
6.160416666666666430e+00 -1.239856608678886613e-01
6.170833333333332504e+00 5.705040914761989879e-02
6.183333333333333570e+00 4.717094874495130624e-02
6.193749999999999645e+00 9.219078291177544571e-02
6.206249999999999822e+00 7.622603869915202390e-02
6.216666666666666785e+00 1.162143820323123106e-01
6.229166666666666075e+00 -6.347593003513073151e-02
6.239583333333333037e+00 -5.248375755689978217e-02
6.252083333333332327e+00 -4.339510749612796731e-02
6.262499999999999289e+00 1.236850384028364974e-01
6.272916666666666252e+00 1.554548726082393417e-01
6.285416666666665542e+00 2.881000243704878727e-01
6.295833333333332504e+00 2.913979971511975742e-01
6.308333333333332682e+00 1.877479350062704333e-01
6.318749999999998757e+00 2.084239513104406971e-01
6.331249999999998934e+00 1.276564178150085827e-02
6.341666666666665897e+00 -9.582191619748772760e-02
6.354166666666665186e+00 -1.324168273240518834e-01
6.364583333333332149e+00 -1.626745713587357256e-01
6.377083333333331439e+00 2.506128512477561951e-02
6.387499999999998401e+00 1.802867882561289270e-01
6.397916666666665364e+00 4.268947280245313780e-02
6.410416666666664653e+00 1.948622899893221183e-01
6.420833333333331616e+00 -5.163599819344452668e-02
6.433333333333331794e+00 -2.022595391406189491e-01
6.443749999999997868e+00 -1.140456479091579156e-01
6.456249999999998046e+00 -2.006732036051507573e-01
6.466666666666665009e+00 -1.659224805426158522e-01
6.479166666666664298e+00 -1.903780265007476991e-01
6.489583333333331261e+00 5.534371854675352448e-02
6.502083333333331439e+00 4.575980698349476489e-02
6.512499999999997513e+00 1.974009321909826475e-01
6.522916666666664476e+00 1.632168707238040306e-01
6.535416666666663765e+00 1.881409490810764529e-01
6.545833333333330728e+00 -5.719339966028964828e-02
6.558333333333330906e+00 -4.728917748765166379e-02
6.568749999999996980e+00 -3.910007659523211110e-02
6.581249999999998046e+00 -1.387060108026776650e-01
6.591666666666664121e+00 -8.309268500312442379e-03
6.604166666666664298e+00 9.950657611097803168e-02
6.614583333333331261e+00 2.418403346352068772e-01
6.627083333333330550e+00 2.531491311735110661e-01
6.637499999999997513e+00 1.029341913687934207e-01
6.647916666666663588e+00 -7.445638052599776180e-02
6.660416666666663765e+00 -1.679396381414584305e-01
6.670833333333330728e+00 -8.566894886058917802e-02
6.683333333333330017e+00 -1.240220566464677876e-01
6.693749999999996980e+00 -2.089219904628977498e-01
6.706249999999997158e+00 9.319948747032240355e-02
6.716666666666663232e+00 1.302485264665509401e-01
6.729166666666662522e+00 1.608817567212120492e-01
6.739583333333330373e+00 1.330217471474587354e-01
6.752083333333329662e+00 5.679781417517820730e-02
6.762499999999995737e+00 -6.226365477448616431e-03
6.772916666666663588e+00 -1.115250638937202166e-01
6.785416666666662877e+00 -3.902372702838932672e-02
6.795833333333328952e+00 -3.226596013938506230e-02
6.808333333333329129e+00 -7.986690190819970003e-02
6.818749999999996092e+00 1.467175521757499712e-01
6.831249999999996270e+00 3.340642133073065123e-01
6.841666666666662344e+00 3.294025344163487024e-01
6.854166666666662522e+00 1.659827379039858775e-01
6.864583333333329485e+00 -2.232599616084271141e-02
6.877083333333328774e+00 -2.312136325533504233e-01
6.887499999999995737e+00 -2.443626627375785065e-01
6.897916666666662699e+00 -2.552346659031611287e-01
6.910416666666661989e+00 -3.174124177609906616e-01
6.920833333333328952e+00 -1.028804970745196140e-01
6.933333333333328241e+00 1.276892378437637088e-01
6.943749999999995204e+00 1.055772006476869002e-01
6.956249999999995381e+00 1.404827821466292093e-01
6.966666666666661456e+00 1.693437389810973637e-01
6.979166666666661634e+00 -7.273548336172226680e-02
6.989583333333328596e+00 -6.013982737122511996e-02
7.012500000000000178e+00 -1.029138314948639527e-01
7.022916666666667140e+00 7.447321466589104655e-02
7.035416666666667318e+00 1.147650957981611181e-01
7.045833333333333393e+00 3.076449867919882064e-01
7.058333333333333570e+00 2.011814217604476762e-01
7.068750000000000533e+00 6.777306285028419572e-03
7.081249999999999822e+00 -1.007732473271190365e-01
7.091666666666666785e+00 -1.365107328792539154e-01
7.104166666666666963e+00 -2.724364549493337728e-01
7.114583333333333925e+00 -2.784468993174278317e-01
7.125000000000000000e+00 -2.834165107094642755e-01
7.137500000000000178e+00 -1.811486083147210158e-01
7.147916666666667140e+00 9.786410441418445794e-03
7.160416666666666430e+00 8.091690703475372046e-03
7.170833333333332504e+00 5.987890810507548456e-02
7.183333333333333570e+00 -1.100557494062720520e-01
7.193749999999999645e+00 -3.780885478825904422e-02
7.206249999999999822e+00 -1.376383908051258820e-01
7.216666666666666785e+00 -2.733688355410502369e-01
7.229166666666666075e+00 -2.260293575880912842e-01
7.239583333333333037e+00 -1.868876910953379822e-01
7.252083333333332327e+00 5.041168755766205212e-03
7.262499999999999289e+00 4.168185934971905052e-03
7.272916666666666252e+00 -4.974208312569122770e-02
7.285416666666665542e+00 1.184371731100139769e-01
7.295833333333332504e+00 1.511157839242563972e-01
7.308333333333332682e+00 -8.780689032516285353e-02
7.318749999999998757e+00 -1.789782305523555939e-01
7.331249999999998934e+00 -2.011729028870425928e-01
7.341666666666665897e+00 -1.131471852372177012e-01
7.354166666666665186e+00 -4.036494445164851702e-02
7.364583333333332149e+00 7.300200462976989824e-02
7.377083333333331439e+00 1.135486562625769857e-01
7.387499999999998401e+00 3.066391989657808459e-01
7.397916666666665364e+00 4.078442302687257381e-02
7.410416666666664653e+00 8.691021644770749455e-02
7.420833333333331616e+00 -1.408939334827576662e-01
7.433333333333331794e+00 -6.330676833835480188e-02
7.443749999999997868e+00 -5.234388971286099701e-02
7.456249999999998046e+00 -2.028448445765495267e-01
7.466666666666665009e+00 -8.152672975140362252e-03
7.479166666666664298e+00 9.963605387637765320e-02
7.489583333333331261e+00 -2.399491587259087663e-02
7.502083333333331439e+00 1.929141461866222818e-01
7.512499999999998401e+00 -1.596237031379268700e-01
7.522916666666664476e+00 -7.879309030536142677e-02
7.535416666666664653e+00 -1.183368954647533167e-01
7.545833333333331616e+00 -3.105982553402278912e-01
7.558333333333330906e+00 -9.724634806299435608e-02
7.568749999999996980e+00 2.597079461074631307e-02
7.581249999999998046e+00 2.342272586327884543e-01
7.591666666666664121e+00 2.468544170203951227e-01
7.604166666666663410e+00 3.104833826072522229e-01
7.614583333333331261e+00 -9.225554682017378730e-03
7.627083333333330550e+00 4.556050256358280814e-02
7.637499999999996625e+00 3.767075755162024170e-02
7.647916666666663588e+00 3.114728536044884463e-02
7.660416666666663765e+00 1.321304101484543359e-01
7.670833333333329840e+00 1.092492919487123987e-01
7.683333333333330017e+00 3.714205214864550048e-02
7.693749999999996980e+00 -2.247832505026064326e-02
7.706249999999997158e+00 1.941681078849955000e-01
7.716666666666663232e+00 1.073554156259740461e-01
7.729166666666663410e+00 -7.080078285443591746e-02
7.739583333333330373e+00 -1.117286216459715542e-01
7.752083333333329662e+00 -2.519458797505534919e-01
7.762499999999996625e+00 -2.615046917697870232e-01
7.772916666666663588e+00 -1.098428135243730841e-01
7.785416666666662877e+00 -1.440097157721192400e-01
7.795833333333329840e+00 -1.269452706363679087e-02
7.808333333333329129e+00 9.588071592847159652e-02
7.818749999999996092e+00 2.608852205717316491e-02
7.831249999999996270e+00 7.475921522362398430e-02
7.841666666666663232e+00 -4.456381447571973464e-02
7.854166666666662522e+00 -3.684666665711703454e-02
7.864583333333329485e+00 -1.368428254852828985e-01
7.877083333333329662e+00 -6.768732324683141011e-03
7.887499999999994849e+00 -5.596586077584513215e-03
7.897916666666662699e+00 1.549379626694332712e-01
7.910416666666662877e+00 2.344841667946604702e-01
7.920833333333328063e+00 2.470668362110273464e-01
7.933333333333329129e+00 3.106590170137999984e-01
7.943749999999996092e+00 2.568619715030878159e-01
7.956249999999994493e+00 1.591925377699982824e-01
7.966666666666661456e+00 -2.406941776637744335e-01
7.979166666666662522e+00 -1.990129937264384641e-01
7.989583333333327708e+00 -1.645497704032069519e-01
8.012500000000001066e+00 2.351081564811808092e-02
8.022916666666665364e+00 1.790048146943817309e-01
8.035416666666666430e+00 1.480064221309977668e-01
8.045833333333334281e+00 6.918758220960780081e-02
8.058333333333333570e+00 -1.023590650944705555e-01
8.068749999999999645e+00 -1.910103947458368367e-01
8.081250000000000711e+00 -1.579329872463240969e-01
8.091666666666666785e+00 -2.369605408104978883e-01
8.104166666666667851e+00 -1.427374521505061500e-01
8.114583333333332149e+00 -1.180195048549908116e-01
8.125000000000000000e+00 8.794940327740434841e-03
8.137500000000001066e+00 1.668372980917559312e-01
8.147916666666665364e+00 1.379459631335651915e-01
8.160416666666666430e+00 6.086930013575030801e-02
8.170833333333334281e+00 5.032851963278694996e-02
8.183333333333331794e+00 -1.179522902348228569e-01
8.193749999999999645e+00 -4.433794595930763693e-02
8.206250000000000711e+00 -8.984837325728414759e-02
8.216666666666665009e+00 3.208765679615780547e-02
8.229166666666666075e+00 7.971947548291791197e-02
8.239583333333333925e+00 2.254797804606966938e-01
8.252083333333333215e+00 1.864332846345382877e-01
8.262499999999999289e+00 2.073369598895629384e-01
8.272916666666667140e+00 1.714322693563525013e-01
8.285416666666666430e+00 -7.100862529437368398e-02
8.295833333333332504e+00 -5.523549254870488423e-03
8.308333333333331794e+00 -1.641324161648966828e-01
8.318749999999999645e+00 -2.933256495040722708e-02
8.331249999999998934e+00 -7.744148487450944196e-02
8.341666666666665009e+00 4.234603539003645861e-02
8.354166666666666075e+00 8.820140327457458296e-02
8.364583333333332149e+00 1.973904150117462841e-02
8.377083333333331439e+00 -1.432445664277328390e-01
8.387499999999999289e+00 -6.525034048485679750e-02
8.397916666666665364e+00 -1.603278146784228586e-01
8.410416666666664653e+00 -1.857521929499036106e-01
8.420833333333332504e+00 -1.003968907358449153e-01
8.433333333333330017e+00 -2.982262762355107275e-02
8.443749999999997868e+00 2.853023956395021876e-02
8.456249999999998934e+00 1.831550213587002374e-01
8.466666666666663232e+00 1.514379345209791727e-01
8.479166666666664298e+00 2.847787023421837760e-01
8.489583333333332149e+00 2.354633695453097753e-01
8.502083333333331439e+00 1.946880084136872191e-01
8.512499999999997513e+00 5.459682330292300878e-02
8.522916666666665364e+00 9.833071342955698735e-02
8.535416666666664653e+00 -7.826267087807507739e-02
8.545833333333330728e+00 -6.470986784828813843e-02
8.558333333333331794e+00 -5.350401347107276023e-02
8.568749999999997868e+00 1.685151602528275894e-01
8.581249999999997158e+00 8.614480739380374341e-02
8.591666666666665009e+00 -8.833833479724774451e-02
8.604166666666664298e+00 -2.326061057055832382e-01
8.614583333333330373e+00 -3.518909229182648479e-01
8.627083333333329662e+00 -2.909537185936882375e-01
8.637499999999997513e+00 -1.341921311831512365e-01
8.647916666666663588e+00 -1.109539832683382604e-01
8.660416666666662877e+00 -3.855154084583684027e-02
8.670833333333330728e+00 7.450137982804914960e-02
8.683333333333331794e+00 8.411460973020902510e-03
8.693749999999996092e+00 1.133317648297338526e-01
8.706249999999997158e+00 9.370602156640264746e-02
8.716666666666665009e+00 2.370442662948952228e-01
8.729166666666662522e+00 1.428066788325237091e-01
8.739583333333330373e+00 6.488828219960464383e-02
8.752083333333329662e+00 1.600284542869563897e-01
8.762499999999995737e+00 2.918815956189836913e-01
8.772916666666663588e+00 2.945247109855689271e-01
8.785416666666662877e+00 2.435216548591923880e-01
8.795833333333328952e+00 2.013508346614290290e-01
8.808333333333330017e+00 6.917381832032139591e-03
8.818749999999996092e+00 -1.006574287633747733e-01
8.831249999999995381e+00 -2.427918933056956163e-01
8.841666666666663232e+00 -3.603128303501997309e-01
8.854166666666662522e+00 -1.915402756495144798e-01
8.864583333333328596e+00 -1.583711082926395619e-01
8.877083333333329662e+00 -2.905112534230455679e-01
8.887499999999995737e+00 -1.338262880244834307e-01
8.897916666666661811e+00 -5.746303212961597490e-02
8.910416666666661101e+00 5.676343794535596531e-03
8.920833333333328952e+00 4.693367255235070430e-03
8.933333333333328241e+00 5.706907477361054110e-02
8.943749999999994316e+00 -6.002079272012824165e-03
8.956249999999995381e+00 1.546026890235475959e-01
8.966666666666661456e+00 7.464156881802302967e-02
8.979166666666660745e+00 2.744696798498640344e-01
8.989583333333328596e+00 3.333164905020035707e-01
9.012500000000001066e+00 4.883496792162157485e-01
9.022916666666667140e+00 2.442164299657796633e-01
9.035416666666666430e+00 9.554837245671159163e-02
9.045833333333334281e+00 -8.056319186260449405e-02
9.058333333333335347e+00 -2.261773898678340611e-01
9.068749999999999645e+00 -1.338216272155776099e-01
9.081250000000000711e+00 -1.638361010425113118e-01
9.091666666666668561e+00 -8.227602423376023655e-02
9.104166666666667851e+00 3.834869669058654784e-02
9.114583333333333925e+00 -1.810460199214149468e-01
9.125000000000001776e+00 6.305969483220646987e-02
9.137500000000001066e+00 -1.048859199515185915e-03
9.147916666666667140e+00 -8.672274972253667114e-04
9.160416666666668206e+00 -1.070939716936747110e-01
9.170833333333334281e+00 -8.854843155611620553e-02
9.183333333333333570e+00 -7.321443594859257387e-02
9.193750000000001421e+00 3.117833897275867905e-01
9.206250000000000711e+00 2.577916357849951434e-01
9.216666666666666785e+00 3.195265953285082450e-01
9.229166666666666075e+00 3.705708675062662771e-01
9.239583333333333925e+00 4.127757663424038159e-01
9.252083333333334991e+00 2.349181672662703224e-01
9.262499999999999289e+00 3.467183529665070207e-02
9.272916666666667140e+00 -7.770923397591160409e-02
9.285416666666668206e+00 -1.174407313157759813e-01
9.295833333333332504e+00 -9.710343536945222065e-02
9.308333333333333570e+00 -2.709950229274752168e-02
9.318750000000001421e+00 -2.240666198128291736e-02
9.331249999999998934e+00 -1.852648420329198325e-02
9.341666666666666785e+00 9.105868300307219665e-02
9.354166666666666075e+00 -8.427539856301866084e-02
9.364583333333332149e+00 -1.760582897597340046e-01
9.377083333333333215e+00 -9.238168773636079578e-02
9.387499999999999289e+00 -1.295723457009658741e-01
9.397916666666665364e+00 -1.603226706653420874e-01
9.410416666666666430e+00 2.700590548305404487e-02
9.420833333333332504e+00 1.287061960046478326e-01
9.433333333333331794e+00 2.659834353413337293e-01
9.443749999999999645e+00 3.262998150609850989e-01
9.456249999999998934e+00 3.229827026012081492e-01
9.466666666666665009e+00 2.138630942867459916e-01
9.479166666666666075e+00 -3.592557684793373785e-02
9.489583333333332149e+00 -8.289278015804633915e-02
9.502083333333333215e+00 3.783874483350479351e-02
9.512499999999997513e+00 -7.509074044230387712e-02
9.522916666666665364e+00 4.428969971773649011e-02
9.535416666666666430e+00 1.429969431548754888e-01
9.545833333333330728e+00 1.182340596154134588e-01
9.558333333333331794e+00 9.775938243659251792e-02
9.568749999999999645e+00 -2.554660276850227035e-02
9.581249999999997158e+00 -7.431114048812945128e-02
9.591666666666665009e+00 -1.146310881223706751e-01
9.604166666666666075e+00 -2.011572627156776871e-01
9.614583333333330373e+00 -1.663227147886651713e-01
9.627083333333331439e+00 -8.433202928825569988e-02
9.637499999999999289e+00 3.664873151078929664e-02
9.647916666666663588e+00 1.898676282134687809e-01
9.660416666666664653e+00 1.569881144166387910e-01
9.670833333333332504e+00 1.829908309855276527e-01
9.683333333333331794e+00 -8.263206796090829045e-03
9.693749999999997868e+00 -6.002072263250560202e-02
9.706249999999997158e+00 3.561570396709142546e-03
9.716666666666665009e+00 -5.024365061470166538e-02
9.729166666666664298e+00 -9.473138278806234047e-02
9.739583333333330373e+00 8.123870284247691753e-02
9.752083333333331439e+00 -3.920638439014406673e-02
9.762499999999997513e+00 7.395993601177713872e-02
9.772916666666663588e+00 6.115224067480564546e-02
9.785416666666664653e+00 -2.625998147976079354e-03
9.795833333333330728e+00 -5.535971346223372141e-02
9.808333333333330017e+00 -2.585268772602671294e-01
9.818749999999997868e+00 -1.605691305992294482e-01
9.831249999999995381e+00 -1.327632587159852384e-01
9.841666666666663232e+00 -5.658408837136751773e-02
9.854166666666664298e+00 6.403080230017520885e-03
9.864583333333328596e+00 1.116711768254257386e-01
9.877083333333329662e+00 1.987099213875355708e-01
9.887499999999997513e+00 1.642991813192947181e-01
9.897916666666661811e+00 1.358473738689010279e-01
9.910416666666662877e+00 1.123225863871611246e-01
9.920833333333330728e+00 3.968314197807948362e-02
9.933333333333328241e+00 -7.356573887840496540e-02
9.943749999999996092e+00 4.555061566349376256e-02
9.956249999999997158e+00 3.766258277314422920e-02
9.966666666666661456e+00 1.375174488201207357e-01
9.979166666666662522e+00 6.051499195429310002e-02
9.989583333333328596e+00 1.032240285571448674e-01
1.001250000000000107e+01 -7.421673465182318519e-02
1.002291666666666536e+01 -1.145530306126587294e-01
1.003541666666666643e+01 -9.471579987492187436e-02
1.004583333333333428e+01 -2.378791805671573167e-01
1.005833333333333357e+01 -3.712008779333841879e-02
1.006874999999999964e+01 7.568494712572393368e-02
1.008125000000000071e+01 6.257853037292900045e-02
1.009166666666666679e+01 1.581186838458025490e-01
1.010416666666666785e+01 7.754869628696474393e-02
1.011458333333333393e+01 1.704964553570132157e-01
1.012500000000000000e+01 1.941599228053452197e-01
1.013750000000000107e+01 1.073486479624485845e-01
1.014791666666666536e+01 1.419474666552480446e-01
1.016041666666666643e+01 2.237432443225406409e-01
1.017083333333333428e+01 2.381859270120286753e-01
1.018333333333333179e+01 3.565044825541109907e-01
1.019374999999999964e+01 2.415798834846446530e-01
1.020625000000000071e+01 1.997453212330021766e-01
1.021666666666666501e+01 2.183437415315955810e-01
1.022916666666666607e+01 1.805329987015099891e-01
1.023958333333333393e+01 -1.029541449523752560e-02
1.025208333333333321e+01 -6.170101146212184778e-02
1.026249999999999929e+01 -2.105815868195696494e-01
1.027291666666666714e+01 -6.773809930005594837e-02
1.028541666666666643e+01 5.036907870279026117e-02
1.029583333333333250e+01 4.164662910080815100e-02
1.030833333333333179e+01 1.408115749787722526e-01
1.031874999999999964e+01 1.696155945219447181e-01
1.033124999999999893e+01 3.386621736565773033e-02
1.034166666666666501e+01 8.119004143910774074e-02
1.035416666666666607e+01 1.394184223980682313e-02
1.036458333333333215e+01 -4.166093791579849465e-02
1.037708333333333144e+01 -3.444648331982714390e-02
1.038749999999999929e+01 1.842724841949334169e-01
1.039791666666666536e+01 3.119272694227575582e-01
1.041041666666666465e+01 3.110990610328946970e-01
1.042083333333333250e+01 1.508488901765873136e-01
1.043333333333333179e+01 2.311032019276859917e-01
1.044374999999999787e+01 -2.167095105228090263e-02
1.045624999999999893e+01 -7.110663816833402706e-02
1.046666666666666323e+01 4.758387213417014650e-02
1.047916666666666430e+01 -1.734101064545703064e-01
1.048958333333333215e+01 -1.433805535427374600e-01
1.050208333333333144e+01 -1.185512399163819175e-01
1.051249999999999751e+01 -4.483317509354011604e-02
1.052291666666666536e+01 -3.706938190291915458e-02
1.053541666666666465e+01 -8.383851166861856774e-02
1.054583333333333073e+01 -6.932013627704637637e-02
1.055833333333333179e+01 -5.731591839871005845e-02
1.056874999999999787e+01 -1.005789408710638932e-01
1.058124999999999716e+01 -2.427269972181615998e-01
1.059166666666666501e+01 -1.475053271528117271e-01
1.060416666666666430e+01 3.760366039682096900e-02
1.061458333333333037e+01 8.428026877129314587e-02
1.062708333333332966e+01 1.760623165905420284e-01
1.063749999999999751e+01 3.583273237531127697e-01
1.064791666666666359e+01 1.367101393557008104e-01
1.066041666666666288e+01 1.130359461537993465e-01
1.067083333333333073e+01 9.346143002343157424e-02
1.068333333333333002e+01 2.368420308451510414e-01
1.069374999999999609e+01 -1.692591926783043946e-02
1.070624999999999716e+01 3.919361565388890245e-02
1.071666666666666323e+01 1.919718129383361505e-01
1.072916666666666252e+01 1.587279159586418020e-01
1.073958333333333037e+01 1.844293498426308464e-01
1.075208333333332966e+01 2.056800479274813187e-01
1.076249999999999574e+01 -9.588002048414047407e-02
1.077291666666666359e+01 -2.388417922557693474e-01
1.078541666666666288e+01 -1.974813872324323594e-01
1.079583333333332895e+01 -1.632833933078303712e-01
1.080833333333333002e+01 -3.477613358105930974e-01
1.081874999999999609e+01 -1.279738711476709201e-01
1.083124999999999538e+01 -5.262408249445044151e-02
1.084166666666666323e+01 9.677329039805801156e-03
1.085416666666666252e+01 6.118996030976539546e-02
1.086458333333332860e+01 -2.594810449356275625e-03
1.087708333333332966e+01 -5.533392655982329739e-02
1.088749999999999574e+01 7.436750621095201963e-03
1.089791666666666181e+01 -1.002279994412253183e-01
1.091041666666666288e+01 -8.287144465901519208e-02
1.092083333333332895e+01 9.104484695190653842e-02
1.093333333333333002e+01 1.284670065970960617e-01
1.094374999999999432e+01 2.125972052322041284e-01
1.095624999999999538e+01 2.821585168341753103e-01
1.096666666666666323e+01 2.864853847501663275e-01
1.097916666666666075e+01 1.304975819265086490e-01
1.098958333333332860e+01 1.610876830679467964e-01
1.101249999999999929e+01 -2.391272160407232339e-01
1.102291666666666536e+01 -1.977173839751592554e-01
1.103541666666666643e+01 -1.102900610217330407e-01
1.104583333333333250e+01 -1.443795130985602859e-01
1.105833333333333357e+01 -1.725656702302015566e-01
1.106874999999999787e+01 1.688303496228265449e-02
1.108124999999999893e+01 -9.241753495646412575e-02
1.109166666666666679e+01 -2.322506262602310953e-02
1.110416666666666607e+01 -1.255800844256521331e-01
1.111458333333333215e+01 -1.038332908446265440e-01
1.112500000000000000e+01 -8.585240515590693289e-02
1.113749999999999929e+01 8.858010152921602653e-02
1.114791666666666536e+01 7.324062160966918200e-02
1.116041666666666643e+01 1.137459517683662436e-01
1.117083333333333250e+01 3.599907899699631431e-01
1.118333333333333179e+01 2.444624645367039495e-01
1.119374999999999964e+01 2.553171849532208104e-01
1.120624999999999893e+01 2.642921856246733259e-01
1.121666666666666501e+01 5.770672456509605419e-03
1.122916666666666430e+01 4.771360954931199751e-03
1.123958333333333215e+01 1.103220235512968744e-01
1.125208333333333321e+01 9.121747935081019054e-02
1.126249999999999751e+01 2.223282151309012578e-02
1.127291666666666536e+01 1.838274781405953989e-02
1.128541666666666643e+01 1.519939414780513420e-02
1.129583333333333073e+01 -9.380961847964829070e-02
1.130833333333333179e+01 -7.756453934688636864e-02
1.131874999999999964e+01 -1.705095548625650270e-01
1.133124999999999716e+01 -3.005476764662650124e-01
1.134166666666666501e+01 -8.893623516451534816e-02
1.135416666666666430e+01 -1.267235446301720192e-01
1.136458333333333037e+01 -5.159027591966861004e-02
1.137708333333333144e+01 1.169090331920348003e-01
1.138749999999999751e+01 4.347535048929983964e-02
1.139791666666666359e+01 3.594669276241468925e-02
1.141041666666666465e+01 1.360987007175023245e-01
1.142083333333333073e+01 6.153468178382828085e-03
1.143333333333333002e+01 1.114647902723669148e-01
1.144374999999999787e+01 9.216235233651047520e-02
1.145624999999999716e+01 -3.017439113910748427e-02
1.146666666666666323e+01 1.346163137956499500e-01
1.147916666666666430e+01 2.176816324787675117e-01
1.148958333333333037e+01 1.799855475497838253e-01
1.150208333333333144e+01 3.083827046813721884e-01
1.151249999999999751e+01 1.486029272090382547e-01
1.152291666666666359e+01 -3.669613253211451848e-02
1.153541666666666465e+01 -3.034143685684700248e-02
1.154583333333332895e+01 -2.508718840419362633e-02
1.155833333333333002e+01 -1.271197445429545214e-01
1.156874999999999787e+01 -1.582947882146135410e-01
1.158124999999999538e+01 -7.769430453553552440e-02
1.159166666666666323e+01 4.213699669192166875e-02
1.160416666666666430e+01 -1.247252812541060352e-01
1.161458333333332860e+01 1.096273306589725938e-01
1.162708333333332966e+01 -1.573383567965895569e-02
1.163749999999999751e+01 -6.619765733682664299e-02
1.164791666666666181e+01 -1.079226226864164057e-01
1.166041666666666288e+01 -8.923358446019023782e-02
1.167083333333333073e+01 -1.269694017340481373e-01
1.168333333333333002e+01 5.458336483391375976e-02
1.169374999999999609e+01 1.515080468763757571e-01
1.170624999999999538e+01 2.316482119874719581e-01
1.171666666666666323e+01 8.515660182915553433e-02
1.172916666666666252e+01 2.299753557252871838e-01
1.173958333333332860e+01 8.377343528960504160e-02
1.175208333333332966e+01 -3.711059338476961622e-02
1.176249999999999574e+01 2.250433607764820015e-02
1.177291666666666181e+01 7.179570530920162397e-02
1.178541666666666288e+01 -4.701413124590154979e-02
1.179583333333332895e+01 6.750426229709446946e-02
1.180833333333332824e+01 5.581450062245744970e-02
1.181874999999999609e+01 4.614906338839008804e-02
1.183124999999999538e+01 9.134585817798490659e-02
1.184166666666666146e+01 -3.084949241669039319e-02
1.185416666666666252e+01 -2.382611088294941393e-01
1.186458333333332682e+01 -1.438127998698288668e-01
1.187708333333332789e+01 -1.720970951390672909e-01
1.188749999999999574e+01 -2.486718399473901164e-01
1.189791666666666003e+01 -4.604377458313457794e-02
1.191041666666666110e+01 1.511812029526695203e-02
1.192083333333332895e+01 1.250010452551093311e-02
1.193333333333332646e+01 6.352391373346122361e-02
1.194374999999999432e+01 1.057118931867491035e-01
1.195624999999999538e+01 1.405941498817822877e-01
1.196666666666665968e+01 9.870437176183612105e-03
1.197916666666666075e+01 -9.821575613804450766e-02
1.198958333333332860e+01 7.835772093268397742e-02
1.201250000000000107e+01 1.711653806227118879e-01
1.202291666666666536e+01 1.947130098014423216e-01
1.203541666666666643e+01 3.205598016978019604e-01
1.204583333333333428e+01 1.586713075730856182e-01
1.205833333333333357e+01 2.375710056750224008e-01
1.206874999999999964e+01 9.005374107209436485e-02
1.208125000000000071e+01 -1.382947752797836771e-01
1.209166666666666679e+01 -1.675346308377817783e-01
1.210416666666666785e+01 -2.448994608723602251e-01
1.211458333333333393e+01 -1.493015837127993073e-01
1.212500000000000000e+01 -3.362007662434752242e-01
1.213750000000000107e+01 -2.779806376401126045e-01
1.214791666666666536e+01 -1.234656079933672268e-01
1.216041666666666643e+01 5.748040409166457754e-02
1.217083333333333428e+01 -2.716042866630613561e-01
1.218333333333333179e+01 -2.245703769089862634e-01
1.219374999999999964e+01 -1.856813631502314821e-01
1.220625000000000071e+01 -1.535267878866513891e-01
1.221666666666666501e+01 -1.801289048613215482e-01
1.222916666666666607e+01 1.062953111436133573e-02
1.223958333333333393e+01 8.788807562817370009e-03
1.225208333333333321e+01 1.668322273421377067e-01
1.226249999999999929e+01 2.443186930954693581e-01
1.227291666666666714e+01 1.488213879097446402e-01
1.228541666666666643e+01 1.667295847494549427e-02
1.229583333333333250e+01 6.697415156191095786e-02
1.230833333333333179e+01 -5.100073306142177687e-02
1.231874999999999964e+01 1.173964844895972054e-01
1.233124999999999893e+01 -6.249853311124878991e-02
1.234166666666666501e+01 1.512844141477701250e-03
1.235416666666666607e+01 5.443932513600648060e-02
1.236458333333333215e+01 4.501202803043601042e-02
1.237708333333333144e+01 -1.597119855504487013e-02
1.238749999999999929e+01 -6.639391591228493983e-02
1.239791666666666536e+01 -5.489643372006712541e-02
1.241041666666666465e+01 -1.517669013979539294e-01
1.242083333333333250e+01 -1.254853178791286161e-01
1.243333333333333179e+01 -2.633203189983941983e-01
1.244374999999999787e+01 -1.113440272793572161e-01
1.245624999999999893e+01 1.206913432541344561e-01
1.246666666666666323e+01 9.979113649946008691e-02
1.247916666666666430e+01 8.251023358722996137e-02
1.248958333333333215e+01 2.809757222790848497e-01
1.250208333333333144e+01 1.259420316700094467e-01
1.251249999999999751e+01 1.041325594242267505e-01
1.252291666666666536e+01 -2.027707342592606141e-02
1.253541666666666465e+01 3.642278327268651944e-02
1.254583333333333073e+01 -1.294499602235793800e-01
1.255833333333333179e+01 -5.384455616327456923e-02
1.256874999999999787e+01 1.150451282805779463e-01
1.258124999999999716e+01 4.193421933252068634e-02
1.259166666666666501e+01 -1.851602090610841161e-02
1.260416666666666430e+01 1.442557956666414842e-01
1.261458333333333037e+01 -1.466673907831982926e-01
1.262708333333332966e+01 3.829649072208022448e-02
1.263749999999999751e+01 -2.152380143555362654e-02
1.264791666666666359e+01 -2.305503544655692072e-01
1.266041666666666288e+01 -1.374373223873729399e-01
1.267083333333333073e+01 -6.044874107355885373e-02
1.268333333333333179e+01 5.639613351986250134e-02
1.269374999999999609e+01 4.662997449844437370e-02
1.270624999999999716e+01 9.174348956507262509e-02
1.271666666666666501e+01 -3.052071914302939906e-02
1.272916666666666252e+01 2.795303705519794693e-02
1.273958333333333037e+01 7.630085081786444623e-02
1.275208333333333144e+01 -4.328914502664679004e-02
1.276249999999999574e+01 -8.898119393651454656e-02
1.277291666666666359e+01 8.599312735278229203e-02
1.278541666666666288e+01 2.306670195220484887e-01
1.279583333333332895e+01 1.375337844720867231e-01
1.280833333333333002e+01 2.200938826588927921e-01
1.281874999999999609e+01 -3.077377858182878123e-02
1.283124999999999538e+01 2.774380010150866854e-02
1.284166666666666323e+01 -8.343753633126835267e-02
1.285416666666666252e+01 -1.580013682428544133e-02
1.286458333333332860e+01 4.012444554162960392e-02
1.287708333333332966e+01 -7.320085617048922855e-02
1.288749999999999574e+01 -7.336149932740470073e-03
1.289791666666666181e+01 1.003111790359867417e-01
1.291041666666666288e+01 2.975175868041122704e-02
1.292083333333332895e+01 -2.858883608120142694e-02
1.293333333333332824e+01 -2.363808676594008826e-02
1.294374999999999432e+01 -1.954466227191959879e-02
1.295624999999999538e+01 -6.934856034603105457e-02
1.296666666666666146e+01 -5.733942025121612635e-02
1.297916666666666075e+01 -1.537868341936491079e-01
1.298958333333332860e+01 -1.271554574591485243e-01
1.301250000000000107e+01 5.442952851261272096e-02
1.302291666666666714e+01 9.819238919843058244e-02
1.303541666666666821e+01 2.799988120362278260e-02
1.304583333333333428e+01 7.633958293137226014e-02
1.305833333333333535e+01 6.311980242506476380e-02
1.306874999999999964e+01 5.218930082131093690e-02
1.308125000000000071e+01 -1.696022031667186181e-01
1.309166666666666856e+01 1.933331630174544083e-02
1.310416666666666785e+01 1.223622746126691307e-01
1.311458333333333393e+01 4.798425016922918535e-02
1.312500000000000178e+01 3.967478304039364495e-02
1.313750000000000107e+01 8.599273361642008340e-02
1.314791666666666714e+01 1.242897713631519047e-01
1.316041666666666821e+01 -3.610500382579190544e-03
1.317083333333333428e+01 -1.093621900395518043e-01
1.318333333333333357e+01 -3.723539959584577091e-02
1.319375000000000142e+01 -1.371642412612981421e-01
1.320625000000000071e+01 4.615397300357647337e-02
1.321666666666666679e+01 3.816145628849419019e-02
1.322916666666666607e+01 -2.163545185910135601e-02
1.323958333333333393e+01 -7.107728639598369369e-02
1.325208333333333499e+01 -5.580320264094890646e-03
1.326249999999999929e+01 -1.641793560976028687e-01
1.327291666666666714e+01 -8.255983756427191789e-02
1.328541666666666821e+01 -2.278282749963644604e-01
1.329583333333333250e+01 -1.351866273785219397e-01
1.330833333333333357e+01 -5.858780053887596706e-02
1.331875000000000142e+01 4.746352340028394887e-03
1.333124999999999893e+01 5.711288439315414384e-02
1.334166666666666679e+01 3.131649116226760676e-01
1.335416666666666785e+01 9.936853463018981147e-02
1.336458333333333215e+01 8.216081398772498434e-02
1.337708333333333321e+01 1.211214280138089711e-01
1.338749999999999929e+01 -5.941864073741468660e-02
1.339791666666666536e+01 -4.912907196627759598e-02
1.341041666666666643e+01 6.575556738306867488e-02
1.342083333333333250e+01 1.075570897680582644e-01
1.343333333333333179e+01 3.574288983723910434e-02
1.344374999999999964e+01 1.359301904915199422e-01
1.345624999999999893e+01 1.655795228987322065e-01
1.346666666666666501e+01 8.371753647267130005e-02
1.347916666666666607e+01 1.603164913973276554e-02
1.348958333333333215e+01 -1.994984082896824051e-01
1.350208333333333321e+01 -1.117626640741700289e-01
1.351249999999999929e+01 -1.987855657235809981e-01
1.352291666666666536e+01 -5.798480366536994807e-02
1.353541666666666643e+01 -4.794353349172067458e-02
1.354583333333333073e+01 1.354734400385713619e-02
1.355833333333333179e+01 6.438980199779499591e-02
1.356874999999999964e+01 1.064278349572966437e-01
1.358124999999999716e+01 8.799765019768604479e-02
1.359166666666666501e+01 1.957057249123100515e-02
1.360416666666666607e+01 6.936998367401861487e-02
1.361458333333333037e+01 2.169225175953284623e-01
1.362708333333333144e+01 -3.339595607539664474e-02
1.363749999999999929e+01 7.876416827436374946e-02
1.364791666666666359e+01 1.715014431857757038e-01
1.366041666666666465e+01 1.418024148655733507e-01
1.367083333333333250e+01 1.704348499525755734e-01
1.368333333333333179e+01 3.454360174386807147e-02
1.369374999999999787e+01 -7.781526123209688006e-02
1.370624999999999716e+01 -1.115147514954392509e-02
1.371666666666666501e+01 -1.155972887800264109e-01
1.372916666666666430e+01 -2.019561457102282132e-01
1.373958333333333037e+01 -1.137947933371256104e-01
1.375208333333333144e+01 -9.408886709399104376e-02
1.376249999999999751e+01 2.858149232841015325e-02
1.377291666666666359e+01 -2.955644656698128148e-02
1.378541666666666465e+01 -7.762659675073739496e-02
1.379583333333333073e+01 -1.705608657414218188e-01
1.380833333333333002e+01 -1.942131791968583210e-01
1.381874999999999787e+01 -1.073926819066065158e-01
1.383124999999999716e+01 -8.879541390652694044e-02
1.384166666666666323e+01 -2.023018688458642217e-02
1.385416666666666430e+01 8.965001174098971570e-02
1.386458333333332860e+01 7.412525470021691376e-02
1.387708333333332966e+01 2.208543149162592034e-01
1.388749999999999751e+01 3.421741981959268153e-01
1.389791666666666181e+01 2.297311847800920792e-01
1.391041666666666288e+01 1.899484702088507226e-01
1.392083333333333073e+01 2.634318795516869538e-01
1.393333333333332824e+01 -1.013175764009519447e-01
1.394374999999999609e+01 2.260458381353173951e-02
1.395624999999999716e+01 -8.768679083671837571e-02
1.396666666666666146e+01 1.402518390397449466e-01
1.397916666666666252e+01 -4.360105675409597231e-02
1.398958333333333037e+01 7.032629222327287100e-02
1.401250000000000107e+01 -4.822908501042037777e-02
1.402291666666666536e+01 -1.462541422621360110e-01
1.403541666666666643e+01 -1.209272072095475825e-01
1.404583333333333428e+01 -2.063630783301788896e-01
1.405833333333333357e+01 -1.706270355673456529e-01
1.406874999999999964e+01 -8.789096774053506422e-02
1.408125000000000071e+01 -1.948236431195668819e-02
1.409166666666666679e+01 3.707987203755391814e-02
1.410416666666666785e+01 1.902241078252622786e-01
1.411458333333333393e+01 5.090593959140545660e-02
1.412500000000000000e+01 4.209052140303502082e-02
1.413750000000000107e+01 2.475555207377982680e-01
1.414791666666666714e+01 2.046861530832700948e-01
1.416041666666666643e+01 6.286358206593144204e-02
1.417083333333333428e+01 1.051659116292073815e-01
1.418333333333333179e+01 1.401427163434211254e-01
1.419374999999999964e+01 1.690625626177344742e-01
1.420625000000000071e+01 8.659741569731287114e-02
1.421666666666666501e+01 1.247897402129996558e-01
1.422916666666666607e+01 -5.638557280127767801e-02
1.423958333333333393e+01 -9.980970389017786160e-02
1.425208333333333321e+01 2.385133695664279005e-02
1.426249999999999929e+01 -1.930328614386793984e-01
1.427291666666666714e+01 -1.596052219267043437e-01
1.428541666666666643e+01 -2.558934819569692876e-02
1.429583333333333250e+01 3.203043894722122642e-02
1.430833333333333179e+01 1.328606273934201387e-01
1.431874999999999964e+01 5.666459564487522083e-02
1.433124999999999893e+01 4.685194684408981736e-02
1.434166666666666501e+01 9.192702279989121983e-02
1.435416666666666607e+01 2.281949281255192877e-02
1.436458333333333215e+01 7.205628612553255374e-02
1.437708333333333144e+01 5.957824720913899863e-02
1.438749999999999929e+01 4.926103927045456798e-02
1.439791666666666536e+01 4.073046965423954280e-02
1.441041666666666465e+01 1.400540675228099941e-01
1.442083333333333250e+01 2.221777264799721374e-01
1.443333333333333179e+01 2.368915110207298891e-01
1.444374999999999787e+01 8.949191499601487354e-02
1.445624999999999893e+01 -3.238238692355660531e-02
1.446666666666666501e+01 2.641375562379518968e-02
1.447916666666666430e+01 -1.909141786558894993e-01
1.448958333333333215e+01 1.711950943326047761e-03
1.450208333333333144e+01 -5.177297013644522466e-02
1.451249999999999751e+01 -2.023727915539629829e-01
1.452291666666666536e+01 -7.762365714150326786e-03
1.453541666666666465e+01 -6.418151258023960248e-03
1.454583333333333073e+01 -5.849517668956933508e-02
1.455833333333333179e+01 -4.836552485209239666e-02
1.456874999999999787e+01 -3.999003211207843161e-02
1.458124999999999716e+01 -1.394418520826048447e-01
1.459166666666666501e+01 -6.210614491909941665e-02
1.460416666666666430e+01 1.837282188045611395e-03
1.461458333333333037e+01 5.470758001260601910e-02
1.462708333333332966e+01 4.523382901702176911e-02
1.463749999999999751e+01 3.740065429818004855e-02
1.464791666666666359e+01 1.373008786879232612e-01
1.466041666666666288e+01 2.199013093366784244e-01
1.467083333333333073e+01 -3.093300384299552466e-02
1.468333333333333002e+01 -2.557631330968727565e-02
1.469374999999999609e+01 -7.433570603350608819e-02
1.470624999999999716e+01 -6.146293833150009295e-02
1.471666666666666323e+01 1.619344881370125000e-01
1.472916666666666252e+01 2.751525370063210088e-02
1.473958333333333037e+01 7.593887872178915754e-02
1.475208333333333144e+01 1.159769497545788258e-01
1.476249999999999574e+01 1.490815992175407445e-01
1.477291666666666359e+01 1.764534927125776531e-01
1.478541666666666288e+01 -1.366846949636495515e-02
1.479583333333332895e+01 -1.130149079854741133e-02
1.480833333333333002e+01 -1.157213261111494362e-01
1.481874999999999609e+01 6.388360310765985040e-02
1.483124999999999538e+01 -3.676277126854921463e-04
1.484166666666666323e+01 -3.039653571502835307e-04
1.485416666666666252e+01 5.293713384525997045e-02
1.486458333333332860e+01 4.376997228640241294e-02
1.487708333333332966e+01 -1.233750892180306147e-01
1.488749999999999574e+01 -4.882167494062407409e-02
1.489791666666666181e+01 -4.036719036156644763e-02
1.491041666666666288e+01 -1.929421588697123602e-01
1.492083333333332895e+01 -5.315330378071565776e-02
1.493333333333333002e+01 -1.503256305247658020e-01
1.494374999999999609e+01 -1.791671031394103178e-02
1.495624999999999538e+01 -6.800252199999880232e-02
1.496666666666666323e+01 -3.038015031032063017e-03
1.497916666666666075e+01 1.038650028240638151e-01
1.498958333333332860e+01 -2.049829705711810057e-02
1.501249999999999929e+01 8.942833039995075339e-02
1.502291666666666536e+01 -3.243496052964597171e-02
1.503541666666666643e+01 1.859356701358659825e-01
1.504583333333333250e+01 2.069255176516578143e-01
1.505833333333333357e+01 1.179036155637582933e-01
1.506874999999999964e+01 1.506746229222127864e-01
1.508124999999999893e+01 1.777706513560593782e-01
1.509166666666666679e+01 9.379751844292999463e-02
1.510416666666666607e+01 -2.882238792392283200e-02
1.511458333333333215e+01 -2.383119426801727850e-02
1.512500000000000000e+01 -1.792697131178602465e-01
1.513749999999999929e+01 -3.077908318131187260e-01
1.514791666666666536e+01 -3.076789333004901206e-01
1.516041666666666643e+01 -2.012094897276418271e-01
1.517083333333333250e+01 -1.131774363083021262e-01
1.518333333333333179e+01 -9.357841822606345616e-02
1.519374999999999964e+01 -1.305618375106740447e-01
1.520624999999999893e+01 -1.079523501632882743e-01
1.521666666666666501e+01 -8.925816400849531651e-02
1.522916666666666430e+01 -7.380126352149961322e-02
1.523958333333333215e+01 4.535587699232625225e-02
1.525208333333333321e+01 -1.568689416530505767e-02
1.526249999999999751e+01 9.340653919094317470e-02
1.527291666666666536e+01 1.304197228917442497e-01
1.528541666666666643e+01 2.674002295441281207e-01
1.529583333333333073e+01 3.274712619925240764e-01
1.530833333333333179e+01 2.175743666185261105e-01
1.531874999999999964e+01 7.351993438958677463e-02
1.533124999999999716e+01 2.203538183593795607e-01
1.534166666666666501e+01 -8.374731743642964410e-02
1.535416666666666607e+01 -6.924473421565795206e-02
1.536458333333333037e+01 -1.104420350696268954e-01
1.537708333333333144e+01 -1.445051696912267869e-01
1.538749999999999929e+01 -6.629264417413949229e-02
1.539791666666666359e+01 -2.143780831909367079e-01
1.541041666666666465e+01 -2.836309988753518696e-01
1.542083333333333073e+01 -1.813259534105745308e-01
1.543333333333333002e+01 -1.499256075855270598e-01
1.544374999999999787e+01 -1.239628822410984293e-01
1.545624999999999716e+01 -1.556846020291081656e-01
1.546666666666666323e+01 -7.553612616991939310e-02
1.547916666666666430e+01 4.392144175704064402e-02
1.548958333333333037e+01 1.958809179935757927e-01
1.550208333333333144e+01 2.683370010845596565e-01
1.551249999999999751e+01 2.218688895250829629e-01
1.552291666666666359e+01 2.898246168866135952e-01
1.553541666666666465e+01 1.864470181342307020e-01
1.554583333333333073e+01 2.073483151492096499e-01
1.555833333333333002e+01 2.246301195205991641e-01
1.556874999999999787e+01 1.857307600907963652e-01
1.558124999999999538e+01 2.599445533296372290e-01
1.559166666666666323e+01 2.175922774319682430e-03
1.560416666666666430e+01 1.799116661813416479e-03
1.561458333333332860e+01 -5.170089896814546865e-02
1.562708333333332966e+01 -2.023132010014506155e-01
1.563749999999999574e+01 -1.672784784097421651e-01
1.564791666666666359e+01 -2.978761278476890206e-01
1.566041666666666288e+01 -2.994811657548516193e-01
1.567083333333332895e+01 -3.008082580927575189e-01
1.568333333333333002e+01 -3.550939981986671046e-01
1.569374999999999609e+01 2.552865279546491853e-02
1.570624999999999538e+01 2.110783762175696271e-02
1.571666666666666323e+01 1.745257819266862395e-02
1.572916666666666252e+01 1.443030266906988358e-02
1.573958333333332682e+01 1.714967806817790930e-01
1.575208333333332966e+01 1.949870210735479559e-01
1.576249999999999574e+01 2.144094396345878062e-01
1.577291666666666003e+01 7.090308008906019699e-02
1.578541666666666288e+01 1.650016652976546705e-01
1.579583333333332895e+01 1.896166694943395015e-01
1.580833333333332646e+01 1.567806143994854295e-01
1.581874999999999609e+01 7.644234128949636831e-02
1.583124999999999538e+01 1.163932273474448248e-01
1.584166666666666323e+01 9.623732841703404317e-02
1.585416666666666252e+01 -2.680508159858845454e-02
1.586458333333332860e+01 -1.285401489364576544e-01
1.587708333333332966e+01 -1.594692201572589230e-01
1.588749999999999574e+01 -2.382307431628563898e-01
1.589791666666666003e+01 -2.501646152536972090e-01
1.591041666666666288e+01 -2.068434288244636043e-01
1.592083333333332895e+01 -1.710242034209215334e-01
1.593333333333332646e+01 -1.414078190542064350e-01
1.594374999999999609e+01 4.264525863052950200e-02
1.595624999999999538e+01 3.526034850812664878e-02
1.596666666666665968e+01 1.355312111915874529e-01
1.597916666666666252e+01 -4.750421008108624693e-02
1.598958333333332860e+01 6.709905076644739896e-02
1.601249999999999929e+01 5.547945986415557529e-02
1.602291666666666714e+01 2.586258870913202279e-01
1.603541666666666643e+01 3.202163787358435765e-01
1.604583333333333073e+01 3.179527393218131714e-01
1.605833333333333357e+01 2.628926346708338468e-01
1.606875000000000142e+01 1.641788666576307065e-01
1.608125000000000071e+01 2.937097157759677515e-02
1.609166666666666856e+01 -8.209214331052609726e-02
1.610416666666666430e+01 -1.742531103899829792e-01
1.611458333333333570e+01 -1.440775738800662564e-01
1.612500000000000000e+01 -2.255044793465335040e-01
1.613749999999999929e+01 -1.332652450934422028e-01
1.614791666666666714e+01 -1.101876067097275896e-01
1.616041666666666643e+01 -1.442948008734732945e-01
1.617083333333333073e+01 -1.293024377284983373e-02
1.618333333333333357e+01 -1.069110415476274591e-02
1.619375000000000142e+01 -1.152166405616806555e-01
1.620624999999999716e+01 1.111243059460121849e-02
1.621666666666666856e+01 -9.718883961357072110e-02
1.622916666666666430e+01 2.601834428061935989e-02
1.623958333333333215e+01 1.810781127890205844e-01
1.625208333333333499e+01 2.029091470058297375e-01
1.626249999999999929e+01 1.677712240157261114e-01
1.627291666666666359e+01 8.552969913019543846e-02
1.628541666666666643e+01 1.770953821951571638e-01
1.629583333333333073e+01 9.323918612851000987e-02
1.630833333333333002e+01 1.302813504795372612e-01
1.631875000000000142e+01 -5.184494863608793414e-02
1.633124999999999716e+01 1.032153972729809091e-02
1.634166666666666501e+01 6.172261256895038989e-02
1.635416666666666785e+01 -5.534285926823401258e-02
1.636458333333333215e+01 -9.894755780963776504e-02
1.637708333333333499e+01 -2.862427672332166703e-02
1.638749999999999929e+01 2.952107117651000395e-02
1.639791666666666359e+01 -8.196803656684875650e-02
1.641041666666666643e+01 -1.458511139175837704e-02
1.642083333333333073e+01 -1.205939715734086898e-02
1.643333333333333002e+01 -6.315952397706214860e-02
1.644375000000000142e+01 -1.054106050666590716e-01
1.645624999999999716e+01 7.240880916979836046e-02
1.646666666666666501e+01 5.986972358417958634e-02
1.647916666666666785e+01 -1.100633434370636293e-01
1.648958333333333215e+01 6.856178885087546582e-02
1.650208333333333144e+01 5.668889454198459271e-02
1.651249999999999929e+01 -6.316423419368779116e-03
1.652291666666666359e+01 -1.115995264367429934e-01
1.653541666666666288e+01 -3.908529483926014014e-02
1.654583333333333428e+01 -1.386937888143230380e-01
1.655833333333333002e+01 -1.146760856083495483e-01
1.656874999999999787e+01 1.711247611666540103e-01
1.658124999999999716e+01 -7.126288206929268232e-02
1.659166666666666501e+01 4.745468510166578335e-02
1.660416666666666430e+01 3.923692313663973419e-02
1.661458333333333215e+01 -2.074622437863520019e-02
1.662708333333333144e+01 3.603487552774444630e-02
1.663749999999999574e+01 2.979469020374289276e-02
1.664791666666666359e+01 -2.855333904038342280e-02
1.666041666666666288e+01 1.359566471357328277e-01
1.667083333333333073e+01 5.922447542067230120e-02
1.668333333333333002e+01 4.896853039714056666e-02
1.669374999999999787e+01 2.000539986622545952e-01
1.670624999999999716e+01 5.845119855980889650e-03
1.671666666666666501e+01 5.802137754776270917e-02
1.672916666666666430e+01 -5.214687454506008318e-03
1.673958333333332860e+01 -1.106885788816633770e-01
1.675208333333333144e+01 -9.152055803085584751e-02
1.676249999999999574e+01 -1.288603384461886325e-01
1.677291666666666003e+01 -1.065455009161110772e-01
1.678541666666666288e+01 -8.809493985774666247e-02
1.679583333333333073e+01 -1.965101443085979366e-02
1.680833333333332646e+01 -6.943649542508650852e-02
1.681874999999999787e+01 1.021532563596157794e-01
1.683124999999999716e+01 1.376517647546041667e-01
1.684166666666666501e+01 1.138145096048353982e-01
1.685416666666666430e+01 -1.227175352472525960e-02
1.686458333333332860e+01 -1.014664513672448518e-02
1.687708333333333144e+01 2.043643019149388451e-01
1.688749999999999574e+01 6.259746609601707368e-02
1.689791666666666003e+01 2.113228017594641350e-01
1.691041666666666288e+01 1.747278801216276822e-01
1.692083333333333073e+01 1.976585886987470564e-01
1.693333333333332646e+01 3.864524759465551903e-03
1.694374999999999787e+01 -4.999315907692478828e-02
1.695624999999999716e+01 -4.133580774703044663e-02
1.696666666666666146e+01 -8.736611747941473716e-02
1.697916666666666430e+01 -1.254253253543748114e-01
1.698958333333332860e+01 -1.037053315130769954e-01
1.701249999999999929e+01 -8.574660463387366593e-02
1.702291666666666714e+01 -1.240862647133215285e-01
1.703541666666666643e+01 3.778765639128516506e-03
1.704583333333333428e+01 -5.006406722869460174e-02
1.705833333333333357e+01 1.179402461994337459e-02
1.706875000000000142e+01 -9.662527771574384861e-02
1.708125000000000426e+01 -7.989260884707460875e-02
1.709166666666666856e+01 -1.286908698358164849e-02
1.710416666666666785e+01 -6.382899923348460403e-02
1.711458333333333570e+01 1.067896984008474132e-01
1.712500000000000000e+01 8.829684948832250413e-02
1.713749999999999929e+01 1.261948818315992704e-01
1.714791666666667069e+01 1.043416233413922978e-01
1.716041666666666643e+01 3.308424804536135022e-02
1.717083333333333428e+01 2.735502500561133588e-02
1.718333333333333357e+01 -1.369474482668633086e-01
1.719375000000000142e+01 -1.132321601100607228e-01
1.720625000000000071e+01 -9.362366546770281572e-02
1.721666666666666856e+01 -7.741078795183606309e-02
1.722916666666666785e+01 -6.400550610134071727e-02
1.723958333333333215e+01 -1.592985491608329696e-01
1.725208333333333499e+01 -7.852424347643245650e-02
1.726249999999999929e+01 -1.181146050346547904e-01
1.727291666666666714e+01 -2.572259978007832570e-01
1.728541666666666643e+01 -1.594935253717771895e-01
1.729583333333333428e+01 -1.318739168197146372e-01
1.730833333333333357e+01 -1.090372157542804366e-01
1.731875000000000142e+01 1.622175996167271247e-02
1.733125000000000071e+01 1.341262611675799431e-02
1.734166666666666501e+01 1.174668746072396602e-01
1.735416666666666785e+01 2.035019740141941480e-01
1.736458333333333215e+01 6.188446813860442458e-02
1.737708333333333499e+01 1.575448128680055904e-01
1.738749999999999929e+01 1.302626642624213071e-01
1.739791666666666714e+01 1.608934462647830799e-01
1.741041666666666643e+01 2.665448979820623024e-02
1.742083333333333428e+01 2.203871262063437225e-02
1.743333333333333357e+01 7.141071420125712221e-02
1.744375000000000142e+01 1.122329307425905948e-01
1.745625000000000071e+01 3.960901206570825034e-02
1.746666666666666501e+01 -2.043857035742565817e-02
1.747916666666666785e+01 -1.689920842206750137e-02
1.748958333333333215e+01 -6.716122164261828509e-02
1.750208333333333144e+01 -2.150962484742078018e-01
1.751249999999999929e+01 -1.246594150505133253e-01
1.752291666666666714e+01 -1.030720544476462913e-01
1.753541666666666288e+01 -8.522299261353392941e-02
1.754583333333333428e+01 -2.300302495697654492e-01
1.755833333333333357e+01 -8.381882312753281827e-02
1.756874999999999787e+01 9.026152669447658206e-02
1.758125000000000071e+01 2.144241186610910607e-02
1.759166666666666501e+01 1.241061365802552940e-01
1.760416666666666430e+01 1.558030489112696981e-01
1.761458333333333215e+01 -3.074286108560954009e-02
1.762708333333333144e+01 1.873347475016330643e-01
1.763749999999999574e+01 1.017053931771304681e-01
1.764791666666666714e+01 1.372814583617006368e-01
1.766041666666666288e+01 1.666967907395275339e-01
1.767083333333333073e+01 2.442067101467934875e-01
1.768333333333333357e+01 -1.083658678038533843e-02
1.769374999999999787e+01 9.741691535599075746e-02
1.770624999999999716e+01 2.735869672444614029e-02
1.771666666666666501e+01 7.580943282983276799e-02
1.772916666666666430e+01 -3.096377703232065515e-01
1.773958333333332860e+01 -4.326372962470469846e-02
1.775208333333333144e+01 -8.896017973800200707e-02
1.776249999999999574e+01 -1.267433427046288086e-01
1.777291666666666359e+01 -2.111720294565641309e-01
1.778541666666666288e+01 3.815062804511547279e-02
1.779583333333333073e+01 -7.483286627057716967e-02
1.780833333333333002e+01 9.769137893638030201e-02
1.781874999999999787e+01 -1.319797526598200377e-01
1.783124999999999716e+01 -5.593626262272698157e-02
1.784166666666666501e+01 -4.624973977545250581e-02
1.785416666666666430e+01 1.494782224350047796e-02
1.786458333333332860e+01 1.187362197157788568e-01
1.787708333333333144e+01 -8.202339494833572886e-03
1.788749999999999574e+01 2.059719107495133761e-01
1.789791666666666359e+01 1.703036067581203405e-01
1.791041666666666643e+01 1.940004699370827812e-01
1.792083333333333073e+01 1.072168076621121957e-01
1.793333333333333002e+01 -1.772692667465529046e-02
1.794374999999999787e+01 -1.465714202701591355e-02
1.795624999999999716e+01 4.106950710742489352e-02
1.796666666666666146e+01 -1.923099029298841814e-02
1.797916666666666430e+01 1.436646380429359160e-01
1.798958333333332860e+01 1.719745906023570359e-01
1.801249999999999929e+01 -1.237486795118292321e-01
1.802291666666667069e+01 -1.023190316375150732e-01
1.803541666666666998e+01 -8.460037130526704141e-02
1.804583333333333428e+01 -1.231385254350009922e-01
1.805833333333333712e+01 4.562384224671096888e-03
1.806875000000000142e+01 -1.557930710433234334e-01
1.808125000000000426e+01 3.075111107896802073e-02
1.809166666666666856e+01 7.861438034956673426e-02
1.810416666666666785e+01 1.181891328406005220e-01
1.811458333333333570e+01 4.453377436063875316e-02
1.812500000000000355e+01 3.682182861035690480e-02
1.813749999999999929e+01 3.044536605479052083e-02
1.814791666666667069e+01 7.836158141121865595e-02
1.816041666666666998e+01 1.160318867014805723e-02
1.817083333333333428e+01 9.593856139083267037e-03
1.818333333333333712e+01 -9.844444143794180146e-02
1.819375000000000142e+01 7.816863723072245418e-02
1.820625000000000071e+01 6.463211807531056563e-02
1.821666666666666856e+01 1.598166502883831275e-01
1.822916666666666785e+01 2.576416335584060663e-02
1.823958333333333215e+01 7.449102595200472743e-02
1.825208333333333499e+01 6.159136138794858023e-02
1.826249999999999929e+01 -5.545138158777423304e-02
1.827291666666666714e+01 6.052809666792862558e-02
1.828541666666666998e+01 1.032348639180906136e-01
1.829583333333333428e+01 -2.101931435533186884e-02
1.830833333333333357e+01 2.485629219514264576e-01
1.831875000000000142e+01 1.523306406007746139e-01
1.833125000000000071e+01 2.855168178677966462e-01
1.834166666666666501e+01 2.331981986191812573e-02
1.835416666666666785e+01 7.246997117975412239e-02
1.836458333333333215e+01 5.992029412485792850e-02
1.837708333333333499e+01 -3.644607627424390449e-03
1.838750000000000284e+01 -3.013468302111193750e-03
1.839791666666666714e+01 -2.491623827901201689e-03
1.841041666666666998e+01 -5.524860883985778515e-02
1.842083333333333428e+01 1.670726777193625723e-01
1.843333333333333357e+01 -2.142480200754737218e-02
1.844375000000000142e+01 8.866226897846579691e-02
1.845625000000000071e+01 -8.625682384664765112e-02
1.846666666666666501e+01 -7.131966759509479614e-02
1.847916666666666785e+01 -1.121576507427325536e-01
1.848958333333333215e+01 6.683015424856673936e-02
1.850208333333333144e+01 -1.574967168625676373e-01
1.851250000000000284e+01 1.357194094385773819e-01
1.852291666666666714e+01 5.839859043138404503e-03
1.853541666666666643e+01 1.112054890567408250e-01
1.854583333333333428e+01 1.451364158020598816e-01
1.855833333333333357e+01 2.263799608509862449e-01
1.856874999999999787e+01 2.761219622966720397e-02
1.858125000000000071e+01 2.283057234024843396e-02
1.859166666666666501e+01 1.887698570036219423e-02
1.860416666666666430e+01 6.879650580679592953e-02
1.861458333333333215e+01 3.694504090677452890e-03
1.862708333333333144e+01 3.054724158916616826e-03
1.863749999999999929e+01 -5.066272592478166664e-02
1.864791666666666714e+01 1.129903608100652455e-02
1.866041666666666643e+01 -4.384608743042265472e-02
1.867083333333333073e+01 -3.625322892068429809e-02
1.868333333333333357e+01 -1.363521537886737134e-01
1.869374999999999787e+01 -2.191168758111742831e-01
1.870624999999999716e+01 -2.343607100646767083e-01
1.871666666666666501e+01 -8.739937466256003651e-02
1.872916666666666430e+01 -7.226436206409522778e-02
1.873958333333332860e+01 -6.561829184618868729e-03
1.875208333333333144e+01 1.541398714060822350e-01
1.876249999999999929e+01 1.806358202665709345e-01
1.877291666666666359e+01 9.616652399157216147e-02
1.878541666666666643e+01 1.858902204415699977e-01
1.879583333333333073e+01 1.536994772105482743e-01
1.880833333333333002e+01 7.389476684459021782e-02
1.881874999999999787e+01 7.909895596112524047e-03
1.883124999999999716e+01 1.129170558903442173e-01
1.884166666666666501e+01 1.465515893755134635e-01
1.885416666666666430e+01 1.743616064950901379e-01
1.886458333333333215e+01 9.097882033378380806e-02
1.887708333333333144e+01 7.522395255285098392e-02
1.888749999999999929e+01 6.219736656194366914e-02
1.889791666666666359e+01 -1.761857462732137249e-03
1.891041666666666643e+01 -2.142106005505043931e-01
1.892083333333333073e+01 -1.771155967181058388e-01
1.893333333333333002e+01 -1.996328226941346262e-01
1.894374999999999787e+01 -2.182507244456507733e-01
1.895624999999999716e+01 -1.272676281481794347e-01
1.896666666666666146e+01 -2.647939853156875967e-01
1.897916666666666430e+01 -1.657509590432112156e-01
1.898958333333333215e+01 7.570609901258454344e-02
1.901249999999999929e+01 1.157844806754133177e-01
1.902291666666666714e+01 9.573399884421451844e-02
1.903541666666666643e+01 7.915567337904941270e-02
1.904583333333333073e+01 1.186366897666770587e-01
1.905833333333333357e+01 1.512807501379346276e-01
1.906874999999999787e+01 2.314602763884922032e-01
1.908125000000000071e+01 2.977550563854138854e-01
1.909166666666666501e+01 1.930041377186690887e-01
1.910416666666666430e+01 1.063930110108798205e-01
1.911458333333333570e+01 -1.840806586674217232e-02
1.912500000000000000e+01 -1.215972504612515825e-01
1.913749999999999929e+01 -1.005401671036859901e-01
1.914791666666666714e+01 -1.895064766289175640e-01
1.916041666666666643e+01 -1.566895037118586076e-01
1.917083333333333073e+01 -3.423093148206095560e-01
1.918333333333333357e+01 -1.766544418585709597e-01
1.919374999999999787e+01 -9.287460374728960522e-02
1.920624999999999716e+01 -2.360298048545097713e-02
1.921666666666666501e+01 -1.258925579774344550e-01
1.922916666666666430e+01 -1.040916531266023043e-01
1.923958333333333215e+01 -3.287756535252491646e-02
1.925208333333333144e+01 -8.037259500649326927e-02
1.926249999999999929e+01 3.992250770898165407e-02
1.927291666666666359e+01 8.619755962589409348e-02
1.928541666666666643e+01 1.244591275051754181e-01
1.929583333333333073e+01 1.029064508406503375e-01
1.930833333333333002e+01 1.914629893084810186e-01
1.931874999999999787e+01 3.178725895918645961e-01
1.933124999999999716e+01 2.096379032241931228e-01
1.934166666666666501e+01 1.376937276913052857e-02
1.935416666666666430e+01 -4.180354072411564953e-02
1.936458333333333215e+01 1.862406980585622207e-02
1.937708333333333144e+01 -9.097799636951629798e-02
1.938749999999999929e+01 -7.522327127506120426e-02
1.939791666666666359e+01 -1.153852645646013531e-01
1.941041666666666643e+01 -1.485923765776671901e-01
1.942083333333333073e+01 -1.228605278061930123e-01
1.943333333333333002e+01 -4.839622049871911136e-02
1.944374999999999787e+01 -2.527692573838364876e-01
1.945624999999999716e+01 -1.558085618996780386e-01
1.946666666666666501e+01 -1.288270811235963098e-01
1.947916666666666430e+01 -5.332954148492159013e-02
1.948958333333333215e+01 -4.409442641274732844e-02
1.950208333333332789e+01 1.672989844034110732e-02
1.951249999999999929e+01 1.202096924955982776e-01
1.952291666666666359e+01 1.525813548524395102e-01
1.953541666666666288e+01 1.793471931459366953e-01
1.954583333333333073e+01 2.546664332658988839e-01
1.955833333333333002e+01 1.573772024691449389e-01
1.956874999999999432e+01 1.301240790769271349e-01
1.958124999999999716e+01 1.075903986725006839e-01
1.959166666666666501e+01 1.953358145236910037e-01
1.960416666666666075e+01 5.513244836301426505e-02
1.961458333333333215e+01 9.877358391257148873e-02
1.962708333333333144e+01 2.848043001089387363e-02
1.963749999999999574e+01 -2.964000785024708401e-02
1.964791666666666359e+01 -2.450722636337045873e-02
1.966041666666666288e+01 -1.266402149460258419e-01
1.967083333333332718e+01 -1.047098377999752250e-01
1.968333333333333002e+01 -2.461425437535162131e-01
1.969374999999999432e+01 -9.714093973389374692e-02
1.970624999999999361e+01 -1.866958959086565673e-01
1.971666666666666501e+01 5.199750631958271682e-03
1.972916666666666075e+01 4.299306073547793858e-03
1.973958333333332860e+01 5.674325345031819290e-02
1.975208333333333144e+01 4.691698342075410061e-02
1.976249999999999574e+01 9.198079694578209509e-02
1.977291666666666003e+01 2.286395485090529645e-02
1.978541666666666288e+01 1.784699712468767463e-01
1.979583333333332718e+01 -1.200118600110867614e-02
1.980833333333333002e+01 4.326552931724250012e-02
1.981874999999999432e+01 8.896166777677778914e-02
1.983124999999999361e+01 1.267445730586602148e-01
1.984166666666666146e+01 1.579845854459225041e-01
1.985416666666666075e+01 2.424935850070936150e-02
1.986458333333332860e+01 -3.313838166253979534e-02
1.987708333333333144e+01 -8.058824556843380282e-02
1.988749999999999574e+01 -6.663272109613731231e-02
1.989791666666666003e+01 -2.146592687476394368e-01
1.991041666666666288e+01 -1.242981074176497391e-01
1.992083333333332718e+01 -1.559617760206033210e-01
1.993333333333332646e+01 -7.576530174188016165e-02
1.994374999999999787e+01 -9.456508619302070318e-03
1.995624999999999361e+01 -6.100737952035659856e-02
1.996666666666666146e+01 2.154996188043992178e-01
1.997916666666666075e+01 1.249929334503904615e-01
1.998958333333332860e+01 1.033478172262285860e-01
