0.000000000000000000e+00 0.000000000000000000e+00
1.250000000000000243e-02 -1.107815828134274705e+00
2.291666666666667199e-02 -2.346947865087171792e+00
3.541666666666667268e-02 -3.388495147780331784e+00
4.583333333333334397e-02 -3.818597498163072146e+00
5.833333333333335508e-02 -4.163568207366543206e+00
6.875000000000001943e-02 -4.439950385610889505e+00
8.125000000000001665e-02 -4.618492213427049187e+00
9.166666666666668795e-02 -4.814375935273649709e+00
1.041666666666666990e-01 -5.482807119875285018e+00
1.145833333333333703e-01 -6.263507809781037494e+00
1.250000000000000278e-01 -6.674444573860067287e+00
1.374999999999999556e-01 -7.198865657687958830e+00
1.479166666666665575e-01 -7.507728056515555970e+00
1.604166666666664853e-01 -7.168745177756509435e+00
1.708333333333330872e-01 -6.379449197234371205e+00
1.833333333333330151e-01 -5.396276009970592646e+00
1.937499999999996170e-01 -4.743231082065094029e+00
2.062499999999995448e-01 -3.871444110480763534e+00
2.166666666666661467e-01 -3.103461564169686326e+00
2.291666666666660745e-01 -2.465405095994283702e+00
2.395833333333326765e-01 -2.721500484201892611e+00
2.520833333333326043e-01 -3.097841267800722331e+00
2.624999999999992339e-01 -2.821986318705156371e+00
2.729166666666658081e-01 -2.471585051311453896e+00
2.854166666666657637e-01 -1.571064048632557553e+00
2.958333333333323378e-01 -6.093121511724033379e-01
3.083333333333322934e-01 1.127898725359055832e-01
3.187499999999988676e-01 1.063019635913238226e-01
3.312499999999988232e-01 -3.529350574521462058e-01
3.416666666666653973e-01 -8.530915957241538283e-01
3.541666666666653529e-01 -1.571812744471541512e+00
3.645833333333319271e-01 -2.173182275656835749e+00
3.770833333333318826e-01 -2.322259233630265651e+00
3.874999999999984568e-01 -1.818037872871241856e+00
3.979166666666650864e-01 -1.321688451205065729e+00
4.104166666666649865e-01 -5.353196013795480379e-01
4.208333333333316162e-01 -8.337314146245385776e-03
4.333333333333315163e-01 -6.465298396713649309e-02
4.437499999999981459e-01 -5.893544394479272031e-01
4.562499999999980460e-01 -1.226185196837814129e+00
4.666666666666646757e-01 -1.559926514218134663e+00
4.791666666666645757e-01 -1.743419987709313057e+00
4.895833333333312609e-01 -1.553086326117769200e+00
5.020833333333312165e-01 -7.660239565952081664e-01
5.124999999999977351e-01 6.639908770413184558e-02
5.229166666666643648e-01 4.385587330406244821e-01
5.354166666666643204e-01 7.226962090059348975e-01
5.458333333333309501e-01 7.699444704225919534e-01
5.583333333333307946e-01 2.861338543698788150e-01
5.687499999999974243e-01 -3.756547416426058161e-01
5.812499999999973799e-01 -7.928993748160630961e-01
5.916666666666638985e-01 -7.117161053275493643e-01
6.041666666666638541e-01 -4.932006707386832889e-01
6.145833333333304838e-01 -2.603905664953116705e-01
6.270833333333304394e-01 2.222770149904115256e-01
6.374999999999969580e-01 5.662920692931788791e-01
6.479166666666635876e-01 2.933548847046507646e-01
6.604166666666635432e-01 -1.818978362026997253e-01
6.708333333333301729e-01 -5.066881762034405323e-01
6.833333333333300175e-01 -9.033148501198898783e-01
6.937499999999966471e-01 -1.100463404366277098e+00
7.062499999999966027e-01 -7.799147990619273996e-01
7.166666666666632324e-01 -1.356991886318046348e-01
7.291666666666630769e-01 4.337487478585970724e-01
7.395833333333297066e-01 5.388805405963503770e-01
7.520833333333296622e-01 5.221305686378574507e-01
7.624999999999962919e-01 4.185869680666669534e-01
7.729166666666628105e-01 -1.220382994029373669e-01
7.854166666666627661e-01 -5.339413314889460693e-01
7.958333333333293957e-01 -5.227644938316137191e-01
8.083333333333293513e-01 -3.572278527814340410e-01
8.187499999999958700e-01 -1.332202147825899130e-01
8.312499999999958256e-01 4.054399990428616540e-01
8.416666666666624552e-01 8.957758135634681373e-01
8.541666666666624108e-01 9.446193146761535653e-01
8.645833333333289294e-01 4.438361018250489565e-01
8.770833333333288850e-01 -3.079514354722566183e-01
8.874999999999955147e-01 -7.966305359508352169e-01
8.979166666666621444e-01 -1.368979690217334122e+00
9.104166666666619889e-01 -1.407056226703607082e+00
9.208333333333286186e-01 -8.939622110900895535e-01
9.333333333333285742e-01 -1.586941198054274693e-01
9.437499999999952038e-01 3.171032997417224664e-01
9.562499999999950484e-01 7.570579116822649945e-01
9.666666666666616781e-01 8.759669279079178583e-01
9.791666666666616337e-01 4.399874344152006067e-01
9.895833333333282633e-01 -2.218877110950402964e-01
1.012499999999999956e+00 -7.625339928294991854e-01
1.022916666666666696e+00 -4.752296649722916322e-01
1.035416666666666652e+00 6.542445290461759155e-01
1.045833333333333393e+00 1.815922892371824915e+00
1.058333333333333348e+00 2.718176968173318553e+00
1.068750000000000089e+00 2.855457688627524693e+00
1.081250000000000044e+00 2.578356427359720371e+00
1.091666666666666785e+00 2.104761753761646759e+00
1.104166666666666741e+00 1.249200297254631220e+00
1.114583333333333259e+00 6.652671663971800875e-01
1.125000000000000222e+00 8.197317042331946357e-01
1.137499999999999956e+00 1.338426523620691366e+00
1.147916666666666696e+00 1.877354515307984695e+00
1.160416666666666652e+00 2.657843139126725873e+00
1.170833333333333171e+00 3.118253377916302416e+00
1.183333333333333126e+00 2.823234537453003234e+00
1.193749999999999645e+00 1.910312478966859739e+00
1.206249999999999600e+00 7.080792784792172556e-01
1.216666666666666341e+00 -4.054151791381863101e-02
1.229166666666666075e+00 -7.068799358009281164e-01
1.239583333333332815e+00 -6.773176284096669164e-01
1.252083333333332771e+00 2.639009994362391254e-01
1.262499999999999289e+00 1.334796630378655369e+00
1.272916666666665808e+00 1.867546651571895255e+00
1.285416666666665764e+00 2.065976293719549162e+00
1.295833333333332504e+00 1.797174755853266470e+00
1.308333333333332460e+00 8.052375704928350642e-01
1.318749999999998979e+00 -2.760669178410077862e-01
1.331249999999998934e+00 -1.091301493299948522e+00
1.341666666666665453e+00 -1.123676232708240130e+00
1.354166666666665408e+00 -7.001507893687953787e-01
1.364583333333331927e+00 -1.450391207740346633e-01
1.377083333333331883e+00 7.161185981266404710e-01
1.387499999999998623e+00 1.265613198763765768e+00
1.397916666666665142e+00 1.040288070106597740e+00
1.410416666666665098e+00 3.652693710316332609e-01
1.420833333333331616e+00 -3.214481666099883728e-01
1.433333333333331572e+00 -1.227771690615522937e+00
1.443749999999998312e+00 -1.752162362567296405e+00
1.456249999999998046e+00 -1.550100252766118958e+00
1.466666666666664787e+00 -7.609780121720112200e-01
1.479166666666664742e+00 2.336897612751941689e-01
1.489583333333331261e+00 7.863450006124692582e-01
1.502083333333331217e+00 1.179017006724171646e+00
1.512499999999997735e+00 1.181044398968649212e+00
1.522916666666664476e+00 5.020517305743501524e-01
1.535416666666664209e+00 -3.177011030147007253e-01
1.545833333333330950e+00 -6.950268150496368147e-01
1.558333333333330906e+00 -8.643101717654935179e-01
1.568749999999997424e+00 -7.112963213555879571e-01
1.581249999999997380e+00 2.506007383973962721e-02
1.591666666666663899e+00 8.355801888851916992e-01
1.604166666666663854e+00 1.309805629606509036e+00
1.614583333333330595e+00 1.102704896368241982e+00
1.627083333333330328e+00 5.219210787391318496e-01
1.637499999999997069e+00 -4.410525255635221187e-02
1.647916666666663588e+00 -8.824366137419729084e-01
1.660416666666663543e+00 -1.340843839008825311e+00
1.670833333333330062e+00 -1.124912567211310943e+00
1.683333333333330017e+00 -5.720613368861915404e-01
1.693749999999996758e+00 -7.473302747377751076e-02
1.706249999999996714e+00 5.968825918581939227e-01
1.716666666666663232e+00 1.002174757555836404e+00
1.729166666666663188e+00 8.418630230617357713e-01
1.739583333333329707e+00 2.437106820766367088e-01
1.752083333333329662e+00 -4.243515804922424750e-01
1.762499999999996181e+00 -7.029002349862083499e-01
1.772916666666662922e+00 -9.982030123599631155e-01
1.785416666666662877e+00 -7.031447081519898168e-01
1.795833333333329396e+00 -1.985254949302131533e-02
1.808333333333329351e+00 6.742893514028778235e-01
1.818749999999995870e+00 9.067315145695040712e-01
1.831249999999995826e+00 9.494094790813329965e-01
1.841666666666662566e+00 7.732708588084317158e-01
1.854166666666662300e+00 1.184922724518542858e-01
1.864583333333329040e+00 -5.470220453259899696e-01
1.877083333333328996e+00 -8.410361888843915779e-01
1.887499999999995515e+00 -5.795474203187596096e-01
1.897916666666662033e+00 -3.608691492728792194e-01
1.910416666666661989e+00 2.239061570491277520e-01
1.920833333333328730e+00 7.546622932231801251e-01
1.933333333333328685e+00 8.592493438313559828e-01
1.943749999999995204e+00 4.523843094813690957e-01
1.956249999999995381e+00 -1.301878822361905719e-01
1.966666666666661678e+00 -4.942136798390409091e-01
1.979166666666661634e+00 -8.924514235873000079e-01
1.989583333333328374e+00 -1.063989122368599993e+00
2.012500000000000178e+00 -4.886074495560907560e-02
2.022916666666666696e+00 3.449502935971707762e-01
2.035416666666666874e+00 7.937205549804224880e-01
2.045833333333333393e+00 9.720396766068241101e-01
2.058333333333333570e+00 5.975750544353926053e-01
2.068750000000000089e+00 -4.807339318232754094e-02
2.081250000000000266e+00 -5.695587710008623850e-01
2.091666666666666785e+00 -5.676558471093912095e-01
2.104166666666666963e+00 -2.770862712762369173e-01
2.114583333333333481e+00 1.323360891565505681e-01
2.125000000000000000e+00 9.461135066679063899e-01
2.137500000000000178e+00 1.555424146912387062e+00
2.147916666666666252e+00 1.575502466749428399e+00
2.160416666666666430e+00 1.317910574876896890e+00
2.170833333333333393e+00 9.534622828438634734e-01
2.183333333333333126e+00 2.274526403726880031e-01
2.193749999999999645e+00 -3.724317245750997651e-01
2.206249999999999378e+00 -5.036619782472729900e-01
2.216666666666666341e+00 -1.136247834445944238e-01
2.229166666666666075e+00 4.074479397278296111e-01
2.239583333333332593e+00 7.255953640688848072e-01
2.252083333333332327e+00 1.044235300963099133e+00
2.262499999999999289e+00 1.082363882177730829e+00
2.272916666666665808e+00 4.729008736903186350e-01
2.285416666666665542e+00 -3.000867607782403135e-01
2.295833333333332504e+00 -7.115312776047532095e-01
2.308333333333332238e+00 -1.002267256716051103e+00
2.318749999999998757e+00 -9.637244865888415779e-01
2.331249999999998490e+00 -2.947937606279104616e-01
2.341666666666665453e+00 5.528774465829987550e-01
2.354166666666665630e+00 1.195664670497396553e+00
2.364583333333331705e+00 1.213326063424180479e+00
2.377083333333331883e+00 9.046867499021610248e-01
2.387499999999998401e+00 4.754664674279747150e-01
2.397916666666664920e+00 -3.474981440771833796e-01
2.410416666666664653e+00 -9.177047606843434790e-01
2.420833333333331616e+00 -8.394113061831846023e-01
2.433333333333331794e+00 -4.098604838038758524e-01
2.443749999999997868e+00 7.138400592393473465e-02
2.456249999999998046e+00 8.251524112883057427e-01
2.466666666666664565e+00 1.326646709183130657e+00
2.479166666666664742e+00 1.194817394346944450e+00
2.489583333333331705e+00 4.828399545712927510e-01
2.502083333333330994e+00 -4.624870089894144720e-01
2.512499999999997957e+00 -1.016545082729095828e+00
2.522916666666664476e+00 -1.557627620070121122e+00
2.535416666666664209e+00 -1.437337155254508447e+00
2.545833333333330728e+00 -7.430227877819397531e-01
2.558333333333330906e+00 1.653283524205426958e-01
2.568749999999997424e+00 6.865338428306717589e-01
2.581249999999997602e+00 1.069824751317211442e+00
2.591666666666664121e+00 1.082886750054064651e+00
2.604166666666663854e+00 4.585183150319613321e-01
2.614583333333330817e+00 -3.594183665325771382e-01
2.627083333333330106e+00 -9.613959319609308718e-01
2.637499999999997069e+00 -9.192792552707533815e-01
2.647916666666664032e+00 -7.615834822036270380e-01
2.660416666666663321e+00 3.059971995016372986e-02
2.670833333333330284e+00 9.263831801263848753e-01
2.683333333333330017e+00 1.521952633540284872e+00
2.693749999999996536e+00 1.403226102834840727e+00
2.706249999999996714e+00 8.452706403324216078e-01
2.716666666666663232e+00 2.035960826092319265e-01
2.729166666666662966e+00 -7.643287688230645527e-01
2.739583333333329929e+00 -1.426907107084433690e+00
2.752083333333329662e+00 -1.447494129363146920e+00
2.762499999999996181e+00 -8.389104434868307480e-01
2.772916666666663144e+00 -2.804105625355098885e-01
2.785416666666662433e+00 5.652155327135571783e-01
2.795833333333329396e+00 1.122028050727382764e+00
2.808333333333329129e+00 1.037970112453414417e+00
2.818749999999995648e+00 3.799866643455752091e-01
2.831249999999996270e+00 -4.713407828761239649e-01
2.841666666666662344e+00 -9.311387018831999152e-01
2.854166666666662522e+00 -1.221121697481727830e+00
2.864583333333329040e+00 -1.123034423400711024e+00
2.877083333333328774e+00 -3.186049474831849082e-01
2.887499999999995737e+00 6.742554494313218738e-01
2.897916666666662255e+00 1.215672630158994849e+00
2.910416666666661989e+00 1.547804271765209405e+00
2.920833333333328508e+00 1.458929782021229027e+00
2.933333333333328685e+00 6.837592133542580441e-01
2.943749999999995204e+00 -2.595175482729001892e-01
2.956249999999995381e+00 -9.929145320601341362e-01
2.966666666666661900e+00 -1.040989585044135968e+00
2.979166666666661634e+00 -7.240529734578118326e-01
2.989583333333328596e+00 -2.815293356928438295e-01
3.012500000000000178e+00 1.111526112308825143e+00
3.022916666666666696e+00 1.039813757404842498e+00
3.035416666666666874e+00 6.234651372051738250e-01
3.045833333333333393e+00 1.414381740422449851e-01
3.058333333333333570e+00 -6.407700346611323594e-01
3.068750000000000089e+00 -1.195897098687078941e+00
3.081250000000000266e+00 -1.176855979598503188e+00
3.091666666666666785e+00 -5.924996910028030861e-01
3.104166666666666963e+00 2.086338980742216132e-01
3.114583333333333481e+00 6.796881908661362992e-01
3.125000000000000000e+00 1.175328562239102315e+00
3.137500000000000178e+00 1.053528584175498661e+00
3.147916666666666696e+00 4.059784415245861755e-01
3.160416666666666430e+00 -3.942125275483279734e-01
3.170833333333333393e+00 -8.069306878616907541e-01
3.183333333333333126e+00 -1.090978709728801954e+00
3.193749999999999645e+00 -1.068313262361771487e+00
3.206249999999999378e+00 -4.667337593227273151e-01
3.216666666666666341e+00 2.936400249035738264e-01
3.229166666666666075e+00 8.347950736205295152e-01
3.239583333333332593e+00 8.019913628279512485e-01
3.252083333333332327e+00 5.135335627864848762e-01
3.262499999999999289e+00 1.788901288575332760e-01
3.272916666666665808e+00 -4.992645743292445371e-01
3.285416666666665542e+00 -9.005893254269581316e-01
3.295833333333332504e+00 -7.402134609505495177e-01
3.308333333333332238e+00 -3.109368570570452128e-01
3.318749999999998757e+00 1.066449241169188378e-01
3.331249999999998490e+00 7.537956651057592383e-01
3.341666666666665453e+00 1.191558639600793557e+00
3.354166666666665630e+00 1.078363788593312833e+00
3.364583333333331705e+00 4.967490086743254762e-01
3.377083333333331883e+00 -1.953931337137742308e-01
3.387499999999998401e+00 -5.305347149584769273e-01
3.397916666666664920e+00 -9.242190360178527131e-01
3.410416666666665098e+00 -8.040887563970701146e-01
3.420833333333331616e+00 -2.823087147028745525e-01
3.433333333333331794e+00 2.519825066220214294e-01
3.443749999999997868e+00 4.141451129610492221e-01
3.456249999999998046e+00 4.672950331545576708e-01
3.466666666666664565e+00 3.816239053653462943e-01
3.479166666666664742e+00 -1.052444947423579052e-01
3.489583333333331705e+00 -6.421831844883262308e-01
3.502083333333330994e+00 -8.377648450075338982e-01
3.512499999999997957e+00 -5.261746530183309956e-01
3.522916666666664476e+00 -2.562332337070045707e-01
3.535416666666664209e+00 4.219941922445069049e-01
3.545833333333331172e+00 1.063777709400299809e+00
3.558333333333330906e+00 1.312457408280758742e+00
3.568749999999997424e+00 9.971668208383394072e-01
3.581249999999997602e+00 4.340074306609040256e-01
3.591666666666664121e+00 9.988156697572343843e-04
3.604166666666663854e+00 -5.544269767378895430e-01
3.614583333333330817e+00 -8.727436846452294450e-01
3.627083333333330106e+00 -6.653334501720638006e-01
3.637499999999997069e+00 -1.106744102653939021e-01
3.647916666666664032e+00 1.600629419196978043e-01
3.660416666666663321e+00 4.465911646351948261e-01
3.670833333333330284e+00 5.216388311086950225e-01
3.683333333333330017e+00 5.584019321251101203e-02
3.693749999999996536e+00 -6.456533940350436263e-01
3.706249999999996714e+00 -1.203037257658148063e+00
3.716666666666663232e+00 -1.223519528169311199e+00
3.729166666666662966e+00 -9.614118062099699102e-01
3.739583333333329929e+00 -5.529494135966270818e-01
3.752083333333329662e+00 2.945330600314599589e-01
3.762499999999996181e+00 1.049406878855737579e+00
3.772916666666663144e+00 1.207290474286830451e+00
3.785416666666662433e+00 1.097587368915880379e+00
3.795833333333329396e+00 8.222885288714268937e-01
3.808333333333329573e+00 1.508513470387974065e-01
3.818749999999995648e+00 -4.482856261581121271e-01
3.831249999999996270e+00 -6.123342195133248955e-01
3.841666666666662344e+00 -2.464648503655793299e-01
3.854166666666662522e+00 2.804056093952370654e-01
3.864583333333329040e+00 5.685173251984501075e-01
3.877083333333328774e+00 8.164858105063530491e-01
3.887499999999995737e+00 8.100519968282272609e-01
3.897916666666662255e+00 1.682349307113216730e-01
3.910416666666661989e+00 -6.557406075604201856e-01
3.920833333333328063e+00 -1.134965991041447131e+00
3.933333333333328685e+00 -1.517160561680206854e+00
3.943749999999995204e+00 -1.545347323972526610e+00
3.956249999999995381e+00 -8.991440741996027386e-01
3.966666666666661900e+00 1.722364750445659620e-02
3.979166666666662078e+00 8.623059884044784740e-01
3.989583333333328596e+00 1.105306136265920225e+00
4.012500000000000178e+00 8.116530849715628548e-01
4.022916666666667140e+00 7.692837197307704489e-02
4.035416666666667318e+00 -5.294549515189457267e-01
4.045833333333333393e+00 -5.735440800055504607e-01
4.058333333333332682e+00 -3.356060538751192146e-01
4.068750000000000533e+00 8.538753437099682458e-03
4.081249999999999822e+00 6.796837748681732183e-01
4.091666666666666785e+00 1.190496110364404059e+00
4.104166666666666963e+00 1.147039811021035582e+00
4.114583333333333925e+00 5.312307581053919980e-01
4.125000000000000000e+00 -4.361604798391820192e-02
4.137499999999999289e+00 -9.640163389522834470e-01
4.147916666666667140e+00 -1.654306716500630658e+00
4.160416666666666430e+00 -1.783688291837328022e+00
4.170833333333332504e+00 -1.284114838012406334e+00
4.183333333333333570e+00 -5.013453218668930678e-01
4.193749999999999645e+00 5.297778567316005494e-02
4.206249999999999822e+00 6.449144727967812685e-01
4.216666666666665897e+00 9.228651464179949970e-01
4.229166666666666075e+00 6.324138218711835568e-01
4.239583333333333037e+00 1.467052669464722660e-02
4.252083333333332327e+00 -4.991093616699257551e-01
4.262499999999999289e+00 -5.056801232927687906e-01
4.272916666666666252e+00 -4.840038154831232675e-01
4.285416666666665542e+00 1.034286838839172246e-01
4.295833333333332504e+00 8.665164082871965601e-01
4.308333333333332682e+00 1.424530565840453233e+00
4.318749999999998757e+00 1.385796645546660821e+00
4.331249999999998934e+00 1.018437981368526701e+00
4.341666666666665897e+00 5.336676945477081269e-01
4.354166666666665186e+00 -3.656835999190801156e-01
4.364583333333332149e+00 -1.116440218781157956e+00
4.377083333333331439e+00 -1.406502658562948760e+00
4.387499999999998401e+00 -1.087258161876944129e+00
4.397916666666665364e+00 -7.895675028753618152e-01
4.410416666666664653e+00 -1.187959303631760943e-01
4.420833333333331616e+00 4.605714726766462763e-01
4.433333333333331794e+00 5.993140718901861508e-01
4.443749999999997868e+00 2.213262459438682661e-01
4.456249999999998046e+00 -3.002550144655265485e-01
4.466666666666665009e+00 -5.773242887412288749e-01
4.479166666666664298e+00 -8.241025169340050471e-01
4.489583333333331261e+00 -8.416983502909090031e-01
4.502083333333331439e+00 -3.024821441167106495e-01
4.512499999999997513e+00 4.558410477853004350e-01
4.522916666666664476e+00 8.454151157228259050e-01
4.535416666666663765e+00 1.177209068668644276e+00
4.545833333333330728e+00 1.252708084714372561e+00
4.558333333333330906e+00 7.881806051867527030e-01
4.568749999999996980e+00 9.438049663375032428e-02
4.581249999999998046e+00 -4.701147397134466943e-01
4.591666666666664121e+00 -5.462071441376272762e-01
4.604166666666664298e+00 -4.535925104927141516e-01
4.614583333333330373e+00 -2.840888239096309720e-01
4.627083333333330550e+00 1.992634462902000692e-01
4.637499999999997513e+00 6.417332800800947812e-01
4.647916666666663588e+00 5.419547891993863331e-01
4.660416666666663765e+00 2.662451097948086987e-01
4.670833333333330728e+00 5.813663839313198099e-03
4.683333333333330017e+00 -4.911992041313897328e-01
4.693749999999996092e+00 -8.806446932973229780e-01
4.706249999999997158e+00 -8.126044159462283423e-01
4.716666666666663232e+00 -3.342119033004927742e-01
4.729166666666662522e+00 2.089094196133540193e-01
4.739583333333330373e+00 4.511553765265916560e-01
4.752083333333329662e+00 6.551966845288527130e-01
4.762499999999995737e+00 6.851138078268002030e-01
4.772916666666663588e+00 1.835144914158303997e-01
4.785416666666662877e+00 -3.523847899802061145e-01
4.795833333333328952e+00 -5.580919304045860452e-01
4.808333333333329129e+00 -6.958795761223163234e-01
4.818749999999996092e+00 -6.685310570974124511e-01
4.831249999999996270e+00 -1.892967273430231356e-01
4.841666666666662344e+00 4.201172551071343797e-01
4.854166666666662522e+00 8.033230642633704122e-01
4.864583333333329485e+00 7.001045691742493471e-01
4.877083333333328774e+00 4.192184881525989892e-01
4.887499999999995737e+00 1.651986703712256810e-01
4.897916666666662699e+00 -3.921820242828128467e-01
4.910416666666661989e+00 -6.561596035000550886e-01
4.920833333333328952e+00 -4.330505096788218600e-01
4.933333333333328241e+00 -3.479201169508581298e-02
4.943749999999995204e+00 2.590842789641179533e-01
4.956249999999995381e+00 6.913525675036883422e-01
4.966666666666661456e+00 9.510662796392242990e-01
4.979166666666661634e+00 6.914906946993377712e-01
4.989583333333328596e+00 7.305404030028336826e-02
5.012500000000000178e+00 -7.934718937182470011e-01
5.022916666666667140e+00 -1.102025298995307878e+00
5.035416666666667318e+00 -9.135596349483517953e-01
5.045833333333333393e+00 -3.542839816216969417e-01
5.058333333333332682e+00 2.078129145412289658e-01
5.068750000000000533e+00 3.831692949457224939e-01
5.081249999999999822e+00 4.457143958576305631e-01
5.091666666666666785e+00 3.593963671247443203e-01
5.104166666666666963e+00 -1.383982006390051533e-01
5.114583333333333925e+00 -6.852111367234092754e-01
5.125000000000000000e+00 -7.253220493092384924e-01
5.137499999999999289e+00 -5.657033353515886764e-01
5.147916666666667140e+00 -2.791536084257097428e-01
5.160416666666666430e+00 4.172805190916178408e-01
5.170833333333332504e+00 1.060928582022355071e+00
5.183333333333333570e+00 1.299728666604428540e+00
5.193749999999999645e+00 9.626486699507305067e-01
5.206249999999999822e+00 3.547069321850684909e-01
5.216666666666665897e+00 -1.367159712381715853e-01
5.229166666666666075e+00 -7.852788126408719593e-01
5.239583333333333037e+00 -1.199732716659448917e+00
5.252083333333332327e+00 -1.075244811239174147e+00
5.262499999999999289e+00 -5.116878272467991762e-01
5.272916666666666252e+00 -1.474048780202839859e-01
5.285416666666665542e+00 3.453853830418105453e-01
5.295833333333332504e+00 6.240410801985362133e-01
5.308333333333332682e+00 3.733134369105446937e-01
5.318749999999998757e+00 -2.288464334437241288e-01
5.331249999999998934e+00 -7.977420096727867449e-01
5.341666666666665897e+00 -9.164015969276378959e-01
5.354166666666665186e+00 -8.163986708946699977e-01
5.364583333333332149e+00 -5.279517970750570166e-01
5.377083333333331439e+00 2.529911279426007575e-01
5.387499999999998401e+00 1.028789739004676296e+00
5.397916666666665364e+00 1.261583025076992604e+00
5.410416666666664653e+00 1.269256368112776867e+00
5.420833333333331616e+00 1.053452763502155998e+00
5.433333333333331794e+00 3.364232053658460231e-01
5.443749999999997868e+00 -4.078467797430034847e-01
5.456249999999998046e+00 -8.434863293684431440e-01
5.466666666666665009e+00 -7.110432090501525026e-01
5.479166666666664298e+00 -3.589598716974442549e-01
5.489583333333331261e+00 -6.550436612250393198e-02
5.502083333333331439e+00 3.842825118284591279e-01
5.512499999999998401e+00 6.583489732455500842e-01
5.522916666666664476e+00 3.269297526750467586e-01
5.535416666666663765e+00 -1.979609186887991423e-01
5.545833333333331616e+00 -5.590594278335895284e-01
5.558333333333330906e+00 -9.900958267266370960e-01
5.568749999999996980e+00 -1.180719046230572111e+00
5.581249999999998046e+00 -7.888740179308540990e-01
5.591666666666664121e+00 -4.886321921383929984e-02
5.604166666666663410e+00 7.047390240841907572e-01
5.614583333333330373e+00 9.988131290943358387e-01
5.627083333333330550e+00 1.133253336801005817e+00
5.637499999999996625e+00 1.051477517307641385e+00
5.647916666666663588e+00 4.412510508891228089e-01
5.660416666666663765e+00 -1.655279812271127082e-01
5.670833333333329840e+00 -3.626735440510165387e-01
5.683333333333330017e+00 -4.438601011416973829e-01
5.693749999999996980e+00 -3.877455826590234800e-01
5.706249999999997158e+00 4.432624126905518325e-02
5.716666666666663232e+00 5.298067953012727260e-01
5.729166666666663410e+00 6.730123281922990586e-01
5.739583333333330373e+00 3.493809371160405686e-01
5.752083333333329662e+00 -1.357888403129449695e-01
5.762499999999996625e+00 -4.724679907075837182e-01
5.772916666666663588e+00 -1.019343206077845121e+00
5.785416666666662877e+00 -1.167569006095214190e+00
5.795833333333329840e+00 -8.210323700388236778e-01
5.808333333333329129e+00 -2.970338139892393370e-01
5.818749999999996092e+00 6.544916245575194136e-02
5.831249999999996270e+00 5.443276803843636324e-01
5.841666666666662344e+00 8.460688903303498209e-01
5.854166666666661634e+00 6.918388179889751743e-01
5.864583333333329485e+00 2.231265314057250537e-01
5.877083333333328774e+00 -1.793032589543060162e-01
5.887499999999994849e+00 -2.188349997474380026e-01
5.897916666666662699e+00 -3.553959063896680037e-01
5.910416666666661989e+00 -6.793698145398700816e-02
5.920833333333328063e+00 4.474366742374898953e-01
5.933333333333328241e+00 8.174640387349347836e-01
5.943749999999995204e+00 7.712074009342576586e-01
5.956249999999995381e+00 5.797351548478973937e-01
5.966666666666661456e+00 3.531661186305247169e-01
5.979166666666662522e+00 -1.944795409259340579e-01
5.989583333333328596e+00 -7.136447781510616428e-01
6.012500000000000178e+00 -5.765370832923816247e-01
6.022916666666667140e+00 -4.140397896445437431e-01
6.035416666666667318e+00 3.048165739226728690e-02
6.045833333333333393e+00 4.470354933759221883e-01
6.058333333333332682e+00 4.922487188467238317e-01
6.068750000000000533e+00 1.404829379228955399e-01
6.081249999999999822e+00 -2.620962511905729486e-01
6.091666666666666785e+00 -4.317758475169238275e-01
6.104166666666666963e+00 -6.238063904808258675e-01
6.114583333333333925e+00 -6.912478040629250753e-01
6.125000000000000000e+00 -2.429604160338982854e-01
6.137499999999999289e+00 2.410569641973688837e-01
6.147916666666667140e+00 4.407933688025543195e-01
6.160416666666666430e+00 6.313307528067964025e-01
6.170833333333332504e+00 6.864417477376073551e-01
6.183333333333333570e+00 3.250908291457092480e-01
6.193749999999999645e+00 -1.973465112264176091e-01
6.206249999999999822e+00 -5.114672459701841145e-01
6.216666666666666785e+00 -3.935712827724546226e-01
6.229166666666666075e+00 -1.406673637468045801e-01
6.239583333333333037e+00 7.620765911090773836e-02
6.252083333333332327e+00 5.210735724742601160e-01
6.262499999999999289e+00 8.876321218030644999e-01
6.272916666666666252e+00 7.103996994098745743e-01
6.285416666666665542e+00 3.765471026414982103e-01
6.295833333333332504e+00 1.068591064934028279e-01
6.308333333333332682e+00 -3.674353494738625270e-01
6.318749999999998757e+00 -7.350006261490988901e-01
6.331249999999998934e+00 -6.713458176684137246e-01
6.341666666666665897e+00 -2.333032156633657317e-01
6.354166666666665186e+00 2.230243437384391292e-01
6.364583333333332149e+00 3.801215821172564402e-01
6.377083333333331439e+00 4.958810706082761866e-01
6.387499999999998401e+00 4.830632274613599342e-01
6.397916666666665364e+00 -2.502209337270806799e-02
6.410416666666664653e+00 -5.153440410869026822e-01
6.420833333333331616e+00 -6.428968641766369396e-01
6.433333333333331794e+00 -6.753710786309516934e-01
6.443749999999997868e+00 -5.760203797778179480e-01
6.456249999999998046e+00 -4.826964333917563993e-02
6.466666666666665009e+00 5.569187129856275620e-01
6.479166666666664298e+00 8.941155472410892147e-01
6.489583333333331261e+00 7.434370294807649548e-01
6.502083333333331439e+00 4.214021590084752744e-01
6.512499999999997513e+00 1.476948366555666803e-01
6.522916666666664476e+00 -4.205562858332875242e-01
6.535416666666663765e+00 -7.007768806536417427e-01
6.545833333333330728e+00 -5.047118493042452858e-01
6.558333333333330906e+00 -1.526639216799838272e-01
6.568749999999996980e+00 1.116168493492112196e-01
6.581249999999998046e+00 5.323393041719254315e-01
6.591666666666664121e+00 8.106332424520541480e-01
6.604166666666664298e+00 6.095686571763085926e-01
6.614583333333331261e+00 5.203313911363904865e-02
6.627083333333330550e+00 -5.134553754149497884e-01
6.637499999999997513e+00 -7.067526884581933899e-01
6.647916666666663588e+00 -9.617304741269306900e-01
6.660416666666663765e+00 -7.012390575077807053e-01
6.670833333333330728e+00 -9.014941099656863244e-02
6.683333333333330017e+00 5.217084595833307858e-01
6.693749999999996980e+00 7.287316606700178223e-01
6.706249999999997158e+00 8.112432844386083808e-01
6.716666666666663232e+00 7.249586746797026526e-01
6.729166666666662522e+00 1.901180758616978494e-01
6.739583333333330373e+00 -4.302576254038595893e-01
6.752083333333329662e+00 -7.759204120263240023e-01
6.762499999999995737e+00 -6.187452385944079980e-01
6.772916666666663588e+00 -5.042007496282089329e-01
6.785416666666662877e+00 2.748365889586475153e-02
6.795833333333328952e+00 6.114681086328719317e-01
6.808333333333329129e+00 8.771354104834425680e-01
6.818749999999996092e+00 6.376436432758741946e-01
6.831249999999996270e+00 2.048375957055344199e-01
6.841666666666662344e+00 -1.412742874792785319e-01
6.854166666666662522e+00 -6.665646897124876125e-01
6.864583333333329485e+00 -1.021686324579744065e+00
6.877083333333328774e+00 -8.745096726795444919e-01
6.887499999999995737e+00 -3.216414147984212879e-01
6.897916666666662699e+00 3.454784435652651087e-02
6.910416666666661989e+00 5.514677639212930416e-01
6.920833333333328952e+00 8.927913487416963001e-01
6.933333333333328241e+00 7.507593755998047680e-01
6.943749999999995204e+00 2.310348990469130170e-01
6.956249999999995381e+00 -3.078263970105230007e-01
6.966666666666661456e+00 -4.943919026035188957e-01
6.979166666666661634e+00 -5.960234909021846494e-01
6.989583333333328596e+00 -5.458343834987217091e-01
7.012500000000000178e+00 5.422625689283673278e-01
7.022916666666667140e+00 6.694888991610727924e-01
7.035416666666667318e+00 6.649214585150480250e-01
7.045833333333333393e+00 5.312994695330421902e-01
7.058333333333333570e+00 -2.426498316967064597e-02
7.068750000000000533e+00 -6.457956728426174076e-01
7.081249999999999822e+00 -9.896415294165669119e-01
7.091666666666666785e+00 -8.361332104250999153e-01
7.104166666666666963e+00 -5.093925303535919991e-01
7.114583333333333925e+00 -2.386408274650011208e-01
7.125000000000000000e+00 3.253311703726234905e-01
7.137500000000000178e+00 6.034188310913083386e-01
7.147916666666667140e+00 4.183931871574154138e-01
7.160416666666666430e+00 9.431433092098810700e-02
7.170833333333332504e+00 -1.457824989307884289e-01
7.183333333333333570e+00 -5.514184352200159900e-01
7.193749999999999645e+00 -8.441767727967524060e-01
7.206249999999999822e+00 -6.928101740166656697e-01
7.216666666666666785e+00 -2.015050108772784010e-01
7.229166666666666075e+00 2.864359823784404235e-01
7.239583333333333037e+00 4.301974436720041872e-01
7.252083333333332327e+00 5.166618323611817942e-01
7.262499999999999289e+00 5.087750200965033276e-01
7.272916666666666252e+00 4.105603252453275676e-02
7.285416666666665542e+00 -3.685644866847089807e-01
7.295833333333332504e+00 -4.380204127388643842e-01
7.308333333333332682e+00 -4.549399051576000219e-01
7.318749999999998757e+00 -4.122283893046089776e-01
7.331249999999998934e+00 -2.333599951315318624e-02
7.341666666666665897e+00 4.471513064302577445e-01
7.354166666666665186e+00 6.502800148299234806e-01
7.364583333333332149e+00 4.485492966297722206e-01
7.377083333333331439e+00 1.595596830182439974e-01
7.387499999999998401e+00 -1.753840231943552472e-02
7.397916666666665364e+00 -4.595430988776939008e-01
7.410416666666664653e+00 -6.133574743669089058e-01
7.420833333333331616e+00 -3.749609634083519438e-01
7.433333333333331794e+00 -7.861831638531510680e-02
7.443749999999997868e+00 6.142423813759395612e-02
7.456249999999998046e+00 3.000870877787211177e-01
7.466666666666665009e+00 4.664034536158818689e-01
7.479166666666664298e+00 2.548442074290551140e-01
7.489583333333331261e+00 -1.906289766680417663e-01
7.502083333333331439e+00 -5.162697388262550424e-01
7.512499999999998401e+00 -4.826494356709204459e-01
7.522916666666664476e+00 -5.644249275532544630e-01
7.535416666666664653e+00 -2.391141337761214791e-01
7.545833333333331616e+00 2.840831337851147387e-01
7.558333333333330906e+00 6.657392683128073863e-01
7.568749999999996980e+00 6.632308332491658742e-01
7.581249999999998046e+00 5.726624765436953979e-01
7.591666666666664121e+00 4.605102140393391719e-01
7.604166666666663410e+00 5.442678492184799960e-02
7.614583333333331261e+00 -3.653688585849714232e-01
7.627083333333330550e+00 -4.621832806066221155e-01
7.637499999999996625e+00 -1.747301816569385713e-01
7.647916666666663588e+00 -6.342051753088803756e-02
7.660416666666663765e+00 2.685536987739395864e-01
7.670833333333329840e+00 5.742226786645210357e-01
7.683333333333330017e+00 4.957880888115861473e-01
7.693749999999996980e+00 6.770220515446538634e-02
7.706249999999997158e+00 -3.850291917351009174e-01
7.716666666666663232e+00 -5.645421202084570655e-01
7.729166666666663410e+00 -7.483966295601299779e-01
7.739583333333330373e+00 -8.065991123140827668e-01
7.752083333333329662e+00 -4.255252264377553106e-01
7.762499999999996625e+00 1.459673352110299194e-01
7.772916666666663588e+00 3.560225818344148752e-01
7.785416666666662877e+00 5.642061936799007693e-01
7.795833333333329840e+00 6.399649038762817987e-01
7.808333333333329129e+00 3.018425310603018996e-01
7.818749999999996092e+00 -2.077120767917746968e-01
7.831249999999996270e+00 -5.205071437345273333e-01
7.841666666666663232e+00 -4.083521533186112995e-01
7.854166666666662522e+00 -1.624769376350849170e-01
7.864583333333329485e+00 5.943805661581796213e-02
7.877083333333329662e+00 5.253491380728654292e-01
7.887499999999994849e+00 9.202856461089303775e-01
7.897916666666662699e+00 7.698461947429233732e-01
7.910416666666662877e+00 4.529669004522384190e-01
7.920833333333328063e+00 1.695324665590839663e-01
7.933333333333329129e+00 -3.551297232340531185e-01
7.943749999999996092e+00 -7.784401329654326851e-01
7.956249999999994493e+00 -7.770204672572361693e-01
7.966666666666661456e+00 -3.609537872219041321e-01
7.979166666666662522e+00 1.239678761796532969e-01
7.989583333333327708e+00 3.537826235798451902e-01
8.012500000000001066e+00 6.652901105952098160e-01
8.022916666666665364e+00 2.004579479905981010e-01
8.035416666666666430e+00 -3.242773082987287503e-01
8.045833333333334281e+00 -5.548356775404518215e-01
8.058333333333333570e+00 -7.628280478589655189e-01
8.068749999999999645e+00 -8.157738122614619503e-01
8.081250000000000711e+00 -4.206882982440372509e-01
8.091666666666666785e+00 1.552619602338086435e-01
8.104166666666667851e+00 5.596672630344861066e-01
8.114583333333332149e+00 5.294804528416365841e-01
8.125000000000000000e+00 5.720657097573876859e-01
8.137500000000001066e+00 1.990356816474751211e-01
8.147916666666665364e+00 -3.244054902665469142e-01
8.160416666666666430e+00 -6.345763556724010046e-01
8.170833333333334281e+00 -5.119529653484476972e-01
8.183333333333331794e+00 -2.453412054914028140e-01
8.193749999999999645e+00 -7.540360749931533831e-03
8.206250000000000711e+00 4.779293275751113068e-01
8.216666666666665009e+00 8.874900726392378481e-01
8.229166666666666075e+00 8.883628531240967963e-01
8.239583333333333925e+00 4.756959186227674441e-01
8.252083333333333215e+00 -1.551375966419205749e-02
8.262499999999999289e+00 -2.605297838384054709e-01
8.272916666666667140e+00 -6.696944843225950406e-01
8.285416666666666430e+00 -6.925749319847360752e-01
8.295833333333332504e+00 -3.380559056291431719e-01
8.308333333333331794e+00 4.285558655305103659e-02
8.318749999999999645e+00 1.745817497804617868e-01
8.331249999999998934e+00 3.239723605387025418e-01
8.341666666666665009e+00 3.892223450117011097e-01
8.354166666666666075e+00 7.889735741825365523e-02
8.364583333333332149e+00 -3.885290606382273415e-01
8.377083333333331439e+00 -6.529617515081572732e-01
8.387499999999999289e+00 -5.197937213151270219e-01
8.397916666666665364e+00 -4.839265621992304145e-01
8.410416666666664653e+00 -5.562681367270826821e-02
8.420833333333332504e+00 4.967674020772960830e-01
8.433333333333330017e+00 8.420853723817437464e-01
8.443749999999997868e+00 7.628990759846013825e-01
8.456249999999998934e+00 5.811383024815681697e-01
8.466666666666663232e+00 4.316540436666317371e-01
8.479166666666664298e+00 4.058224014024968546e-02
8.489583333333332149e+00 -3.380520417984175241e-01
8.502083333333331439e+00 -4.025363181748771169e-01
8.512499999999997513e+00 -1.421076069267506736e-01
8.522916666666665364e+00 -1.140096540852689189e-01
8.535416666666664653e+00 7.359643205815327716e-02
8.545833333333330728e+00 2.571355995035536357e-01
8.558333333333331794e+00 9.698284790146785572e-02
8.568749999999997868e+00 -3.123248580294243903e-01
8.581249999999997158e+00 -6.398969599042931833e-01
8.591666666666665009e+00 -6.643493193556860854e-01
8.604166666666664298e+00 -6.534532714852515634e-01
8.614583333333330373e+00 -5.868655974272278808e-01
8.627083333333329662e+00 -1.444490286933521606e-01
8.637499999999997513e+00 4.050979171887801322e-01
8.647916666666663588e+00 5.498293169472058262e-01
8.660416666666662877e+00 6.750845961740311596e-01
8.670833333333330728e+00 7.333395476816346736e-01
8.683333333333331794e+00 4.672019212429652235e-01
8.693749999999996092e+00 7.782098383260485641e-02
8.706249999999997158e+00 -8.029098685153376880e-02
8.716666666666665009e+00 9.616551889859822899e-02
8.729166666666662522e+00 2.764548537979554799e-01
8.739583333333330373e+00 3.095126936249162908e-01
8.752083333333329662e+00 4.380556394195087577e-01
8.762499999999995737e+00 5.352347937248642662e-01
8.772916666666663588e+00 1.506000366679800528e-01
8.785416666666662877e+00 -2.902052029030162128e-01
8.795833333333328952e+00 -5.261772089915438544e-01
8.808333333333330017e+00 -8.547194326719366186e-01
8.818749999999996092e+00 -1.070705636123623794e+00
8.831249999999995381e+00 -8.625769697392825508e-01
8.841666666666663232e+00 -3.654469010492125691e-01
8.854166666666662522e+00 9.080888051064757438e-02
8.864583333333328596e+00 2.234994097475852814e-01
8.877083333333329662e+00 3.459962670249284167e-01
8.887499999999995737e+00 4.170602174217298841e-01
8.897916666666661811e+00 8.371680863912396575e-02
8.910416666666661101e+00 -1.205167678595067959e-01
8.920833333333328952e+00 -1.925122236157525424e-02
8.933333333333328241e+00 1.247052068449807510e-01
8.943749999999994316e+00 2.324777382895793498e-01
8.956249999999995381e+00 5.835761802585043290e-01
8.966666666666661456e+00 9.319937594828857641e-01
8.979166666666660745e+00 9.166627216539232625e-01
8.989583333333328596e+00 5.208726882470885444e-01
9.012500000000001066e+00 -2.658515633769129582e-01
9.022916666666667140e+00 -7.759347609299123150e-01
9.035416666666666430e+00 -9.528384883170327724e-01
9.045833333333334281e+00 -6.976669315486391243e-01
9.058333333333335347e+00 -3.484308134506963195e-01
9.068749999999999645e+00 -1.464121048866707520e-01
9.081250000000000711e+00 1.838181074049728692e-01
9.091666666666668561e+00 4.302871733634162088e-01
9.104166666666667851e+00 3.062646475648069799e-01
9.114583333333333925e+00 -7.335329344321726841e-02
9.125000000000001776e+00 -1.448105676456586111e-01
9.137500000000001066e+00 -2.582183484240691551e-01
9.147916666666667140e+00 -3.069923499440771475e-01
9.160416666666668206e+00 4.108454612865722333e-02
9.170833333333334281e+00 5.735209953823081630e-01
9.183333333333333570e+00 9.565428832102804702e-01
9.193750000000001421e+00 9.324144656768056372e-01
9.206250000000000711e+00 7.819418263099890964e-01
9.216666666666666785e+00 5.825580768125425690e-01
9.229166666666666075e+00 3.669401459107193841e-02
9.239583333333333925e+00 -5.112987182702086741e-01
9.252083333333334991e+00 -7.552890949588182412e-01
9.262499999999999289e+00 -5.678203650646528322e-01
9.272916666666667140e+00 -5.065724163982675554e-01
9.285416666666668206e+00 -1.394617302453669550e-01
9.295833333333332504e+00 2.687352465749925923e-01
9.308333333333333570e+00 3.720863028402598971e-01
9.318750000000001421e+00 1.058663560054327879e-01
9.331249999999998934e+00 -1.907288100443234602e-01
9.341666666666666785e+00 -2.951399639420703158e-01
9.354166666666666075e+00 -4.542318030188077782e-01
9.364583333333332149e+00 -5.347933427566384790e-01
9.377083333333333215e+00 -1.982099889705455920e-01
9.387499999999999289e+00 3.507465042351987083e-01
9.397916666666665364e+00 5.642968577726125146e-01
9.410416666666666430e+00 8.143981812897654882e-01
9.420833333333332504e+00 9.431402731864014788e-01
9.433333333333331794e+00 6.402243721332161464e-01
9.443749999999999645e+00 1.007050959892892977e-01
9.456249999999998934e+00 -3.392358009384604522e-01
9.466666666666665009e+00 -4.010462223662099035e-01
9.479166666666666075e+00 -3.971662760605023657e-01
9.489583333333332149e+00 -3.536586478251751986e-01
9.502083333333333215e+00 -9.503628543921555441e-03
9.512499999999997513e+00 3.832993158931700117e-01
9.522916666666665364e+00 3.187547661941077526e-01
9.535416666666666430e+00 1.872796945675378189e-01
9.545833333333330728e+00 7.608314262441510933e-02
9.558333333333331794e+00 -2.867946172091572765e-01
9.568749999999999645e+00 -6.461058141692088697e-01
9.581249999999997158e+00 -6.569828404467039640e-01
9.591666666666665009e+00 -2.997127162036010151e-01
9.604166666666666075e+00 1.074444492072328533e-01
9.614583333333330373e+00 3.012829429524300773e-01
9.627083333333331439e+00 5.692555923271316320e-01
9.637499999999999289e+00 7.416339412236674367e-01
9.647916666666663588e+00 4.133969205194599206e-01
9.660416666666664653e+00 4.157901395643173736e-02
9.670833333333332504e+00 -1.282638997713415885e-01
9.683333333333331794e+00 -3.771761464952526621e-01
9.693749999999997868e+00 -5.521749889427021163e-01
9.706249999999997158e+00 -3.626540010676256309e-01
9.716666666666665009e+00 4.364576698445483960e-02
9.729166666666664298e+00 3.054460241487055305e-01
9.739583333333330373e+00 2.349747523078083156e-01
9.752083333333331439e+00 1.251462186235060559e-01
9.762499999999997513e+00 4.576811602997207795e-02
9.772916666666663588e+00 -3.802343304178155137e-01
9.785416666666664653e+00 -6.120870957369802801e-01
9.795833333333330728e+00 -4.818634797989878038e-01
9.808333333333330017e+00 -2.768072998263510498e-01
9.818749999999997868e+00 -1.195070023098480511e-01
9.831249999999995381e+00 2.888002599057019060e-01
9.841666666666663232e+00 6.855575781480983677e-01
9.854166666666664298e+00 7.496237523271792602e-01
9.864583333333328596e+00 4.504021817503978120e-01
9.877083333333329662e+00 1.261642738411303810e-01
9.887499999999997513e+00 -6.242323945884391354e-04
9.897916666666661811e+00 -3.465929816735999203e-01
9.910416666666662877e+00 -3.794083697814110701e-01
9.920833333333330728e+00 -8.996211490007310907e-02
9.933333333333328241e+00 1.766137935070269949e-01
9.943749999999996092e+00 2.228231432442428217e-01
9.956249999999997158e+00 3.149382189493766804e-01
9.966666666666661456e+00 3.757803579113141446e-01
9.979166666666662522e+00 9.811469638591464870e-02
9.989583333333328596e+00 -3.362234699361924539e-01
1.001250000000000107e+01 -4.929041008984033079e-01
1.002291666666666536e+01 -5.262860136074906103e-01
1.003541666666666643e+01 -2.016722514504863117e-01
1.004583333333333428e+01 2.683634543159078567e-01
1.005833333333333357e+01 5.588727678231507623e-01
1.006874999999999964e+01 4.989624347619736611e-01
1.008125000000000071e+01 4.153512979387720128e-01
1.009166666666666679e+01 3.856272333475386782e-01
1.010416666666666785e+01 1.496049261038104039e-01
1.011458333333333393e+01 -1.181743062401486022e-01
1.012500000000000000e+01 5.149855999454060196e-02
1.013750000000000107e+01 2.257669941917385126e-01
1.014791666666666536e+01 2.785909144637668811e-01
1.016041666666666643e+01 4.788252753436059161e-01
1.017083333333333428e+01 6.723691226129775433e-01
1.018333333333333179e+01 5.197089472983894565e-01
1.019374999999999964e+01 1.067164479018254952e-01
1.020625000000000071e+01 -2.514303516946054806e-01
1.021666666666666501e+01 -3.275907753484455509e-01
1.022916666666666607e+01 -4.231030368300251476e-01
1.023958333333333393e+01 -4.703408328183656395e-01
1.025208333333333321e+01 -1.872702647116558372e-01
1.026249999999999929e+01 2.262998351807408159e-01
1.027291666666666714e+01 2.579513132326392011e-01
1.028541666666666643e+01 3.085757577491475834e-01
1.029583333333333250e+01 3.563311257692352019e-01
1.030833333333333179e+01 1.237720754439055881e-01
1.031874999999999964e+01 -2.132709099417886833e-01
1.033124999999999893e+01 -3.074419470411449695e-01
1.034166666666666501e+01 -8.351358998928866406e-02
1.035416666666666607e+01 1.575793483930488792e-01
1.036458333333333215e+01 2.553074211329798282e-01
1.037708333333333144e+01 4.868376569589499825e-01
1.038749999999999929e+01 6.906026586418098079e-01
1.039791666666666536e+01 4.247720011380229921e-01
1.041041666666666465e+01 1.204550397663187583e-01
1.042083333333333250e+01 -2.948018281232947166e-02
1.043333333333333179e+01 -3.158834469055025740e-01
1.044374999999999787e+01 -5.597499244811741104e-01
1.045624999999999893e+01 -4.679632582043818934e-01
1.046666666666666323e+01 -1.177887726591961004e-01
1.047916666666666430e+01 1.360201154713336635e-01
1.048958333333333215e+01 1.031338176158565212e-01
1.050208333333333144e+01 7.300978714889468091e-02
1.051249999999999751e+01 6.244766880068373244e-02
1.052291666666666536e+01 -3.225617968682244485e-01
1.053541666666666465e+01 -5.575104880813600561e-01
1.054583333333333073e+01 -4.649063868400636346e-01
1.055833333333333179e+01 -3.163142788705188280e-01
1.056874999999999787e+01 -1.869705362951614436e-01
1.058124999999999716e+01 2.279476885101600625e-01
1.059166666666666501e+01 6.692206703768314169e-01
1.060416666666666430e+01 8.215972600052384722e-01
1.061458333333333037e+01 5.957438160531168814e-01
1.062708333333332966e+01 3.165091619491168240e-01
1.063749999999999751e+01 1.789116967105746081e-01
1.064791666666666359e+01 -2.125645002386336579e-01
1.066041666666666288e+01 -3.206531877014166532e-01
1.067083333333333073e+01 -7.931931437277014996e-02
1.068333333333333002e+01 1.717233821857768739e-01
1.069374999999999609e+01 2.399438256474916986e-01
1.070624999999999716e+01 3.724660360209119392e-01
1.071666666666666323e+01 4.598255424705333105e-01
1.072916666666666252e+01 1.685969034334837413e-01
1.073958333333333037e+01 -3.347683611616870669e-01
1.075208333333332966e+01 -7.254489375718351507e-01
1.076249999999999574e+01 -7.546714165148236120e-01
1.077291666666666359e+01 -8.992676974575422033e-01
1.078541666666666288e+01 -6.329462227625574089e-01
1.079583333333332895e+01 -1.267986729753654007e-01
1.080833333333333002e+01 2.854083745314552334e-01
1.081874999999999609e+01 3.475637229215665092e-01
1.083124999999999538e+01 3.834738882580684405e-01
1.084166666666666323e+01 3.936880608369021095e-01
1.085416666666666252e+01 1.206935912476317652e-01
1.086458333333332860e+01 -2.245029507018376780e-01
1.087708333333332966e+01 -2.880893760135871395e-01
1.088749999999999574e+01 -1.234447487165970733e-02
1.089791666666666181e+01 7.773311268835284005e-02
1.091041666666666288e+01 4.058456231671405678e-01
1.092083333333332895e+01 7.451161818876596010e-01
1.093333333333333002e+01 7.520838925780942708e-01
1.094374999999999432e+01 4.003044553077400591e-01
1.095624999999999538e+01 -1.028749214445730600e-02
1.096666666666666323e+01 -2.294847316894305378e-01
1.097916666666666075e+01 -5.579904300265144945e-01
1.098958333333332860e+01 -8.003218552549840048e-01
1.101249999999999929e+01 -2.481916204579062701e-01
1.102291666666666536e+01 -1.208319525061001681e-01
1.103541666666666643e+01 1.259017736778253183e-01
1.104583333333333250e+01 3.369213573980752163e-01
1.105833333333333357e+01 2.140885058801987317e-01
1.106874999999999787e+01 -1.358875854348111367e-01
1.108124999999999893e+01 -3.462039646914802371e-01
1.109166666666666679e+01 -2.512256067308506480e-01
1.110416666666666607e+01 -1.164064746493629621e-01
1.111458333333333215e+01 -9.336319252930271387e-03
1.112500000000000000e+01 4.665968730161519362e-01
1.113749999999999929e+01 7.914694243190715239e-01
1.114791666666666536e+01 7.564849476481039225e-01
1.116041666666666643e+01 6.595350457429702828e-01
1.117083333333333250e+01 5.643513168331538710e-01
1.118333333333333179e+01 1.782579722694925539e-01
1.119374999999999964e+01 -2.625092672445684117e-01
1.120624999999999893e+01 -4.477588817204582461e-01
1.121666666666666501e+01 -2.863064684485042144e-01
1.122916666666666430e+01 -1.327727724301147050e-01
1.123958333333333215e+01 -1.140781482751282438e-01
1.125208333333333321e+01 2.893341372022402089e-02
1.126249999999999751e+01 1.802353443779434183e-01
1.127291666666666536e+01 -9.590006705092535277e-02
1.128541666666666643e+01 -3.325842827929038625e-01
1.129583333333333073e+01 -3.642807819995294571e-01
1.130833333333333179e+01 -4.624612198523241346e-01
1.131874999999999964e+01 -5.423547658983002284e-01
1.133124999999999716e+01 -2.805474175389693903e-01
1.134166666666666501e+01 1.678269229115292582e-01
1.135416666666666430e+01 4.880500111282388143e-01
1.136458333333333037e+01 4.794404949741209454e-01
1.137708333333333144e+01 4.589742669516846951e-01
1.138749999999999751e+01 4.573681933684822232e-01
1.139791666666666359e+01 8.664847752376569900e-02
1.141041666666666465e+01 -1.311718505756067632e-01
1.142083333333333073e+01 -4.583721453591867168e-02
1.143333333333333002e+01 2.915090085244299509e-02
1.144374999999999787e+01 3.087996063661296864e-02
1.145624999999999716e+01 2.260576935872912197e-01
1.146666666666666323e+01 4.647627630728153325e-01
1.147916666666666430e+01 4.109707236295991883e-01
1.148958333333333037e+01 8.107270760772218587e-02
1.150208333333333144e+01 -2.155266126286344008e-01
1.151249999999999751e+01 -2.861683717943884209e-01
1.152291666666666359e+01 -5.710214840788561119e-01
1.153541666666666465e+01 -5.473279971370461627e-01
1.154583333333332895e+01 -2.307962714001351445e-01
1.155833333333333002e+01 4.781748242163121054e-02
1.156874999999999787e+01 9.994719876153965177e-02
1.158124999999999538e+01 2.186616985113784273e-01
1.159166666666666323e+01 3.308706282173856095e-01
1.160416666666666430e+01 1.430732313014416446e-01
1.161458333333332860e+01 -2.054147429702458671e-01
1.162708333333332966e+01 -3.580812717435796211e-01
1.163749999999999751e+01 -2.032115746005840884e-01
1.164791666666666181e+01 -2.282064891060298084e-01
1.166041666666666288e+01 4.221418403148045895e-02
1.167083333333333073e+01 4.271128151492179503e-01
1.168333333333333002e+01 5.894338285709616043e-01
1.169374999999999609e+01 4.189429423139711117e-01
1.170624999999999538e+01 2.174869629668297610e-01
1.171666666666666323e+01 1.166202083599786471e-01
1.172916666666666252e+01 -1.672801102356446801e-01
1.173958333333332860e+01 -4.449967913006484532e-01
1.175208333333332966e+01 -4.075456671080537885e-01
1.176249999999999574e+01 -8.760844133674282330e-02
1.177291666666666181e+01 -1.910600232478348176e-02
1.178541666666666288e+01 1.992606287736720938e-01
1.179583333333332895e+01 4.074732075777721674e-01
1.180833333333332824e+01 2.804245742915273398e-01
1.181874999999999609e+01 -1.078604748683533177e-01
1.183124999999999538e+01 -4.277589390028546101e-01
1.184166666666666146e+01 -4.629173381843335044e-01
1.185416666666666252e+01 -5.005203500352534141e-01
1.186458333333332682e+01 -5.078959737585974077e-01
1.187708333333332789e+01 -1.755028196817485786e-01
1.188749999999999574e+01 2.796849315468495356e-01
1.189791666666666003e+01 3.460180798121010315e-01
1.191041666666666110e+01 4.219988768366346177e-01
1.192083333333332895e+01 4.703802417814680892e-01
1.193333333333332646e+01 2.160995011005326927e-01
1.194374999999999432e+01 -1.515518224475884135e-01
1.195624999999999538e+01 -2.850241852231106821e-01
1.196666666666665968e+01 -8.965580916080063967e-02
1.197916666666666075e+01 1.231139423907497699e-01
1.198958333333332860e+01 2.128004303057691171e-01
1.201250000000000107e+01 6.761289218027854986e-01
1.202291666666666536e+01 4.003291411916455322e-01
1.203541666666666643e+01 5.108591258020545034e-02
1.204583333333333428e+01 -1.515572094154927774e-01
1.205833333333333357e+01 -5.160163115313850524e-01
1.206874999999999964e+01 -8.240116100675540789e-01
1.208125000000000071e+01 -7.873551760125853116e-01
1.209166666666666679e+01 -4.500915890621165483e-01
1.210416666666666785e+01 -1.493796389126793300e-01
1.211458333333333393e+01 -9.539017646078196133e-02
1.212500000000000000e+01 1.535764738718514988e-01
1.213750000000000107e+01 8.766279344458352552e-02
1.214791666666666536e+01 -2.259731086448756865e-01
1.216041666666666643e+01 -4.330452551548927276e-01
1.217083333333333428e+01 -3.729482725980603486e-01
1.218333333333333179e+01 -3.081885125322799679e-01
1.219374999999999964e+01 -2.442644822993067788e-01
1.220625000000000071e+01 1.356809024062181346e-01
1.221666666666666501e+01 5.938290600491702431e-01
1.222916666666666607e+01 8.123414041048334644e-01
1.223958333333333393e+01 6.471356046656000505e-01
1.225208333333333321e+01 4.139919803482470240e-01
1.226249999999999929e+01 2.731048173029270720e-01
1.227291666666666714e+01 -1.756908237172474796e-01
1.228541666666666643e+01 -4.126388624922903148e-01
1.229583333333333250e+01 -3.031481410665711751e-01
1.230833333333333179e+01 -1.842199637341009333e-01
1.231874999999999964e+01 -1.634784948198507171e-01
1.233124999999999893e+01 2.467813109544395034e-02
1.234166666666666501e+01 2.374504224043392231e-01
1.235416666666666607e+01 1.546845305246322133e-01
1.236458333333333215e+01 -1.694218597081360578e-01
1.237708333333333144e+01 -4.044407172635503533e-01
1.238749999999999929e+01 -3.805878988048838618e-01
1.239791666666666536e+01 -5.391056931188603629e-01
1.241041666666666465e+01 -3.567287916100917999e-01
1.242083333333333250e+01 6.090503449654075668e-02
1.243333333333333179e+01 3.982294738251619393e-01
1.244374999999999787e+01 4.423708467730330662e-01
1.245624999999999893e+01 5.041073146892242063e-01
1.246666666666666323e+01 5.545671578176292194e-01
1.247916666666666430e+01 3.047160514919420304e-01
1.248958333333333215e+01 -7.038092414823821086e-02
1.250208333333333144e+01 -2.400346181784516753e-01
1.251249999999999751e+01 -1.072361168535371084e-01
1.252291666666666536e+01 -1.784707465528875825e-01
1.253541666666666465e+01 -6.645859887356423204e-03
1.254583333333333073e+01 2.745332326217942986e-01
1.255833333333333179e+01 3.168489612213168383e-01
1.256874999999999787e+01 7.851291389484189864e-02
1.258124999999999716e+01 -1.376046549324537183e-01
1.259166666666666501e+01 -1.966997016223658024e-01
1.260416666666666430e+01 -3.840754346834976407e-01
1.261458333333333037e+01 -5.704838628991932836e-01
1.262708333333332966e+01 -4.440617242989681746e-01
1.263749999999999751e+01 -7.942101391941473743e-02
1.264791666666666359e+01 -1.771038424266807023e-04
1.266041666666666288e+01 2.082627530460114951e-01
1.267083333333333073e+01 4.219946165870467336e-01
1.268333333333333179e+01 3.408454365838383127e-01
1.269374999999999609e+01 3.540897897995872595e-02
1.270624999999999716e+01 -1.479836574909305924e-01
1.271666666666666501e+01 -7.250695396902603895e-02
1.272916666666666252e+01 -3.265356890898609560e-02
1.273958333333333037e+01 -5.566608901750140503e-02
1.275208333333333144e+01 1.396980208030980941e-01
1.276249999999999574e+01 4.103636020067915058e-01
1.277291666666666359e+01 2.809667208080091072e-01
1.278541666666666288e+01 1.731959737080328021e-01
1.279583333333332895e+01 1.480237684020187239e-01
1.280833333333333002e+01 -9.301796784031880760e-02
1.281874999999999609e+01 -3.881594784185894431e-01
1.283124999999999538e+01 -4.196891409877556711e-01
1.284166666666666323e+01 -1.652635082728405591e-01
1.285416666666666252e+01 4.854129862276407303e-02
1.286458333333332860e+01 7.384850242174614832e-02
1.287708333333332966e+01 1.952012216954390478e-01
1.288749999999999574e+01 3.268173869034285972e-01
1.289791666666666181e+01 4.510512485327083931e-02
1.291041666666666288e+01 -1.802642475424227619e-01
1.292083333333332895e+01 -1.953447614283828904e-01
1.293333333333332824e+01 -2.801219863615002081e-01
1.294374999999999432e+01 -3.720465276271809341e-01
1.295624999999999538e+01 -1.653392980552591540e-01
1.296666666666666146e+01 2.026247424149157372e-01
1.297916666666666075e+01 4.006793194444845940e-01
1.298958333333332860e+01 2.966864489937572902e-01
1.301250000000000107e+01 1.849088041537752802e-01
1.302291666666666714e+01 -1.673175034028261399e-01
1.303541666666666821e+01 -3.414349929742818146e-01
1.304583333333333428e+01 -2.127547203028569978e-01
1.305833333333333535e+01 -8.435131391756670038e-02
1.306874999999999964e+01 -4.706544447091041972e-02
1.308125000000000071e+01 1.797377530464090434e-01
1.309166666666666856e+01 4.383262254633156219e-01
1.310416666666666785e+01 4.083807187289894003e-01
1.311458333333333393e+01 1.006715422331382059e-01
1.312500000000000178e+01 3.105097361788044727e-02
1.313750000000000107e+01 -2.209625410933446499e-01
1.314791666666666714e+01 -4.872922259352322483e-01
1.316041666666666821e+01 -4.560215413524109640e-01
1.317083333333333428e+01 -1.565828923233356651e-01
1.318333333333333357e+01 8.351976490354234839e-02
1.319375000000000142e+01 9.968472211588381982e-02
1.320625000000000071e+01 1.718556246988858505e-01
1.321666666666666679e+01 2.505577625447446000e-01
1.322916666666666607e+01 3.365359449397409969e-02
1.323958333333333393e+01 -3.323124327032369041e-01
1.325208333333333499e+01 -4.991880943260939563e-01
1.326249999999999929e+01 -3.419022927515978916e-01
1.327291666666666714e+01 -3.561239992084168082e-01
1.328541666666666821e+01 -5.877130137270392823e-02
1.329583333333333250e+01 3.629813484728258710e-01
1.330833333333333357e+01 5.889162023357780162e-01
1.331875000000000142e+01 4.781189105706784015e-01
1.333124999999999893e+01 3.445871632801522644e-01
1.334166666666666679e+01 2.839881463555806174e-01
1.335416666666666785e+01 1.231046421542472159e-02
1.336458333333333215e+01 -2.935999490448015226e-01
1.337708333333333321e+01 -3.100116778087304570e-01
1.338749999999999929e+01 -3.601568806082115076e-02
1.339791666666666536e+01 -3.837667854810060310e-03
1.341041666666666643e+01 2.091963432877062545e-01
1.342083333333333250e+01 4.463272556986890849e-01
1.343333333333333179e+01 3.679377061456979847e-01
1.344374999999999964e+01 1.551696833689279915e-02
1.345624999999999893e+01 -2.877795130526353828e-01
1.346666666666666501e+01 -3.479695398376642101e-01
1.347916666666666607e+01 -4.563971537688611968e-01
1.348958333333333215e+01 -5.403110755347778627e-01
1.350208333333333321e+01 -2.956200810385775091e-01
1.351249999999999929e+01 1.228036443084941642e-01
1.352291666666666536e+01 1.958640696435095807e-01
1.353541666666666643e+01 3.286495208214769703e-01
1.354583333333333073e+01 4.492529875533017303e-01
1.355833333333333179e+01 2.787116065009715427e-01
1.356874999999999964e+01 -5.058707357711181990e-02
1.358124999999999716e+01 -1.965010859016566858e-01
1.359166666666666501e+01 -5.253241502010547181e-02
1.360416666666666607e+01 7.810787105862546098e-02
1.361458333333333037e+01 1.049263015994770926e-01
1.362708333333333144e+01 3.054782845301826644e-01
1.363749999999999929e+01 5.293902534920763570e-01
1.364791666666666359e+01 3.171950231993564406e-01
1.366041666666666465e+01 8.820626364894713911e-02
1.367083333333333250e+01 -2.363266043939949573e-02
1.368333333333333179e+01 -3.188670739758132089e-01
1.369374999999999787e+01 -6.178149176653854324e-01
1.370624999999999716e+01 -6.127595713224001095e-01
1.371666666666666501e+01 -3.187171680033111243e-01
1.372916666666666430e+01 -7.323354178504858092e-02
1.373958333333333037e+01 -4.058273759347753168e-02
1.375208333333333144e+01 7.539071462845532701e-02
1.376249999999999751e+01 2.055883180876331984e-01
1.377291666666666359e+01 -5.890012626952636360e-02
1.378541666666666465e+01 -2.244694663039419336e-01
1.379583333333333073e+01 -1.578848386383913949e-01
1.380833333333333002e+01 -1.321456354717769621e-01
1.381874999999999787e+01 -1.447613724871378571e-01
1.383124999999999716e+01 1.176969772040453999e-01
1.384166666666666323e+01 4.890080642912670306e-01
1.385416666666666430e+01 6.480943738951530086e-01
1.386458333333332860e+01 4.942545156981707488e-01
1.387708333333332966e+01 3.366760014169157822e-01
1.388749999999999751e+01 2.793077922811620373e-01
1.389791666666666181e+01 -9.416329364765951837e-02
1.391041666666666288e+01 -2.820208882693601149e-01
1.392083333333333073e+01 -1.727306755700243057e-01
1.393333333333332824e+01 -9.816631622897795117e-02
1.394374999999999609e+01 -1.370969342555543868e-01
1.395624999999999716e+01 -1.396196562315090567e-02
1.396666666666666146e+01 1.669988223127288063e-01
1.397916666666666252e+01 8.312057613957349322e-02
1.398958333333333037e+01 -2.150521254529585147e-01
1.401250000000000107e+01 -3.220207429385107400e-01
1.402291666666666536e+01 -4.591704178834002947e-01
1.403541666666666643e+01 -2.952409470528691293e-01
1.404583333333333428e+01 7.918147709015978253e-02
1.405833333333333357e+01 3.486795212304522606e-01
1.406874999999999964e+01 3.484820308166588498e-01
1.408125000000000071e+01 3.903306308172486694e-01
1.409166666666666679e+01 4.597118882707323939e-01
1.410416666666666785e+01 2.721195099604880041e-01
1.411458333333333393e+01 -3.896752600595611293e-02
1.412500000000000000e+01 1.563086520428578347e-02
1.413750000000000107e+01 1.830688318178800428e-02
1.414791666666666714e+01 -4.006201422397959871e-02
1.416041666666666643e+01 1.127996131180598466e-01
1.417083333333333428e+01 3.564728482428208278e-01
1.418333333333333179e+01 3.518197895941082010e-01
1.419374999999999964e+01 8.365227345302815587e-02
1.420625000000000071e+01 -1.458444929858348227e-01
1.421666666666666501e+01 -1.951245855530042983e-01
1.422916666666666607e+01 -3.573043988704986962e-01
1.423958333333333393e+01 -5.245016179361291497e-01
1.425208333333333321e+01 -3.820401039682272404e-01
1.426249999999999929e+01 -1.981273419662635260e-02
1.427291666666666714e+01 4.459670616237303153e-02
1.428541666666666643e+01 2.384162289050574257e-01
1.429583333333333250e+01 4.478674391982463976e-01
1.430833333333333179e+01 3.767438637995157436e-01
1.431874999999999964e+01 9.055207420723856981e-02
1.433124999999999893e+01 -6.781889304673929808e-02
1.434166666666666501e+01 2.461360865939373269e-02
1.435416666666666607e+01 7.462653626335169488e-02
1.436458333333333215e+01 4.642131029869444453e-02
1.437708333333333144e+01 2.284246435410077769e-01
1.438749999999999929e+01 4.850308706286127203e-01
1.439791666666666536e+01 3.338987564857750501e-01
1.441041666666666465e+01 1.882260580681376916e-01
1.442083333333333250e+01 1.293161999946048912e-01
1.443333333333333179e+01 -1.519986972207907905e-01
1.444374999999999787e+01 -4.847117506654479713e-01
1.445624999999999893e+01 -5.555634006085290455e-01
1.446666666666666501e+01 -3.238034047764468681e-01
1.447916666666666430e+01 -1.134263205531216567e-01
1.448958333333333215e+01 -7.341611511570128590e-02
1.450208333333333144e+01 8.852795865955609411e-02
1.451249999999999751e+01 2.643399589871209820e-01
1.452291666666666536e+01 2.605841447328337279e-02
1.453541666666666465e+01 -1.475649647573951395e-01
1.454583333333333073e+01 -1.291045067156384729e-01
1.455833333333333179e+01 -1.926556011494312270e-01
1.456874999999999787e+01 -2.780834157100878223e-01
1.458124999999999716e+01 -7.079101742311760814e-02
1.459166666666666501e+01 2.964437169255411120e-01
1.460416666666666430e+01 4.988528734348838256e-01
1.461458333333333037e+01 4.008805969521538892e-01
1.462708333333332966e+01 3.037307078515449343e-01
1.463749999999999751e+01 2.704211277568137617e-01
1.464791666666666359e+01 -1.048755485905194379e-01
1.466041666666666288e+01 -3.123732566295700508e-01
1.467083333333333073e+01 -2.214843392286720836e-01
1.468333333333333002e+01 -1.452520178247310445e-01
1.469374999999999609e+01 -1.342009249421362016e-01
1.470624999999999716e+01 9.412695979449660355e-02
1.471666666666666323e+01 3.811359833035327660e-01
1.472916666666666252e+01 4.034484457936192703e-01
1.473958333333333037e+01 1.431142329528990731e-01
1.475208333333333144e+01 -7.113007978744266546e-02
1.476249999999999574e+01 -9.100615806304308830e-02
1.477291666666666359e+01 -3.504227248261707617e-01
1.478541666666666288e+01 -3.364223774542023926e-01
1.479583333333332895e+01 -6.238503401447814678e-02
1.480833333333333002e+01 1.462561943553167265e-01
1.481874999999999609e+01 1.416370978707798267e-01
1.483124999999999538e+01 2.052762050951015826e-01
1.484166666666666323e+01 2.813902255353812332e-01
1.485416666666666252e+01 5.988178026640680190e-02
1.486458333333332860e+01 -3.174934971008880891e-01
1.487708333333332966e+01 -5.264219720367294686e-01
1.488749999999999574e+01 -4.306474304206743819e-01
1.489791666666666181e+01 -5.140438916846035156e-01
1.491041666666666288e+01 -2.937113038432198064e-01
1.492083333333332895e+01 8.951708953438732019e-02
1.493333333333333002e+01 3.215488684676079401e-01
1.494374999999999609e+01 2.583658520132002256e-01
1.495624999999999538e+01 2.211169953303755986e-01
1.496666666666666323e+01 2.524372510292909322e-01
1.497916666666666075e+01 8.434273984925212686e-02
1.498958333333332860e+01 -1.524348537528162073e-01
1.501249999999999929e+01 1.481425864840262840e-01
1.502291666666666536e+01 1.486386336035575573e-01
1.503541666666666643e+01 2.949229512538920628e-01
1.504583333333333250e+01 4.834315282880420894e-01
1.505833333333333357e+01 3.697179940027353617e-01
1.506874999999999964e+01 3.664783296572664880e-03
1.508124999999999893e+01 -3.125229485329090728e-01
1.509166666666666679e+01 -3.941456067398955154e-01
1.510416666666666607e+01 -5.553512581985139418e-01
1.511458333333333215e+01 -7.075811054052070226e-01
1.512500000000000000e+01 -4.389669932611514613e-01
1.513749999999999929e+01 -2.195097138859333219e-01
1.514791666666666536e+01 -1.884487063325140932e-01
1.516041666666666643e+01 -3.856305323227154219e-02
1.517083333333333250e+01 1.485543503112738140e-01
1.518333333333333179e+01 9.753479452935105709e-02
1.519374999999999964e+01 -1.200298574218575387e-01
1.520624999999999893e+01 -1.391167673849389719e-01
1.521666666666666501e+01 8.839015150573628632e-02
1.522916666666666430e+01 2.823805761504830647e-01
1.523958333333333215e+01 3.239618612642081730e-01
1.525208333333333321e+01 5.174106648981734446e-01
1.526249999999999751e+01 7.386810007503405995e-01
1.527291666666666536e+01 5.311709084183673379e-01
1.528541666666666643e+01 3.143868045986117910e-01
1.529583333333333073e+01 2.086983861826517683e-01
1.530833333333333179e+01 -1.092763887494098279e-01
1.531874999999999964e+01 -4.639225737307752229e-01
1.533124999999999716e+01 -5.670389789902685607e-01
1.534166666666666501e+01 -3.816514125152750125e-01
1.535416666666666607e+01 -2.639624577091740920e-01
1.536458333333333037e+01 -3.124605771923322228e-01
1.537708333333333144e+01 -2.472270321546929661e-01
1.538749999999999929e+01 -1.120082022502345009e-01
1.539791666666666359e+01 -3.308860170597481831e-01
1.541041666666666465e+01 -4.044797411869194836e-01
1.542083333333333073e+01 -2.434036559130373922e-01
1.543333333333333002e+01 -1.046633448829064478e-01
1.544374999999999787e+01 -4.326843558977558346e-02
1.545624999999999716e+01 2.757553904169663395e-01
1.546666666666666323e+01 6.730827112362344211e-01
1.547916666666666430e+01 8.501924959994376918e-01
1.548958333333333037e+01 7.062617394978816243e-01
1.550208333333333144e+01 5.577690483354312834e-01
1.551249999999999751e+01 5.000091380160309740e-01
1.552291666666666359e+01 1.151219901696756281e-01
1.553541666666666465e+01 -1.026418674877199594e-01
1.554583333333333073e+01 -4.186038738142010274e-02
1.555833333333333002e+01 -4.970018030379060037e-02
1.556874999999999787e+01 -1.686179573639982610e-01
1.558124999999999538e+01 -1.538025127241177681e-01
1.559166666666666323e+01 -5.493966418276226976e-02
1.560416666666666430e+01 -2.163045316666398488e-01
1.561458333333332860e+01 -5.441276965719314962e-01
1.562708333333332966e+01 -7.192009795729489285e-01
1.563749999999999574e+01 -6.177335456831304361e-01
1.564791666666666359e+01 -6.969588597738129998e-01
1.566041666666666288e+01 -4.451483995016154993e-01
1.567083333333332895e+01 5.164502590029751254e-03
1.568333333333333002e+01 3.622445528947744187e-01
1.569374999999999609e+01 4.274104638590789373e-01
1.570624999999999538e+01 5.375367310946117527e-01
1.571666666666666323e+01 6.441723400604046912e-01
1.572916666666666252e+01 4.751760765537606512e-01
1.573958333333332682e+01 1.625760616407719572e-01
1.575208333333332966e+01 3.796781277400528704e-02
1.576249999999999574e+01 1.729554416182365884e-01
1.577291666666666003e+01 6.471127219136502129e-02
1.578541666666666288e+01 1.507354700403823189e-01
1.579583333333332895e+01 3.407229000064083135e-01
1.580833333333332646e+01 2.674139837189030144e-01
1.581874999999999609e+01 -5.848856785360753013e-02
1.583124999999999538e+01 -3.486357851734217528e-01
1.584166666666666323e+01 -4.353683233747500103e-01
1.585416666666666252e+01 -6.267513020911610333e-01
1.586458333333332860e+01 -8.024935227865646059e-01
1.587708333333332966e+01 -6.455813231308772382e-01
1.588749999999999574e+01 -2.488452671900719670e-01
1.589791666666666003e+01 -1.270374897095037925e-01
1.591041666666666288e+01 1.515665369805655749e-01
1.592083333333332895e+01 4.341073105424015366e-01
1.593333333333332646e+01 4.448131814028893904e-01
1.594374999999999609e+01 2.112927514809733176e-01
1.595624999999999538e+01 8.844796578239276508e-02
1.596666666666665968e+01 1.805100258925273760e-01
1.597916666666666252e+01 2.053151133966492070e-01
1.598958333333332860e+01 1.501587247814011872e-01
1.601249999999999929e+01 5.654366445913390216e-01
1.602291666666666714e+01 4.131657926761521105e-01
1.603541666666666643e+01 2.573279623723177534e-01
1.604583333333333073e+01 1.744224843187510421e-01
1.605833333333333357e+01 -1.595573921185197142e-01
1.606875000000000142e+01 -5.510593596352004742e-01
1.608125000000000071e+01 -6.994617150732787003e-01
1.609166666666666856e+01 -5.271846076842917617e-01
1.610416666666666430e+01 -3.576821356022827358e-01
1.611458333333333570e+01 -3.064012803245876326e-01
1.612500000000000000e+01 4.379066935805299432e-02
1.613749999999999929e+01 1.858877141972359037e-01
1.614791666666666714e+01 4.702939317568726602e-02
1.616041666666666643e+01 -3.589647112740320528e-02
1.617083333333333073e+01 1.804248061655919916e-02
1.618333333333333357e+01 -5.224774000080750075e-02
1.619375000000000142e+01 -1.784740979687854667e-01
1.620624999999999716e+01 -3.271501610176483221e-02
1.621666666666666856e+01 3.012655208578049471e-01
1.622916666666666430e+01 4.972822444206145276e-01
1.623958333333333215e+01 4.203210354735230636e-01
1.625208333333333499e+01 3.655705118014461741e-01
1.626249999999999929e+01 3.642430384570742863e-01
1.627291666666666359e+01 9.572612362485802100e-04
1.628541666666666643e+01 -2.339579088847472677e-01
1.629583333333333073e+01 -1.984687257187658094e-01
1.630833333333333002e+01 -2.128885508354153855e-01
1.631875000000000142e+01 -2.810262631450394788e-01
1.633124999999999716e+01 -1.187780297950540576e-01
1.634166666666666501e+01 1.616422897267053849e-01
1.635416666666666785e+01 2.315295360382111922e-01
1.636458333333333215e+01 4.414184046171015785e-02
1.637708333333333499e+01 -7.644211974186489178e-02
1.638749999999999929e+01 -4.171623452990094738e-02
1.639791666666666359e+01 -2.825797353367046627e-01
1.641041666666666643e+01 -2.905505197593120092e-01
1.642083333333333073e+01 -4.793832338790157688e-02
1.643333333333333002e+01 1.291037756876168285e-01
1.644375000000000142e+01 1.174766461659881023e-01
1.645624999999999716e+01 2.065691598452564504e-01
1.646666666666666501e+01 3.338472606285989852e-01
1.647916666666666785e+01 1.877181533880287467e-01
1.648958333333333215e+01 -1.352325733423232756e-01
1.650208333333333144e+01 -3.092824851061092839e-01
1.651249999999999929e+01 -2.266559359155558007e-01
1.652291666666666359e+01 -3.619035514209688609e-01
1.653541666666666288e+01 -2.316087599546260145e-01
1.654583333333333428e+01 7.609129562917253675e-02
1.655833333333333002e+01 2.365280170800271586e-01
1.656874999999999787e+01 1.491988043798877506e-01
1.658124999999999716e+01 1.244206750350836665e-01
1.659166666666666501e+01 1.804455132086606184e-01
1.660416666666666430e+01 3.646847520243449298e-02
1.661458333333333215e+01 -2.025167830639358901e-01
1.662708333333333144e+01 -2.105415031377103063e-01
1.663749999999999574e+01 2.386088385016171820e-02
1.664791666666666359e+01 -3.949472329774801962e-03
1.666041666666666288e+01 1.388740356585902169e-01
1.667083333333333073e+01 3.504706458254826518e-01
1.668333333333333002e+01 3.010010656551587171e-01
1.669374999999999787e+01 1.829003545214544571e-02
1.670624999999999716e+01 -1.812015924844402603e-01
1.671666666666666501e+01 -1.734242761917214881e-01
1.672916666666666430e+01 -2.518800006872825015e-01
1.673958333333332860e+01 -3.687886239415463230e-01
1.675208333333333144e+01 -2.224782828983711269e-01
1.676249999999999574e+01 9.334429421315758313e-02
1.677291666666666003e+01 8.191602286984316084e-02
1.678541666666666288e+01 1.725638593181491598e-01
1.679583333333333073e+01 3.145999421124348050e-01
1.680833333333332646e+01 2.140147973446177576e-01
1.681874999999999787e+01 -4.803588291047099224e-02
1.683124999999999716e+01 -1.317429581324244536e-01
1.684166666666666501e+01 2.485301143437781274e-02
1.685416666666666430e+01 1.165112660179562498e-01
1.686458333333332860e+01 8.394358119242906202e-02
1.687708333333333144e+01 2.192048089642095465e-01
1.688749999999999574e+01 4.196267477782118505e-01
1.689791666666666003e+01 2.141864888864709604e-01
1.691041666666666288e+01 3.671391752702358319e-02
1.692083333333333073e+01 -1.181361205148659388e-02
1.693333333333332646e+01 -2.370311209157217880e-01
1.694374999999999787e+01 -5.043195361129908516e-01
1.695624999999999716e+01 -5.071404582387953885e-01
1.696666666666666146e+01 -2.531925317489186478e-01
1.697916666666666430e+01 -6.962767459219199040e-02
1.698958333333332860e+01 -7.514618070770626157e-02
1.701249999999999929e+01 2.061088527102951096e-01
1.702291666666666714e+01 -1.413462119303827112e-02
1.703541666666666643e+01 -1.371464634050923448e-01
1.704583333333333428e+01 -5.111427979393921850e-02
1.705833333333333357e+01 -4.262512939880620105e-02
1.706875000000000142e+01 -1.067748257370500498e-01
1.708125000000000426e+01 6.435547405707690849e-02
1.709166666666666856e+01 3.611530478332113381e-01
1.710416666666666785e+01 4.589337367599777284e-01
1.711458333333333570e+01 2.835754175754998663e-01
1.712500000000000000e+01 3.208683206659364018e-01
1.713749999999999929e+01 9.273551598286419728e-02
1.714791666666667069e+01 -2.614407483081375716e-01
1.716041666666666643e+01 -4.364355262469871155e-01
1.717083333333333428e+01 -3.361231253184737700e-01
1.718333333333333357e+01 -2.816324390709211145e-01
1.719375000000000142e+01 -3.261740461479988862e-01
1.720625000000000071e+01 -1.859058697417675654e-01
1.721666666666666856e+01 3.684100058315960269e-02
1.722916666666666785e+01 2.793503145915034180e-02
1.723958333333333215e+01 -2.112665545206888484e-01
1.725208333333333499e+01 -3.427050901190962229e-01
1.726249999999999929e+01 -2.482801154131149546e-01
1.727291666666666714e+01 -3.776812908396990909e-01
1.728541666666666643e+01 -2.257291194083248798e-01
1.729583333333333428e+01 1.302845276847485190e-01
1.730833333333333357e+01 3.820410865095283381e-01
1.731875000000000142e+01 3.781996373216661156e-01
1.733125000000000071e+01 4.328520665320270133e-01
1.734166666666666501e+01 5.207798332927777718e-01
1.735416666666666785e+01 3.473232652251548314e-01
1.736458333333333215e+01 2.491945458220648155e-02
1.737708333333333499e+01 -1.335326701558035845e-01
1.738749999999999929e+01 -3.311641140207113171e-02
1.739791666666666714e+01 -1.670089996077672445e-01
1.741041666666666643e+01 -7.949865287426578775e-02
1.742083333333333428e+01 1.491372531018353154e-01
1.743333333333333357e+01 1.750172097986123498e-01
1.744375000000000142e+01 -4.029636852424180182e-02
1.745625000000000071e+01 -2.011849545151304930e-01
1.746666666666666501e+01 -2.083339726540040793e-01
1.747916666666666785e+01 -3.509711923071105466e-01
1.748958333333333215e+01 -5.283662971740901160e-01
1.750208333333333144e+01 -4.228798331873149796e-01
1.751249999999999929e+01 -9.521483212526922479e-02
1.752291666666666714e+01 -4.453132576928174602e-02
1.753541666666666288e+01 1.633529638592181032e-01
1.754583333333333428e+01 4.093930198530582043e-01
1.755833333333333357e+01 4.047070453415135827e-01
1.756874999999999787e+01 1.767100918638268847e-01
1.758125000000000071e+01 5.896194076602986195e-02
1.759166666666666501e+01 1.368052717746036651e-01
1.760416666666666430e+01 1.186592812130342900e-01
1.761458333333333215e+01 1.611918285553125274e-02
1.762708333333333144e+01 1.237546892195263426e-01
1.763749999999999574e+01 3.616603601057385986e-01
1.764791666666666714e+01 2.332325646381344098e-01
1.766041666666666288e+01 1.542819994487570900e-01
1.767083333333333073e+01 1.569845708384016991e-01
1.768333333333333357e+01 -7.822768040116624688e-02
1.769374999999999787e+01 -4.103139095580841111e-01
1.770624999999999716e+01 -5.211410711422644892e-01
1.771666666666666501e+01 -3.522062086873399278e-01
1.772916666666666430e+01 -2.246857548579717090e-01
1.773958333333332860e+01 -2.265252567826478713e-01
1.775208333333333144e+01 -5.360883017155294167e-02
1.776249999999999574e+01 1.808403316863792520e-01
1.777291666666666359e+01 3.232422095442351317e-02
1.778541666666666288e+01 -3.018722712811561931e-02
1.779583333333333073e+01 5.637391522469221289e-02
1.780833333333333002e+01 7.239485376132780668e-03
1.781874999999999787e+01 -1.266884790006816697e-01
1.783124999999999716e+01 -2.574235971239661330e-02
1.784166666666666501e+01 2.571902713098527804e-01
1.785416666666666430e+01 4.048614436208198275e-01
1.786458333333332860e+01 3.165829798246859728e-01
1.787708333333333144e+01 2.900436359365045069e-01
1.788749999999999574e+01 3.374719133434202489e-01
1.789791666666666359e+01 3.254810600415495442e-02
1.791041666666666643e+01 -1.492970074786344470e-01
1.792083333333333073e+01 -9.505685299184926662e-02
1.793333333333333002e+01 -1.190668276138856507e-01
1.794374999999999787e+01 -2.204353119130992300e-01
1.795624999999999716e+01 -1.122856420388109872e-01
1.796666666666666146e+01 1.185642324912265372e-01
1.797916666666666430e+01 1.437349319025478245e-01
1.798958333333332860e+01 -5.365572332939165523e-02
1.801249999999999929e+01 -9.932306810582705592e-02
1.802291666666667069e+01 -3.058594719369438497e-01
1.803541666666666998e+01 -2.723064248770290519e-01
1.804583333333333428e+01 -1.440997557618263480e-02
1.805833333333333712e+01 1.559724412706280927e-01
1.806875000000000142e+01 1.351586102714611992e-01
1.808125000000000426e+01 2.257854305131497541e-01
1.809166666666666856e+01 3.768986910293031234e-01
1.810416666666666785e+01 2.809543874067156888e-01
1.811458333333333570e+01 1.593027748328957292e-03
1.812500000000000355e+01 3.483147815188289420e-02
1.813749999999999929e+01 -4.762016553669940616e-02
1.814791666666667069e+01 -1.930057219760267784e-01
1.816041666666666998e+01 -1.016715873943529330e-01
1.817083333333333428e+01 1.559830224822294220e-01
1.818333333333333712e+01 2.552339287892306241e-01
1.819375000000000142e+01 1.271766585284142270e-01
1.820625000000000071e+01 8.032671365372724692e-02
1.821666666666666856e+01 1.431348167884900768e-01
1.822916666666666785e+01 2.324558165026258810e-02
1.823958333333333215e+01 -1.855583809374763971e-01
1.825208333333333499e+01 -1.538949079522125563e-01
1.826249999999999929e+01 1.038980473040099634e-01
1.827291666666666714e+01 9.009863306946619410e-02
1.828541666666666998e+01 2.481946659983003678e-01
1.829583333333333428e+01 4.730639036291269806e-01
1.830833333333333357e+01 4.462553639606586797e-01
1.831875000000000142e+01 1.876342532703821064e-01
1.833125000000000071e+01 4.118775764124934201e-03
1.834166666666666501e+01 1.318755530312909659e-02
1.835416666666666785e+01 -9.279837050685491029e-02
1.836458333333333215e+01 -2.527475282972677650e-01
1.837708333333333499e+01 -1.767440824022104839e-01
1.838750000000000284e+01 6.667206793892703487e-02
1.839791666666666714e+01 -1.930608487237813267e-02
1.841041666666666998e+01 -7.072493401819748490e-03
1.842083333333333428e+01 8.905709161536051743e-02
1.843333333333333357e+01 -3.512286562558277619e-02
1.844375000000000142e+01 -3.000630405701563141e-01
1.845625000000000071e+01 -3.691042325531108670e-01
1.846666666666666501e+01 -1.836561311966498078e-01
1.847916666666666785e+01 -3.302053707808533939e-02
1.848958333333333215e+01 -1.889002890145095089e-03
1.850208333333333144e+01 2.182482916589791044e-01
1.851250000000000284e+01 4.904492850701675510e-01
1.852291666666666714e+01 3.630606465729075971e-01
1.853541666666666643e+01 2.663627437633596107e-01
1.854583333333333428e+01 2.699318704729457563e-01
1.855833333333333357e+01 7.874053319521294447e-02
1.856874999999999787e+01 -1.884245361237140981e-01
1.858125000000000071e+01 -2.309218308158273725e-01
1.859166666666666501e+01 -3.638101807988403796e-02
1.860416666666666430e+01 5.352012027090620461e-02
1.861458333333333215e+01 -4.333783564227591117e-02
1.862708333333333144e+01 -4.711802369265092466e-02
1.863749999999999929e+01 3.168968328654692135e-02
1.864791666666666714e+01 -2.458027803276699730e-01
1.866041666666666643e+01 -4.020119011854993984e-01
1.867083333333333073e+01 -3.329039712053364908e-01
1.868333333333333357e+01 -3.266441417114842038e-01
1.869374999999999787e+01 -3.731216491407735036e-01
1.870624999999999716e+01 -1.495024332868525319e-01
1.871666666666666501e+01 2.180534857840590868e-01
1.872916666666666430e+01 4.269495598046437190e-01
1.873958333333332860e+01 3.582029798586497393e-01
1.875208333333333144e+01 3.387763787315237196e-01
1.876249999999999929e+01 4.000763358595099128e-01
1.877291666666666359e+01 1.256060106888761407e-01
1.878541666666666643e+01 1.212568010810145640e-02
1.879583333333333073e+01 1.362595379010848873e-01
1.880833333333333002e+01 1.750442582004339553e-01
1.881874999999999787e+01 8.289587740342348188e-02
1.883124999999999716e+01 1.323718838573381684e-01
1.884166666666666501e+01 2.635082545989549940e-01
1.885416666666666430e+01 1.312659935598664007e-01
1.886458333333333215e+01 -2.029407378434982534e-01
1.887708333333333144e+01 -4.384605890644660553e-01
1.888749999999999929e+01 -4.329934537212142831e-01
1.889791666666666359e+01 -6.498955150097113220e-01
1.891041666666666643e+01 -5.917731726773324263e-01
1.892083333333333073e+01 -2.924823092002584723e-01
1.893333333333333002e+01 -5.374450066231589024e-02
1.894374999999999787e+01 -1.607787355462923784e-02
1.895624999999999716e+01 1.411355999869985389e-01
1.896666666666666146e+01 3.430397280947494187e-01
1.897916666666666430e+01 3.155201992079996187e-01
1.898958333333333215e+01 1.133272216849127850e-01
1.901249999999999929e+01 2.640666477643879295e-01
1.902291666666666714e+01 1.681110892251052313e-01
1.903541666666666643e+01 2.534557554528701351e-01
1.904583333333333073e+01 4.576157018409426902e-01
1.905833333333333357e+01 4.384314709236180052e-01
1.906874999999999787e+01 1.787768321176910202e-01
1.908125000000000071e+01 -4.176109829853220934e-02
1.909166666666666501e+01 -1.072268033786540065e-01
1.910416666666666430e+01 -3.412269218541184590e-01
1.911458333333333570e+01 -6.139181747617757923e-01
1.912500000000000000e+01 -4.850471252291841950e-01
1.913749999999999929e+01 -4.037004778997605459e-01
1.914791666666666714e+01 -4.319128304042236799e-01
1.916041666666666643e+01 -2.765930407266289914e-01
1.917083333333333073e+01 -3.004516414851622630e-02
1.918333333333333357e+01 1.806920754259844913e-02
1.919374999999999787e+01 -1.313327470286249632e-01
1.920624999999999716e+01 -1.273343862246513192e-01
1.921666666666666501e+01 6.225780519063663088e-02
1.922916666666666430e+01 1.694430826721959604e-01
1.923958333333333215e+01 1.483984624058365676e-01
1.925208333333333144e+01 3.242356916518654431e-01
1.926249999999999929e+01 5.938772007454601320e-01
1.927291666666666359e+01 4.862341236300301017e-01
1.928541666666666643e+01 4.193199928176263858e-01
1.929583333333333073e+01 4.231335597993090558e-01
1.930833333333333002e+01 1.798228881871718199e-01
1.931874999999999787e+01 -1.745518184076894630e-01
1.933124999999999716e+01 -3.513979058848125114e-01
1.934166666666666501e+01 -2.675971003175838248e-01
1.935416666666666430e+01 -2.628244833001036618e-01
1.936458333333333215e+01 -3.650053145276385136e-01
1.937708333333333144e+01 -3.005386670402824811e-01
1.938749999999999929e+01 -1.279820563312502602e-01
1.939791666666666359e+01 -3.008700337460616936e-01
1.941041666666666643e+01 -3.473554118645351685e-01
1.942083333333333073e+01 -2.170667205628087071e-01
1.943333333333333002e+01 -1.844687762125727659e-01
1.944374999999999787e+01 -2.423675081384573937e-01
1.945624999999999716e+01 -5.066802309640920654e-02
1.946666666666666501e+01 2.976272078836627033e-01
1.947916666666666430e+01 5.050875918546462451e-01
1.948958333333333215e+01 4.561067941580483898e-01
1.950208333333332789e+01 4.680839443543328704e-01
1.951249999999999929e+01 5.409025221577359321e-01
1.952291666666666359e+01 2.507509146306737824e-01
1.953541666666666288e+01 7.227241934180396454e-02
1.954583333333333073e+01 1.117372066375380280e-01
1.955833333333333002e+01 4.987124894889471971e-02
1.956874999999999432e+01 -9.852555488359802938e-02
1.958124999999999716e+01 -6.272540334807849560e-02
1.959166666666666501e+01 1.008651501300968922e-01
1.960416666666666075e+01 4.712433915393355460e-02
1.961458333333333215e+01 -2.101013178201527609e-01
1.962708333333333144e+01 -3.653058465769581931e-01
1.963749999999999574e+01 -3.217298160187210265e-01
1.964791666666666359e+01 -5.276901680135462902e-01
1.966041666666666288e+01 -4.782490599244000884e-01
1.967083333333332718e+01 -1.926282048392825297e-01
1.968333333333333002e+01 3.445591008313753784e-02
1.969374999999999432e+01 7.342753737772778067e-02
1.970624999999999361e+01 2.460647524268087249e-01
1.971666666666666501e+01 4.556443532767986970e-01
1.972916666666666075e+01 4.118318950042907378e-01
1.973958333333332860e+01 1.550249831681597412e-01
1.975208333333333144e+01 1.535199904888867074e-02
1.976249999999999574e+01 8.952541792890150729e-02
1.977291666666666003e+01 -8.542157415696187417e-02
1.978541666666666288e+01 -3.699630355775302554e-02
1.979583333333332718e+01 1.853904726081228027e-01
1.980833333333333002e+01 2.336379130109164926e-01
1.981874999999999432e+01 5.692577801905149282e-02
1.983124999999999361e+01 -5.987744667572396373e-02
1.984166666666666146e+01 -5.688163156224761846e-02
1.985416666666666075e+01 -2.403906142191756246e-01
1.986458333333332860e+01 -4.948566411885173544e-01
1.987708333333333144e+01 -4.990671905123998942e-01
1.988749999999999574e+01 -2.466481065642066040e-01
1.989791666666666003e+01 -2.350309932332295404e-01
1.991041666666666288e+01 -8.208533582348593455e-03
1.992083333333332718e+01 3.031130844111330491e-01
1.993333333333332646e+01 3.979400494744519956e-01
1.994374999999999787e+01 2.329752754387779123e-01
1.995624999999999361e+01 1.388648204583546319e-01
1.996666666666666146e+01 1.934024413440408041e-01
1.997916666666666075e+01 1.169468989535284997e-01
1.998958333333332860e+01 -3.792533228457366234e-02
