0.000000000000000000e+00 0.000000000000000000e+00
1.250000000000000243e-02 -7.661391622072775576e+00
2.291666666666667199e-02 -2.601700264910817140e+01
3.541666666666667268e-02 -6.124335433243895466e+01
4.583333333333334397e-02 -9.870900830432144346e+01
5.833333333333335508e-02 -1.498599968671080376e+02
6.875000000000001943e-02 -1.950492444181215603e+02
8.125000000000001665e-02 -2.505047773347700115e+02
9.166666666666668795e-02 -2.991194956207640985e+02
1.041666666666666990e-01 -3.642270501290664697e+02
1.145833333333333703e-01 -4.257335176036696112e+02
1.250000000000000278e-01 -4.928662435916298818e+02
1.374999999999999556e-01 -5.807466364997751498e+02
1.479166666666665575e-01 -6.579703696528231376e+02
1.604166666666664853e-01 -7.492756204289754578e+02
1.708333333333330872e-01 -8.197230281144820765e+02
1.833333333333330151e-01 -8.943890701939637893e+02
1.937499999999996170e-01 -9.474587879511325355e+02
2.062499999999995448e-01 -1.000205201901956571e+03
2.166666666666661467e-01 -1.036129378037974220e+03
2.291666666666660745e-01 -1.071829406052647073e+03
2.395833333333326765e-01 -1.098447978579272103e+03
2.520833333333326043e-01 -1.134191330511750493e+03
2.624999999999992339e-01 -1.165109429273241176e+03
2.729166666666658081e-01 -1.193228520874590913e+03
2.854166666666657637e-01 -1.217767509729243784e+03
2.958333333333323378e-01 -1.228748005841414169e+03
3.083333333333322934e-01 -1.232364277764167127e+03
3.187499999999988676e-01 -1.231132118404382481e+03
3.312499999999988232e-01 -1.231096498061753209e+03
3.416666666666653973e-01 -1.237007902094033398e+03
3.541666666666653529e-01 -1.253302714135421411e+03
3.645833333333319271e-01 -1.273272603261934592e+03
3.770833333333318826e-01 -1.301001022552358563e+03
3.874999999999984568e-01 -1.322578745500118202e+03
3.979166666666650864e-01 -1.339401465948695432e+03
4.104166666666649865e-01 -1.349827149412083372e+03
4.208333333333316162e-01 -1.352035439545778900e+03
4.333333333333315163e-01 -1.352934941792202153e+03
4.437499999999981459e-01 -1.356473344998132006e+03
4.562499999999980460e-01 -1.366767518797757248e+03
4.666666666666646757e-01 -1.381087343985142297e+03
4.791666666666645757e-01 -1.403322516666984711e+03
4.895833333333312609e-01 -1.421168573122521821e+03
5.020833333333312165e-01 -1.434897325975107151e+03
5.124999999999977351e-01 -1.438147036327610067e+03
5.229166666666643648e-01 -1.435664332704646313e+03
5.354166666666643204e-01 -1.427001412133331314e+03
5.458333333333309501e-01 -1.418644012543648842e+03
5.583333333333307946e-01 -1.412708563829211926e+03
5.687499999999974243e-01 -1.413525501823544573e+03
5.812499999999973799e-01 -1.420198430859942391e+03
5.916666666666638985e-01 -1.427919516042858049e+03
6.041666666666638541e-01 -1.436739625246721062e+03
6.145833333333304838e-01 -1.441088853538281910e+03
6.270833333333304394e-01 -1.440223815633526101e+03
6.374999999999969580e-01 -1.435560078445766067e+03
6.479166666666635876e-01 -1.431142520732549428e+03
6.604166666666635432e-01 -1.429224901432876095e+03
6.708333333333301729e-01 -1.432518914852328408e+03
6.833333333333300175e-01 -1.442612517885518855e+03
6.937499999999966471e-01 -1.453614504953547112e+03
7.062499999999966027e-01 -1.464781956617871856e+03
7.166666666666632324e-01 -1.469325298811214680e+03
7.291666666666630769e-01 -1.468240675830638338e+03
7.395833333333297066e-01 -1.463292206716254896e+03
7.520833333333296622e-01 -1.455341980662126616e+03
7.624999999999962919e-01 -1.449962928694929360e+03
7.729166666666628105e-01 -1.448692961794498842e+03
7.854166666666627661e-01 -1.452008382351973751e+03
7.958333333333293957e-01 -1.457385654367531970e+03
8.083333333333293513e-01 -1.464230486957917719e+03
8.187499999999958700e-01 -1.467235230960795434e+03
8.312499999999958256e-01 -1.464537169432429664e+03
8.416666666666624552e-01 -1.457282066280824438e+03
8.541666666666624108e-01 -1.446257670510943171e+03
8.645833333333289294e-01 -1.439062043388742040e+03
8.770833333333288850e-01 -1.437028878449979857e+03
8.874999999999955147e-01 -1.442565729974701298e+03
8.979166666666621444e-01 -1.454425504750712662e+03
9.104166666666619889e-01 -1.471352048341045474e+03
9.208333333333286186e-01 -1.483279195650448173e+03
9.333333333333285742e-01 -1.491021964825501755e+03
9.437499999999952038e-01 -1.490420800744795997e+03
9.562499999999950484e-01 -1.482251490793997846e+03
9.666666666666616781e-01 -1.473120594755761431e+03
9.791666666666616337e-01 -1.465538792086407966e+03
9.895833333333282633e-01 -1.464694772530206365e+03
1.012499999999999956e+00 -1.477819104919496567e+03
1.022916666666666696e+00 -1.485213139985399266e+03
1.035416666666666652e+00 -1.483476461887498544e+03
1.045833333333333393e+00 -1.470192270301439521e+03
1.058333333333333348e+00 -1.442342567775677935e+03
1.068750000000000089e+00 -1.413232379451353836e+03
1.081250000000000044e+00 -1.377663587448738781e+03
1.091666666666666785e+00 -1.352745299276913556e+03
1.104166666666666741e+00 -1.332899875381825723e+03
1.114583333333333259e+00 -1.323579858525496547e+03
1.125000000000000222e+00 -1.315893258551157942e+03
1.137499999999999956e+00 -1.303864140882755919e+03
1.147916666666666696e+00 -1.287534329807992663e+03
1.160416666666666652e+00 -1.257960269950492147e+03
1.170833333333333171e+00 -1.227191031140184805e+03
1.183333333333333126e+00 -1.190259318992589215e+03
1.193749999999999645e+00 -1.165612295519393228e+03
1.206249999999999600e+00 -1.148202791585486921e+03
1.216666666666666341e+00 -1.144588449210134286e+03
1.229166666666666075e+00 -1.150798995023110137e+03
1.239583333333332815e+00 -1.159031408707623314e+03
1.252083333333332771e+00 -1.161113918023176439e+03
1.262499999999999289e+00 -1.152392814986001667e+03
1.272916666666665808e+00 -1.135735886793594773e+03
1.285416666666665764e+00 -1.109384743221995905e+03
1.295833333333332504e+00 -1.088536328258141339e+03
1.308333333333332460e+00 -1.072891134190731464e+03
1.318749999999998979e+00 -1.070511241303724091e+03
1.331249999999998934e+00 -1.078623622847282377e+03
1.341666666666665453e+00 -1.090263089294194742e+03
1.354166666666665408e+00 -1.103268859154084339e+03
1.364583333333331927e+00 -1.108143528607865392e+03
1.377083333333331883e+00 -1.103378290776916629e+03
1.387499999999998623e+00 -1.092389097949206871e+03
1.397916666666665142e+00 -1.080290905828840323e+03
1.410416666666665098e+00 -1.069989345978282927e+03
1.420833333333331616e+00 -1.069357347748640223e+03
1.433333333333331572e+00 -1.080343579966146308e+03
1.443749999999998312e+00 -1.096567189447268447e+03
1.456249999999998046e+00 -1.116954929594431178e+03
1.466666666666664787e+00 -1.128943717596360557e+03
1.479166666666664742e+00 -1.133244476960292786e+03
1.489583333333331261e+00 -1.128046090001893845e+03
1.502083333333331217e+00 -1.114189324848101023e+03
1.512499999999997735e+00 -1.101216088140616648e+03
1.522916666666664476e+00 -1.092530218239341593e+03
1.535416666666664209e+00 -1.090413798529649739e+03
1.545833333333330950e+00 -1.095593289758339097e+03
1.558333333333330906e+00 -1.106902638913780038e+03
1.568749999999997424e+00 -1.115746387663745736e+03
1.581249999999997380e+00 -1.119315160337705493e+03
1.591666666666663899e+00 -1.114425369526947861e+03
1.604166666666663854e+00 -1.101470729036442208e+03
1.614583333333330595e+00 -1.088862144537206632e+03
1.627083333333330328e+00 -1.077268624954045208e+03
1.637499999999997069e+00 -1.074387969390875469e+03
1.647916666666663588e+00 -1.079665549758660063e+03
1.660416666666663543e+00 -1.093129264957406122e+03
1.670833333333330062e+00 -1.105999261409612018e+03
1.683333333333330017e+00 -1.117989733300296621e+03
1.693749999999996758e+00 -1.121717477288761302e+03
1.706249999999996714e+00 -1.117199216663051629e+03
1.716666666666663232e+00 -1.108260312161552747e+03
1.729166666666663188e+00 -1.097211608658355090e+03
1.739583333333329707e+00 -1.091704744151126533e+03
1.752083333333329662e+00 -1.091875752296341943e+03
1.762499999999996181e+00 -1.097610114044721740e+03
1.772916666666662922e+00 -1.107079912783175587e+03
1.785416666666662877e+00 -1.117231672755656064e+03
1.795833333333329396e+00 -1.120811812665389198e+03
1.808333333333329351e+00 -1.117585741029382689e+03
1.818749999999995870e+00 -1.109446021733737780e+03
1.831249999999995826e+00 -1.096373153347625703e+03
1.841666666666662566e+00 -1.086834021721269210e+03
1.854166666666662300e+00 -1.082095384510045733e+03
1.864583333333329040e+00 -1.084779182389680727e+03
1.877083333333328996e+00 -1.092934886814214678e+03
1.887499999999995515e+00 -1.100273332986313335e+03
1.897916666666662033e+00 -1.105663441078723054e+03
1.910416666666661989e+00 -1.105558485876876603e+03
1.920833333333328730e+00 -1.099971080071394454e+03
1.933333333333328685e+00 -1.090402749717108918e+03
1.943749999999995204e+00 -1.083652411901609412e+03
1.956249999999995381e+00 -1.080487756481578572e+03
1.966666666666661678e+00 -1.083480356790071482e+03
1.979166666666661634e+00 -1.093471255993169962e+03
1.989583333333328374e+00 -1.104243522122516197e+03
2.012500000000000178e+00 -1.118314961686189463e+03
2.022916666666666696e+00 -1.117086291867415866e+03
2.035416666666666874e+00 -1.108615633049651478e+03
2.045833333333333393e+00 -1.098808267733909815e+03
2.058333333333333570e+00 -1.089600874111479925e+03
2.068750000000000089e+00 -1.087010465425071516e+03
2.081250000000000266e+00 -1.090140401654195330e+03
2.091666666666666785e+00 -1.096025309261466873e+03
2.104166666666666963e+00 -1.102789715805577089e+03
2.114583333333333481e+00 -1.104035889072548798e+03
2.125000000000000000e+00 -1.098082423736807414e+03
2.137500000000000178e+00 -1.083067134991393232e+03
2.147916666666666252e+00 -1.066786540778359722e+03
2.160416666666666430e+00 -1.047250333077814958e+03
2.170833333333333393e+00 -1.034934717292667301e+03
2.183333333333333126e+00 -1.028576475622419366e+03
2.193749999999999645e+00 -1.029858107781303488e+03
2.206249999999999378e+00 -1.034866320079934667e+03
2.216666666666666341e+00 -1.037978954579888978e+03
2.229166666666666075e+00 -1.037238326575262590e+03
2.239583333333332593e+00 -1.031620871162208459e+03
2.252083333333332327e+00 -1.019163100806633338e+03
2.262499999999999289e+00 -1.007452634009253643e+03
2.272916666666665808e+00 -9.994395301128851088e+02
2.285416666666665542e+00 -9.973109635044528432e+02
2.295833333333332504e+00 -1.002426066921790834e+03
2.308333333333332238e+00 -1.014638616330255672e+03
2.318749999999998757e+00 -1.025532033691413062e+03
2.331249999999998490e+00 -1.032794388172642130e+03
2.341666666666665453e+00 -1.031115474026966012e+03
2.354166666666665630e+00 -1.020778898998773798e+03
2.364583333333331705e+00 -1.008229467957994871e+03
2.377083333333331883e+00 -9.934885737415187350e+02
2.387499999999998401e+00 -9.858116213023582759e+02
2.397916666666664920e+00 -9.854973734809358348e+02
2.410416666666664653e+00 -9.928681745045806792e+02
2.420833333333331616e+00 -1.002043794802863090e+03
2.433333333333331794e+00 -1.011325985104582628e+03
2.443749999999997868e+00 -1.013522595279534698e+03
2.456249999999998046e+00 -1.006747986995076985e+03
2.466666666666664565e+00 -9.949169903415546514e+02
2.479166666666664742e+00 -9.794799671255912017e+02
2.489583333333331705e+00 -9.707785405487360322e+02
2.502083333333330994e+00 -9.695811634152180432e+02
2.512499999999997957e+00 -9.771457812113100090e+02
2.522916666666664476e+00 -9.912141418488399722e+02
2.535416666666664209e+00 -1.009624980716897426e+03
2.545833333333330728e+00 -1.020928660477245103e+03
2.558333333333330906e+00 -1.025600402944303141e+03
2.568749999999997424e+00 -1.021304422292220238e+03
2.581249999999997602e+00 -1.008773006110946426e+03
2.591666666666664121e+00 -9.968982465900018042e+02
2.604166666666663854e+00 -9.878513988432422366e+02
2.614583333333330817e+00 -9.876675977828627992e+02
2.627083333333330106e+00 -9.953490762334015471e+02
2.637499999999997069e+00 -1.005174204249267518e+03
2.647916666666664032e+00 -1.014586822983912498e+03
2.660416666666663321e+00 -1.018501070286285881e+03
2.670833333333330284e+00 -1.013129460984222078e+03
2.683333333333330017e+00 -9.982882342296220486e+02
2.693749999999996536e+00 -9.829814782721708752e+02
2.706249999999996714e+00 -9.673649875426801827e+02
2.716666666666663232e+00 -9.614410526972568505e+02
2.729166666666662966e+00 -9.661165970719564484e+02
2.739583333333329929e+00 -9.781768142305980973e+02
2.752083333333329662e+00 -9.958629040040822247e+02
2.762499999999996181e+00 -1.007749977386721412e+03
2.772916666666663144e+00 -1.014021078387140847e+03
2.785416666666662433e+00 -1.011057210432782995e+03
2.795833333333329396e+00 -1.001624422255663490e+03
2.808333333333329129e+00 -9.884411283593537974e+02
2.818749999999995648e+00 -9.811152976376001789e+02
2.831249999999996270e+00 -9.806418849816659531e+02
2.841666666666662344e+00 -9.878166849214342164e+02
2.854166666666662522e+00 -1.002849655659609311e+03
2.864583333333329040e+00 -1.015755887177634463e+03
2.877083333333328774e+00 -1.024221280165984354e+03
2.887499999999995737e+00 -1.022046193090672205e+03
2.897916666666662255e+00 -1.012294348491309051e+03
2.910416666666661989e+00 -9.933911593549216832e+02
2.920833333333328508e+00 -9.770266806484468134e+02
2.933333333333328685e+00 -9.642190904176965205e+02
2.943749999999995204e+00 -9.623453647265670270e+02
2.956249999999995381e+00 -9.696279718925604811e+02
2.966666666666661900e+00 -9.802621507725768879e+02
2.979166666666661634e+00 -9.928263749035226056e+02
2.989583333333328596e+00 -9.985468170410575794e+02
3.012500000000000178e+00 -9.870272084362186433e+02
3.022916666666666696e+00 -9.758060830068266114e+02
3.035416666666666874e+00 -9.639316058864908427e+02
3.045833333333333393e+00 -9.594989687022663247e+02
3.058333333333333570e+00 -9.637543849429290503e+02
3.068750000000000089e+00 -9.739197223220282922e+02
3.081250000000000266e+00 -9.883710397535071479e+02
3.091666666666666785e+00 -9.975342401502003895e+02
3.104166666666666963e+00 -1.001041595691549674e+03
3.114583333333333481e+00 -9.965868606769223561e+02
3.125000000000000000e+00 -9.862937984075934992e+02
3.137500000000000178e+00 -9.727337092716193183e+02
3.147916666666666696e+00 -9.652217911709523150e+02
3.160416666666666430e+00 -9.641308224400783047e+02
3.170833333333333393e+00 -9.702456927487919529e+02
3.183333333333333126e+00 -9.836021510714665510e+02
3.193749999999999645e+00 -9.954749360086728984e+02
3.206249999999999378e+00 -1.004408629025573532e+03
3.216666666666666341e+00 -1.004963925324996239e+03
3.229166666666666075e+00 -9.985313167658009661e+02
3.239583333333332593e+00 -9.900400654268667040e+02
3.252083333333332327e+00 -9.804220379193237704e+02
3.262499999999999289e+00 -9.763790759758051081e+02
3.272916666666665808e+00 -9.784272425104838931e+02
3.285416666666665542e+00 -9.865910761023059194e+02
3.295833333333332504e+00 -9.950998389765818501e+02
3.308333333333332238e+00 -1.003039544052585711e+03
3.318749999999998757e+00 -1.004503258476637939e+03
3.331249999999998490e+00 -9.979527006821483610e+02
3.341666666666665453e+00 -9.872368058585104791e+02
3.354166666666665630e+00 -9.735059218505869012e+02
3.364583333333331705e+00 -9.654283233831262123e+02
3.377083333333331883e+00 -9.625323833094414567e+02
3.387499999999998401e+00 -9.661489653205899231e+02
3.397916666666664920e+00 -9.742968221968407079e+02
3.410416666666665098e+00 -9.845676721401941904e+02
3.420833333333331616e+00 -9.900461895929831826e+02
3.433333333333331794e+00 -9.911605303175106201e+02
3.443749999999997868e+00 -9.878444771165125076e+02
3.456249999999998046e+00 -9.809702856718956809e+02
3.466666666666664565e+00 -9.760405561765023776e+02
3.479166666666664742e+00 -9.751749039518405198e+02
3.489583333333331705e+00 -9.794881061530442139e+02
3.502083333333330994e+00 -9.881585827501211270e+02
3.512499999999997957e+00 -9.951914652948221374e+02
3.522916666666664476e+00 -9.997706058654642902e+02
3.535416666666664209e+00 -9.978166960838107116e+02
3.545833333333331172e+00 -9.896098265149109920e+02
3.558333333333330906e+00 -9.752641496849799978e+02
3.568749999999997424e+00 -9.632779631024357059e+02
3.581249999999997602e+00 -9.530597139649649989e+02
3.591666666666664121e+00 -9.504786798446436933e+02
3.604166666666663854e+00 -9.552044131235757050e+02
3.614583333333330817e+00 -9.632265348724156411e+02
3.627083333333330106e+00 -9.722751855875471847e+02
3.637499999999997069e+00 -9.760953061701703746e+02
3.647916666666664032e+00 -9.761000529580807097e+02
3.660416666666663321e+00 -9.709787009732161778e+02
3.670833333333330284e+00 -9.653547359413857976e+02
3.683333333333330017e+00 -9.623726012773398679e+02
3.693749999999996536e+00 -9.657313418160554193e+02
3.706249999999996714e+00 -9.765844946095261321e+02
3.716666666666663232e+00 -9.891812657982543442e+02
3.729166666666662966e+00 -1.004323745761631017e+03
3.739583333333329929e+00 -1.012737605529653251e+03
3.752083333333329662e+00 -1.013409966030042142e+03
3.762499999999996181e+00 -1.005914142821217069e+03
3.772916666666663144e+00 -9.941895128365716801e+02
3.785416666666662433e+00 -9.782929850980198125e+02
3.795833333333329396e+00 -9.677781205473202135e+02
3.808333333333329573e+00 -9.626551798266802962e+02
3.818749999999995648e+00 -9.647020075994657873e+02
3.831249999999996270e+00 -9.708401161612501937e+02
3.841666666666662344e+00 -9.752296810309861712e+02
3.854166666666662522e+00 -9.761525346358301931e+02
3.864583333333329040e+00 -9.719557375916481305e+02
3.877083333333328774e+00 -9.619037957467832030e+02
3.887499999999995737e+00 -9.528143442695255771e+02
3.897916666666662255e+00 -9.478074996340214966e+02
3.910416666666661989e+00 -9.497807762815383512e+02
3.920833333333328063e+00 -9.589334594481282465e+02
3.933333333333328685e+00 -9.770173675529638331e+02
3.943749999999995204e+00 -9.936370747565398460e+02
3.956249999999995381e+00 -1.008403933688180928e+03
3.966666666666661900e+00 -1.012740887565930507e+03
3.979166666666662078e+00 -1.007952958035514598e+03
3.989583333333328596e+00 -9.977195084136316154e+02
4.012500000000000178e+00 -9.723273802417591014e+02
4.022916666666667140e+00 -9.679593363028657222e+02
4.035416666666667318e+00 -9.701043160981163282e+02
4.045833333333333393e+00 -9.758183598003752195e+02
4.058333333333332682e+00 -9.829692053077440050e+02
4.068750000000000533e+00 -9.851434186120387722e+02
4.081249999999999822e+00 -9.797784171296244722e+02
4.091666666666666785e+00 -9.694686081984166321e+02
4.104166666666666963e+00 -9.552465266270129405e+02
4.114583333333333925e+00 -9.465341718696515727e+02
4.125000000000000000e+00 -9.435296599924408838e+02
4.137499999999999289e+00 -9.509338165990741345e+02
4.147916666666667140e+00 -9.651586707826580778e+02
4.160416666666666430e+00 -9.863075916789001667e+02
4.170833333333332504e+00 -1.002273073121652487e+03
4.183333333333333570e+00 -1.014653223670631974e+03
4.193749999999999645e+00 -1.017242910553145521e+03
4.206249999999999822e+00 -1.011491647879698007e+03
4.216666666666665897e+00 -1.002702559282346328e+03
4.229166666666666075e+00 -9.935368079324366590e+02
4.239583333333333037e+00 -9.904054642342330226e+02
4.252083333333332327e+00 -9.926876631498918186e+02
4.262499999999999289e+00 -9.978667898148273707e+02
4.272916666666666252e+00 -1.003623044146766574e+03
4.285416666666665542e+00 -1.005352995128641851e+03
4.295833333333332504e+00 -9.999680689547016073e+02
4.308333333333332682e+00 -9.862694662483671664e+02
4.318749999999998757e+00 -9.716341224568259349e+02
4.331249999999998934e+00 -9.551114171012745828e+02
4.341666666666665897e+00 -9.465234737518742349e+02
4.354166666666665186e+00 -9.464663740131310306e+02
4.364583333333332149e+00 -9.547198200350197794e+02
4.377083333333331439e+00 -9.700624296864556300e+02
4.387499999999998401e+00 -9.830187979617325027e+02
4.397916666666665364e+00 -9.932924185387294074e+02
4.410416666666664653e+00 -9.979815847106511910e+02
4.420833333333331616e+00 -9.956933341503373640e+02
4.433333333333331794e+00 -9.895693683173610680e+02
4.443749999999997868e+00 -9.853872091002931484e+02
4.456249999999998046e+00 -9.847678425378837801e+02
4.466666666666665009e+00 -9.891118134785460825e+02
4.479166666666664298e+00 -9.992424701376990015e+02
4.489583333333331261e+00 -1.008511178800950802e+03
4.502083333333331439e+00 -1.015030372369677252e+03
4.512499999999997513e+00 -1.013941593787033071e+03
4.522916666666664476e+00 -1.007356667216983965e+03
4.535416666666663765e+00 -9.933003563835745808e+02
4.545833333333330728e+00 -9.800543802533552480e+02
4.558333333333330906e+00 -9.679380178809600466e+02
4.568749999999996980e+00 -9.636293102527988594e+02
4.581249999999998046e+00 -9.652368101422380278e+02
4.591666666666664121e+00 -9.704351721408877438e+02
4.604166666666664298e+00 -9.780439304332339816e+02
4.614583333333330373e+00 -9.823410145338509665e+02
4.627083333333330550e+00 -9.818813429377295279e+02
4.637499999999997513e+00 -9.770220988105136257e+02
4.647916666666663588e+00 -9.709578781931903677e+02
4.660416666666663765e+00 -9.645994538562123353e+02
4.670833333333330728e+00 -9.627873392219823927e+02
4.683333333333330017e+00 -9.669132628538135350e+02
4.693749999999996092e+00 -9.745735994072047106e+02
4.706249999999997158e+00 -9.845963733055858711e+02
4.716666666666663232e+00 -9.904081532738782698e+02
4.729166666666662522e+00 -9.922090354804828394e+02
4.739583333333330373e+00 -9.889763581974649469e+02
4.752083333333329662e+00 -9.807235952097032623e+02
4.762499999999995737e+00 -9.732019125804206396e+02
4.772916666666663588e+00 -9.688573484268017637e+02
4.785416666666662877e+00 -9.689358886950884653e+02
4.795833333333328952e+00 -9.734932365166303043e+02
4.808333333333329129e+00 -9.826817658943974720e+02
4.818749999999996092e+00 -9.903241047486602611e+02
4.831249999999996270e+00 -9.949130298607182112e+02
4.841666666666662344e+00 -9.933561206144778453e+02
4.854166666666662522e+00 -9.863884480429484256e+02
4.864583333333329485e+00 -9.786488668771920629e+02
4.877083333333328774e+00 -9.703581620878596823e+02
4.887499999999995737e+00 -9.669284885799393123e+02
4.897916666666662699e+00 -9.685057779712968795e+02
4.910416666666661989e+00 -9.744292537297143326e+02
4.920833333333328952e+00 -9.800117804962907258e+02
4.933333333333328241e+00 -9.841746210140730682e+02
4.943749999999995204e+00 -9.833383808248165678e+02
4.956249999999995381e+00 -9.761922461910685342e+02
4.966666666666661456e+00 -9.670773185042627347e+02
4.979166666666661634e+00 -9.573688997180327078e+02
4.989583333333328596e+00 -9.535801954593963501e+02
5.012500000000000178e+00 -9.626025200720159773e+02
5.022916666666667140e+00 -9.730127762664352531e+02
5.035416666666667318e+00 -9.850515798389853899e+02
5.045833333333333393e+00 -9.914615489305381288e+02
5.058333333333332682e+00 -9.932879641861187565e+02
5.068750000000000533e+00 -9.903560769826494834e+02
5.081249999999999822e+00 -9.838035905717526930e+02
5.091666666666666785e+00 -9.790936616907765710e+02
5.104166666666666963e+00 -9.785660916386657391e+02
5.114583333333333925e+00 -9.832791886510963195e+02
5.125000000000000000e+00 -9.905233754405753643e+02
5.137499999999999289e+00 -1.000012815316566616e+03
5.147916666666667140e+00 -1.004922846485653054e+03
5.160416666666666430e+00 -1.003130632395163616e+03
5.170833333333332504e+00 -9.949496965228848921e+02
5.183333333333333570e+00 -9.806916322347140067e+02
5.193749999999999645e+00 -9.689379354145997922e+02
5.206249999999999822e+00 -9.594095805532277836e+02
5.216666666666665897e+00 -9.579409003756813945e+02
5.229166666666666075e+00 -9.649533407538070833e+02
5.239583333333333037e+00 -9.758697163421793448e+02
5.252083333333332327e+00 -9.896020948360736611e+02
5.262499999999999289e+00 -9.977165661170836302e+02
5.272916666666666252e+00 -1.001479369937795582e+03
5.285416666666665542e+00 -9.989946654291258028e+02
5.295833333333332504e+00 -9.933636786062478450e+02
5.308333333333332682e+00 -9.876890966820395761e+02
5.318749999999998757e+00 -9.871453703303329803e+02
5.331249999999998934e+00 -9.927206516267335701e+02
5.341666666666665897e+00 -1.001555411712765931e+03
5.354166666666665186e+00 -1.013862902475969463e+03
5.364583333333332149e+00 -1.021420314430729263e+03
5.377083333333331439e+00 -1.022303350657848114e+03
5.387499999999998401e+00 -1.015183758245473086e+03
5.397916666666665364e+00 -1.003317718015287596e+03
5.410416666666664653e+00 -9.860034574751533683e+02
5.420833333333331616e+00 -9.733364202792464539e+02
5.433333333333331794e+00 -9.654577426801093907e+02
5.443749999999997868e+00 -9.662546131193994370e+02
5.456249999999998046e+00 -9.735113412247187625e+02
5.466666666666665009e+00 -9.815575003703353332e+02
5.479166666666664298e+00 -9.895472200580920799e+02
5.489583333333331261e+00 -9.921108459850853478e+02
5.502083333333331439e+00 -9.889189948113514674e+02
5.512499999999998401e+00 -9.829243549990152360e+02
5.522916666666664476e+00 -9.778743190028867502e+02
5.535416666666663765e+00 -9.758543146870384817e+02
5.545833333333331616e+00 -9.795086146666134255e+02
5.558333333333330906e+00 -9.904942092460496497e+02
5.568749999999996980e+00 -1.002405768129178796e+03
5.581249999999998046e+00 -1.014191314070251906e+03
5.591666666666664121e+00 -1.018357423096064622e+03
5.604166666666663410e+00 -1.015124351197722035e+03
5.614583333333330373e+00 -1.006362305359433094e+03
5.627083333333330550e+00 -9.915814996311726190e+02
5.637499999999996625e+00 -9.796480818302817397e+02
5.647916666666663588e+00 -9.720718486318413625e+02
5.660416666666663765e+00 -9.694607880321223092e+02
5.670833333333329840e+00 -9.720735434659725342e+02
5.683333333333330017e+00 -9.784843951932315349e+02
5.693749999999996980e+00 -9.833134114292519143e+02
5.706249999999997158e+00 -9.845768362835312928e+02
5.716666666666663232e+00 -9.811697920113152804e+02
5.729166666666663410e+00 -9.742525377970298450e+02
5.739583333333330373e+00 -9.690327449218561924e+02
5.752083333333329662e+00 -9.665038400906224751e+02
5.762499999999996625e+00 -9.693597403748213992e+02
5.772916666666663588e+00 -9.776015315864332251e+02
5.785416666666662877e+00 -9.907254549610881895e+02
5.795833333333329840e+00 -1.000986346378610619e+03
5.808333333333329129e+00 -1.009173561415574568e+03
5.818749999999996092e+00 -1.010683385049266235e+03
5.831249999999996270e+00 -1.005642909019584522e+03
5.841666666666662344e+00 -9.978598535254132003e+02
5.854166666666661634e+00 -9.888854694240054641e+02
5.864583333333329485e+00 -9.843587099840757446e+02
5.877083333333328774e+00 -9.832054524431871414e+02
5.887499999999994849e+00 -9.851168649318635744e+02
5.897916666666662699e+00 -9.886145192055679445e+02
5.910416666666661989e+00 -9.905406258718780919e+02
5.920833333333328063e+00 -9.882753690382110108e+02
5.933333333333328241e+00 -9.811519548297524125e+02
5.943749999999995204e+00 -9.730065193765217373e+02
5.956249999999995381e+00 -9.632481733641628807e+02
5.966666666666661456e+00 -9.579447617545824869e+02
5.979166666666662522e+00 -9.579325133914256867e+02
5.989583333333328596e+00 -9.631148794854623247e+02
6.012500000000000178e+00 -9.798128492023322451e+02
6.022916666666667140e+00 -9.853953978570584695e+02
6.035416666666667318e+00 -9.867890487315437440e+02
6.045833333333333393e+00 -9.838412776358438805e+02
6.058333333333332682e+00 -9.786058707952321356e+02
6.068750000000000533e+00 -9.754773407456971199e+02
6.081249999999999822e+00 -9.751820171585713979e+02
6.091666666666666785e+00 -9.785469931984449659e+02
6.104166666666666963e+00 -9.864002309681656016e+02
6.114583333333333925e+00 -9.937668657724452714e+02
6.125000000000000000e+00 -9.984513878939123970e+02
6.137499999999999289e+00 -9.994712882435750316e+02
6.147916666666667140e+00 -9.961400726760567750e+02
6.160416666666666430e+00 -9.881525743019378751e+02
6.170833333333332504e+00 -9.807738776062049055e+02
6.183333333333333570e+00 -9.752286696453983268e+02
6.193749999999999645e+00 -9.748992067407940567e+02
6.206249999999999822e+00 -9.786039311294188110e+02
6.216666666666666785e+00 -9.831915594252911887e+02
6.229166666666666075e+00 -9.877892579379007429e+02
6.239583333333333037e+00 -9.885114374995148410e+02
6.252083333333332327e+00 -9.837022652106745682e+02
6.262499999999999289e+00 -9.758709099995382985e+02
6.272916666666666252e+00 -9.676600389248385454e+02
6.285416666666665542e+00 -9.596127285439798698e+02
6.295833333333332504e+00 -9.567266917345572210e+02
6.308333333333332682e+00 -9.594698688670677029e+02
6.318749999999998757e+00 -9.657184040452310683e+02
6.331249999999998934e+00 -9.739007264207741628e+02
6.341666666666665897e+00 -9.784234287602668019e+02
6.354166666666665186e+00 -9.794732286155195879e+02
6.364583333333332149e+00 -9.765369499353032552e+02
6.377083333333331439e+00 -9.697524879814870928e+02
6.387499999999998401e+00 -9.641424242624029830e+02
6.397916666666665364e+00 -9.619671217154794931e+02
6.410416666666664653e+00 -9.644274667251171422e+02
6.420833333333331616e+00 -9.702990810851196102e+02
6.433333333333331794e+00 -9.798798540433402877e+02
6.443749999999997868e+00 -9.869143005324569913e+02
6.456249999999998046e+00 -9.899934987909174424e+02
6.466666666666665009e+00 -9.869547686732985312e+02
6.479166666666664298e+00 -9.785348478406648383e+02
6.489583333333331261e+00 -9.700994858479915592e+02
6.502083333333331439e+00 -9.615499667250388711e+02
6.512499999999997513e+00 -9.582072157443643619e+02
6.522916666666664476e+00 -9.600288186471415202e+02
6.535416666666663765e+00 -9.663953317863619077e+02
6.545833333333330728e+00 -9.725719756083722132e+02
6.558333333333330906e+00 -9.779120328791365182e+02
6.568749999999996980e+00 -9.784744242193963828e+02
6.581249999999998046e+00 -9.732725950500539511e+02
6.591666666666664121e+00 -9.657410635846789546e+02
6.604166666666664298e+00 -9.574551100792623402e+02
6.614583333333331261e+00 -9.542033941551643466e+02
6.627083333333330550e+00 -9.561631591340949399e+02
6.637499999999997513e+00 -9.623596838597042051e+02
6.647916666666663588e+00 -9.716100777806223050e+02
6.660416666666663765e+00 -9.814364483419498129e+02
6.670833333333330728e+00 -9.853581214309739380e+02
6.683333333333330017e+00 -9.835591482115738700e+02
6.693749999999996980e+00 -9.771846106603096587e+02
6.706249999999997158e+00 -9.661639118666741979e+02
6.716666666666663232e+00 -9.576329449376585217e+02
6.729166666666662522e+00 -9.527150275420460730e+02
6.739583333333330373e+00 -9.543540233204140577e+02
6.752083333333329662e+00 -9.612620553475646830e+02
6.762499999999995737e+00 -9.684421535756459889e+02
6.772916666666663588e+00 -9.748069562904839813e+02
6.785416666666662877e+00 -9.769352207363964453e+02
6.795833333333328952e+00 -9.731958428654021418e+02
6.808333333333329129e+00 -9.644874782780444775e+02
6.818749999999996092e+00 -9.566790714990746665e+02
6.831249999999996270e+00 -9.501553381033463666e+02
6.841666666666662344e+00 -9.494699214461137444e+02
6.854166666666662522e+00 -9.556958404534835836e+02
6.864583333333329485e+00 -9.650406768343168551e+02
6.877083333333328774e+00 -9.763536217269671624e+02
6.887499999999995737e+00 -9.824210640369315115e+02
6.897916666666662699e+00 -9.842610710802097174e+02
6.910416666666661989e+00 -9.793992129279592973e+02
6.920833333333328952e+00 -9.713281522680321132e+02
6.933333333333328241e+00 -9.616309505007185408e+02
6.943749999999995204e+00 -9.567026830265859871e+02
6.956249999999995381e+00 -9.562339261861120576e+02
6.966666666666661456e+00 -9.602425604539591859e+02
6.979166666666661634e+00 -9.684130124606750769e+02
6.989583333333328596e+00 -9.748834463610328385e+02
7.012500000000000178e+00 -9.749383980507676597e+02
7.022916666666667140e+00 -9.687480089640414462e+02
7.035416666666667318e+00 -9.590469363173922375e+02
7.045833333333333393e+00 -9.523040998982047540e+02
7.058333333333333570e+00 -9.499752659783524678e+02
7.068750000000000533e+00 -9.538570725163144743e+02
7.081249999999999822e+00 -9.634449894067537343e+02
7.091666666666666785e+00 -9.728637339825330628e+02
7.104166666666666963e+00 -9.825403195848133464e+02
7.114583333333333925e+00 -9.868077198736352784e+02
7.125000000000000000e+00 -9.859585096249397793e+02
7.137500000000000178e+00 -9.808017175511893129e+02
7.147916666666667140e+00 -9.755959491475362029e+02
7.160416666666666430e+00 -9.711666306831400561e+02
7.170833333333332504e+00 -9.710830670721057913e+02
7.183333333333333570e+00 -9.765918560949413632e+02
7.193749999999999645e+00 -9.843720096747795196e+02
7.206249999999999822e+00 -9.933568048470262966e+02
7.216666666666666785e+00 -9.978053859811196844e+02
7.229166666666666075e+00 -9.982274841971931210e+02
7.239583333333333037e+00 -9.946659216616133108e+02
7.252083333333332327e+00 -9.874594197902119959e+02
7.262499999999999289e+00 -9.816367153913824950e+02
7.272916666666666252e+00 -9.790105133441660428e+02
7.285416666666665542e+00 -9.801585367117311307e+02
7.295833333333332504e+00 -9.841750397894269327e+02
7.308333333333332682e+00 -9.910215205804696552e+02
7.318749999999998757e+00 -9.959969295887760836e+02
7.331249999999998934e+00 -9.978411515683949347e+02
7.341666666666665897e+00 -9.952478557150232064e+02
7.354166666666665186e+00 -9.890945862049396737e+02
7.364583333333332149e+00 -9.835229544466875495e+02
7.377083333333331439e+00 -9.785550071542755859e+02
7.387499999999998401e+00 -9.774791528727106424e+02
7.397916666666665364e+00 -9.803705978699108528e+02
7.410416666666664653e+00 -9.863716954580869469e+02
7.420833333333331616e+00 -9.913578715996749224e+02
7.433333333333331794e+00 -9.953029142805912670e+02
7.443749999999997868e+00 -9.956972981666647229e+02
7.456249999999998046e+00 -9.922661785776438137e+02
7.466666666666665009e+00 -9.877950776582573553e+02
7.479166666666664298e+00 -9.840391423344947270e+02
7.489583333333331261e+00 -9.839844360331584312e+02
7.502083333333331439e+00 -9.875567209210673809e+02
7.512499999999998401e+00 -9.925919791074320528e+02
7.522916666666664476e+00 -9.985297392604690003e+02
7.535416666666664653e+00 -1.002806198996411240e+03
7.545833333333331616e+00 -1.002267395213382770e+03
7.558333333333330906e+00 -9.971396877267299033e+02
7.568749999999996980e+00 -9.903813728487410799e+02
7.581249999999998046e+00 -9.813906211369167067e+02
7.591666666666664121e+00 -9.755803053678885135e+02
7.604166666666663410e+00 -9.733269272309947837e+02
7.614583333333331261e+00 -9.753771180776863048e+02
7.627083333333330550e+00 -9.798653067547651290e+02
7.637499999999996625e+00 -9.830117140231653821e+02
7.647916666666663588e+00 -9.846399745122038212e+02
7.660416666666663765e+00 -9.823107648147806685e+02
7.670833333333329840e+00 -9.774591699776250380e+02
7.683333333333330017e+00 -9.714297963596173986e+02
7.693749999999996980e+00 -9.686868552000981936e+02
7.706249999999997158e+00 -9.696601256645542435e+02
7.716666666666663232e+00 -9.743781226054998115e+02
7.729166666666663410e+00 -9.838508737463607758e+02
7.739583333333330373e+00 -9.924654940202614171e+02
7.752083333333329662e+00 -9.994322301411217495e+02
7.762499999999996625e+00 -1.000578072897773723e+03
7.772916666666663588e+00 -9.981876422317245670e+02
7.785416666666662877e+00 -9.911560083282626010e+02
7.795833333333329840e+00 -9.843722258045662556e+02
7.808333333333329129e+00 -9.792557854625874825e+02
7.818749999999996092e+00 -9.790954257653994546e+02
7.831249999999996270e+00 -9.829043399280752737e+02
7.841666666666663232e+00 -9.876150585702387161e+02
7.854166666666662522e+00 -9.924454787243568035e+02
7.864583333333329485e+00 -9.933817789337450677e+02
7.877083333333329662e+00 -9.886638452919369229e+02
7.887499999999994849e+00 -9.806466861256561742e+02
7.897916666666662699e+00 -9.719483722495601796e+02
7.910416666666662877e+00 -9.630275897632386659e+02
7.920833333333328063e+00 -9.593911592446766008e+02
7.933333333333329129e+00 -9.616369855452394404e+02
7.943749999999996092e+00 -9.680443354593530785e+02
7.956249999999994493e+00 -9.771778477721227318e+02
7.966666666666661456e+00 -9.829490047780478790e+02
7.979166666666662522e+00 -9.854771920390130617e+02
7.989583333333327708e+00 -9.832293217777604468e+02
8.012500000000001066e+00 -9.689829468983251672e+02
8.022916666666665364e+00 -9.646315974060684084e+02
8.035416666666666430e+00 -9.643907414762026065e+02
8.045833333333334281e+00 -9.687558980748805197e+02
8.058333333333333570e+00 -9.783036754908279136e+02
8.068749999999999645e+00 -9.870535966497338904e+02
8.081250000000000711e+00 -9.940434264602257599e+02
8.091666666666666785e+00 -9.951074083233316969e+02
8.104166666666667851e+00 -9.913886774620827964e+02
8.114583333333332149e+00 -9.858453730832288784e+02
8.125000000000000000e+00 -9.795957467833802639e+02
8.137500000000001066e+00 -9.755584128731670717e+02
8.147916666666665364e+00 -9.765559291654981280e+02
8.160416666666666430e+00 -9.818227781929094817e+02
8.170833333333334281e+00 -9.876713362042740982e+02
8.183333333333331794e+00 -9.936738111981291013e+02
8.193749999999999645e+00 -9.953863336268195781e+02
8.206250000000000711e+00 -9.913872249008156814e+02
8.216666666666665009e+00 -9.837854438921111750e+02
8.229166666666666075e+00 -9.732924566619190045e+02
8.239583333333333925e+00 -9.663365877872303145e+02
8.252083333333333215e+00 -9.623992698780647288e+02
8.262499999999999289e+00 -9.635876917051319879e+02
8.272916666666667140e+00 -9.689155221701139453e+02
8.285416666666666430e+00 -9.767886482255299825e+02
8.295833333333332504e+00 -9.819709868898162313e+02
8.308333333333331794e+00 -9.848459580810850866e+02
8.318749999999999645e+00 -9.839508897717072387e+02
8.331249999999998934e+00 -9.796038279134057802e+02
8.341666666666665009e+00 -9.754065028482191337e+02
8.354166666666666075e+00 -9.732872931807179384e+02
8.364583333333332149e+00 -9.752363746135447400e+02
8.377083333333331439e+00 -9.809875036543397755e+02
8.387499999999999289e+00 -9.869501230864651689e+02
8.397916666666665364e+00 -9.926663036770403323e+02
8.410416666666664653e+00 -9.952185906843944849e+02
8.420833333333332504e+00 -9.925722164700811163e+02
8.433333333333330017e+00 -9.849390430053226737e+02
8.443749999999997868e+00 -9.767200866263600574e+02
8.456249999999998934e+00 -9.670861009501346643e+02
8.466666666666663232e+00 -9.614203971989320507e+02
8.479166666666664298e+00 -9.594922144742704404e+02
8.489583333333332149e+00 -9.614797122873241051e+02
8.502083333333331439e+00 -9.653781320919297286e+02
8.512499999999997513e+00 -9.679917246258449950e+02
8.522916666666665364e+00 -9.696729634248533785e+02
8.535416666666664653e+00 -9.688512180114909143e+02
8.545833333333330728e+00 -9.666825971371425794e+02
8.558333333333331794e+00 -9.652320002274018407e+02
8.568749999999997868e+00 -9.666156828630638529e+02
8.581249999999997158e+00 -9.716569022276105443e+02
8.591666666666665009e+00 -9.782397593773392828e+02
8.604166666666664298e+00 -9.877249008963901815e+02
8.614583333333330373e+00 -9.946555079779707285e+02
8.627083333333329662e+00 -9.983840953888716285e+02
8.637499999999997513e+00 -9.966707742524873765e+02
8.647916666666663588e+00 -9.918980479044037111e+02
8.660416666666662877e+00 -9.829926050453669859e+02
8.670833333333330728e+00 -9.752029356359998928e+02
8.683333333333331794e+00 -9.685683318564575757e+02
8.693749999999996092e+00 -9.660889527803277588e+02
8.706249999999997158e+00 -9.653299155487198959e+02
8.716666666666665009e+00 -9.650425761100733553e+02
8.729166666666662522e+00 -9.638027620021758821e+02
8.739583333333330373e+00 -9.610534832662668805e+02
8.752083333333329662e+00 -9.552428643529106012e+02
8.762499999999995737e+00 -9.497077691619156212e+02
8.772916666666663588e+00 -9.463217743620574538e+02
8.785416666666662877e+00 -9.461120480955390804e+02
8.795833333333328952e+00 -9.500788707167843086e+02
8.808333333333330017e+00 -9.599070395425135303e+02
8.818749999999996092e+00 -9.704387115554322918e+02
8.831249999999995381e+00 -9.818438455418162221e+02
8.841666666666663232e+00 -9.880015602334541427e+02
8.854166666666662522e+00 -9.906401374298995961e+02
8.864583333333328596e+00 -9.892108517337753710e+02
8.877083333333329662e+00 -9.844175702107985444e+02
8.887499999999995737e+00 -9.800033164454663392e+02
8.897916666666661811e+00 -9.776781079261550076e+02
8.910416666666661101e+00 -9.770323645602553597e+02
8.920833333333328952e+00 -9.775604288403964119e+02
8.933333333333328241e+00 -9.780958857280720622e+02
8.943749999999994316e+00 -9.766314575052705322e+02
8.956249999999995381e+00 -9.705184778669779462e+02
8.966666666666661456e+00 -9.621808327017852207e+02
8.979166666666660745e+00 -9.512788912106213957e+02
8.989583333333328596e+00 -9.439544975461984677e+02
9.012500000000001066e+00 -9.403220051375809589e+02
9.022916666666667140e+00 -9.461961954402298716e+02
9.035416666666666430e+00 -9.563531038627505723e+02
9.045833333333334281e+00 -9.648098037480039011e+02
9.058333333333335347e+00 -9.724899785976040221e+02
9.068749999999999645e+00 -9.753819813326153962e+02
9.081250000000000711e+00 -9.739924981575398988e+02
9.091666666666668561e+00 -9.703127472213299143e+02
9.104166666666667851e+00 -9.664485878385788737e+02
9.114583333333333925e+00 -9.655100047461356780e+02
9.125000000000001776e+00 -9.663713865099751956e+02
9.137500000000001066e+00 -9.701009378813978401e+02
9.147916666666667140e+00 -9.735224540303636331e+02
9.160416666666668206e+00 -9.744179120719807088e+02
9.170833333333334281e+00 -9.709075770283496922e+02
9.183333333333333570e+00 -9.621378440843407134e+02
9.193750000000001421e+00 -9.524385791021501291e+02
9.206250000000000711e+00 -9.404198900781190105e+02
9.216666666666666785e+00 -9.328518038677702862e+02
9.229166666666666075e+00 -9.299181716064390457e+02
9.239583333333333925e+00 -9.328199542145171108e+02
9.252083333333334991e+00 -9.400725447784428752e+02
9.262499999999999289e+00 -9.468175557748040774e+02
9.272916666666667140e+00 -9.528556218236495852e+02
9.285416666666668206e+00 -9.559544575096132348e+02
9.295833333333332504e+00 -9.548665920537412148e+02
9.308333333333333570e+00 -9.515627849188206255e+02
9.318750000000001421e+00 -9.492564884246755810e+02
9.331249999999998934e+00 -9.487145042150212930e+02
9.341666666666666785e+00 -9.509705659764077836e+02
9.354166666666666075e+00 -9.568577228531275978e+02
9.364583333333332149e+00 -9.624994223579391246e+02
9.377083333333333215e+00 -9.663477043960396031e+02
9.387499999999999289e+00 -9.652640914615437850e+02
9.397916666666665364e+00 -9.607452257826275854e+02
9.410416666666666430e+00 -9.508844090392580028e+02
9.420833333333332504e+00 -9.412222715888643734e+02
9.433333333333331794e+00 -9.320342010319473047e+02
9.443749999999999645e+00 -9.284509554484227465e+02
9.456249999999998934e+00 -9.290987924176895376e+02
9.466666666666665009e+00 -9.327856359195327514e+02
9.479166666666666075e+00 -9.390347795607528951e+02
9.489583333333332149e+00 -9.433825993463714212e+02
9.502083333333333215e+00 -9.447165791393750851e+02
9.512499999999997513e+00 -9.423588160403118081e+02
9.522916666666665364e+00 -9.388733866570888722e+02
9.535416666666666430e+00 -9.344932667471839522e+02
9.545833333333330728e+00 -9.327186291800611571e+02
9.558333333333331794e+00 -9.350433135441705872e+02
9.568749999999999645e+00 -9.403451103908827236e+02
9.581249999999997158e+00 -9.478140406292734497e+02
9.591666666666665009e+00 -9.526200266358670206e+02
9.604166666666666075e+00 -9.548896852720484958e+02
9.614583333333330373e+00 -9.530339774615029000e+02
9.627083333333331439e+00 -9.463945740732535796e+02
9.637499999999999289e+00 -9.390757545353717433e+02
9.647916666666663588e+00 -9.332393179941069548e+02
9.660416666666664653e+00 -9.293253742655114138e+02
9.670833333333332504e+00 -9.294967473275912653e+02
9.683333333333331794e+00 -9.338410000827291242e+02
9.693749999999997868e+00 -9.391524909083078683e+02
9.706249999999997158e+00 -9.441011453505270765e+02
9.716666666666665009e+00 -9.454657346179712931e+02
9.729166666666664298e+00 -9.441260465183401038e+02
9.739583333333330373e+00 -9.415043623693094332e+02
9.752083333333331439e+00 -9.380627523242965253e+02
9.762499999999997513e+00 -9.367739721422424282e+02
9.772916666666663588e+00 -9.388520009035867133e+02
9.785416666666664653e+00 -9.442640822293561769e+02
9.795833333333330728e+00 -9.497895647481723245e+02
9.808333333333330017e+00 -9.557364692432361153e+02
9.818749999999997868e+00 -9.581905794234043015e+02
9.831249999999995381e+00 -9.561226223839148588e+02
9.841666666666663232e+00 -9.506063531809038523e+02
9.854166666666664298e+00 -9.423260814599520927e+02
9.864583333333328596e+00 -9.362644714315368901e+02
9.877083333333329662e+00 -9.316012270264830022e+02
9.887499999999997513e+00 -9.306654382113407564e+02
9.897916666666661811e+00 -9.329010988114450811e+02
9.910416666666662877e+00 -9.367079974255024126e+02
9.920833333333330728e+00 -9.389345981384160496e+02
9.933333333333328241e+00 -9.394044163562839458e+02
9.943749999999996092e+00 -9.375847280500529450e+02
9.956249999999997158e+00 -9.330497522255625427e+02
9.966666666666661456e+00 -9.290007333822245528e+02
9.979166666666662522e+00 -9.268728863481956068e+02
9.989583333333328596e+00 -9.284411662772640739e+02
1.001250000000000107e+01 -9.388750071196319595e+02
1.002291666666666536e+01 -9.446530651602763555e+02
1.003541666666666643e+01 -9.483725480374662311e+02
1.004583333333333428e+01 -9.476914246689830179e+02
1.005833333333333357e+01 -9.433234993979709770e+02
1.006874999999999964e+01 -9.380108612323800799e+02
1.008125000000000071e+01 -9.311310345381485831e+02
1.009166666666666679e+01 -9.265846836216650217e+02
1.010416666666666785e+01 -9.242588876854822502e+02
1.011458333333333393e+01 -9.245099047612799268e+02
1.012500000000000000e+01 -9.246496851688490324e+02
1.013750000000000107e+01 -9.240200188086989783e+02
1.014791666666666536e+01 -9.217239016423094427e+02
1.016041666666666643e+01 -9.159071359672368544e+02
1.017083333333333428e+01 -9.094681877431348767e+02
1.018333333333333179e+01 -9.027691188217114586e+02
1.019374999999999964e+01 -8.997584247775811264e+02
1.020625000000000071e+01 -8.997152671533357307e+02
1.021666666666666501e+01 -9.025003643211738336e+02
1.022916666666666607e+01 -9.083858432733618429e+02
1.023958333333333393e+01 -9.135007175303538816e+02
1.025208333333333321e+01 -9.167452190562750047e+02
1.026249999999999929e+01 -9.161952298047424392e+02
1.027291666666666714e+01 -9.139018706888454062e+02
1.028541666666666643e+01 -9.091896852934763729e+02
1.029583333333333250e+01 -9.053062273730731704e+02
1.030833333333333179e+01 -9.032158339583029374e+02
1.031874999999999964e+01 -9.040530343349701070e+02
1.033124999999999893e+01 -9.065223450171239392e+02
1.034166666666666501e+01 -9.083515369616626458e+02
1.035416666666666607e+01 -9.089888295998407557e+02
1.036458333333333215e+01 -9.071561337253423289e+02
1.037708333333333144e+01 -9.014089713610158014e+02
1.038749999999999929e+01 -8.948237291476134487e+02
1.039791666666666536e+01 -8.892063969035468745e+02
1.041041666666666465e+01 -8.846956939438805421e+02
1.042083333333333250e+01 -8.839060195363723551e+02
1.043333333333333179e+01 -8.871821375651542212e+02
1.044374999999999787e+01 -8.921972657027052946e+02
1.045624999999999893e+01 -8.978541205721368215e+02
1.046666666666666323e+01 -9.006415039072583113e+02
1.047916666666666430e+01 -9.014385728056399785e+02
1.048958333333333215e+01 -9.004127619354914032e+02
1.050208333333333144e+01 -8.981443217290706116e+02
1.051249999999999751e+01 -8.970298972790095604e+02
1.052291666666666536e+01 -8.986879252147509760e+02
1.053541666666666465e+01 -9.033422762616821728e+02
1.054583333333333073e+01 -9.084766984282168778e+02
1.055833333333333179e+01 -9.145720551547665309e+02
1.056874999999999787e+01 -9.176072564273557646e+02
1.058124999999999716e+01 -9.163883407033124513e+02
1.059166666666666501e+01 -9.113027386715851890e+02
1.060416666666666430e+01 -9.026985793195815404e+02
1.061458333333333037e+01 -8.954905617403809401e+02
1.062708333333332966e+01 -8.886661431259432220e+02
1.063749999999999751e+01 -8.857686362030227656e+02
1.064791666666666359e+01 -8.863504171035853005e+02
1.066041666666666288e+01 -8.889462008548349559e+02
1.067083333333333073e+01 -8.908347496780379515e+02
1.068333333333333002e+01 -8.913196215169652987e+02
1.069374999999999609e+01 -8.894581880659785611e+02
1.070624999999999716e+01 -8.844522801242530932e+02
1.071666666666666323e+01 -8.796540378896631864e+02
1.072916666666666252e+01 -8.764892993021699112e+02
1.073958333333333037e+01 -8.776394140590691677e+02
1.075208333333332966e+01 -8.834187164882943080e+02
1.076249999999999574e+01 -8.909510955520681819e+02
1.077291666666666359e+01 -9.000571691413553026e+02
1.078541666666666288e+01 -9.089134888093163909e+02
1.079583333333332895e+01 -9.125986954538985856e+02
1.080833333333333002e+01 -9.124732851706791052e+02
1.081874999999999609e+01 -9.093663742999684700e+02
1.083124999999999538e+01 -9.035799218393665342e+02
1.084166666666666323e+01 -8.991018614367203554e+02
1.085416666666666252e+01 -8.968215156971240276e+02
1.086458333333332860e+01 -8.977570154599168291e+02
1.087708333333332966e+01 -9.002187565044471285e+02
1.088749999999999574e+01 -9.015893309761618184e+02
1.089791666666666181e+01 -9.016421481203760777e+02
1.091041666666666288e+01 -8.976099831900072559e+02
1.092083333333332895e+01 -8.911854079289868196e+02
1.093333333333333002e+01 -8.825240011577179757e+02
1.094374999999999432e+01 -8.766988144009898178e+02
1.095624999999999538e+01 -8.731719285725112059e+02
1.096666666666666323e+01 -8.741270011031963350e+02
1.097916666666666075e+01 -8.802174956933412204e+02
1.098958333333332860e+01 -8.877721210557173208e+02
1.101249999999999929e+01 -9.006656400197168750e+02
1.102291666666666536e+01 -9.028838584929202398e+02
1.103541666666666643e+01 -9.017315291915023181e+02
1.104583333333333250e+01 -8.988707277607111337e+02
1.105833333333333357e+01 -8.962082448295960830e+02
1.106874999999999787e+01 -8.960930768601690488e+02
1.108124999999999893e+01 -8.982405494079814616e+02
1.109166666666666679e+01 -9.011466108767211836e+02
1.110416666666666607e+01 -9.046430219180494987e+02
1.111458333333333215e+01 -9.057044140641997956e+02
1.112500000000000000e+01 -9.030122496197863029e+02
1.113749999999999929e+01 -8.959701004429759905e+02
1.114791666666666536e+01 -8.880870833427089792e+02
1.116041666666666643e+01 -8.780075409399337332e+02
1.117083333333333250e+01 -8.712141576134748675e+02
1.118333333333333179e+01 -8.675170503860664439e+02
1.119374999999999964e+01 -8.683441033481874456e+02
1.120624999999999893e+01 -8.720323537588672025e+02
1.121666666666666501e+01 -8.756493592217935884e+02
1.122916666666666430e+01 -8.793469586288046003e+02
1.123958333333333215e+01 -8.809529196081341524e+02
1.125208333333333321e+01 -8.803920084796961874e+02
1.126249999999999751e+01 -8.788745701670114840e+02
1.127291666666666536e+01 -8.786705746948001661e+02
1.128541666666666643e+01 -8.803373954218938024e+02
1.129583333333333073e+01 -8.836913478097716279e+02
1.130833333333333179e+01 -8.900081501105659072e+02
1.131874999999999964e+01 -8.956881741949729303e+02
1.133124999999999716e+01 -9.000210689275435243e+02
1.134166666666666501e+01 -9.003064351014890008e+02
1.135416666666666430e+01 -8.970707067282958178e+02
1.136458333333333037e+01 -8.922332321039110639e+02
1.137708333333333144e+01 -8.851906496171425260e+02
1.138749999999999751e+01 -8.800150675787168666e+02
1.139791666666666359e+01 -8.774869413383405572e+02
1.141041666666666465e+01 -8.769095289117711900e+02
1.142083333333333073e+01 -8.776131301054291498e+02
1.143333333333333002e+01 -8.788410490076297492e+02
1.144374999999999787e+01 -8.788946130255611706e+02
1.145624999999999716e+01 -8.762694556303849822e+02
1.146666666666666323e+01 -8.722633670193209809e+02
1.147916666666666430e+01 -8.675729455469970617e+02
1.148958333333333037e+01 -8.652462310009242401e+02
1.150208333333333144e+01 -8.650844044016546377e+02
1.151249999999999751e+01 -8.674311421041971926e+02
1.152291666666666359e+01 -8.723169594912442335e+02
1.153541666666666465e+01 -8.785497364197398156e+02
1.154583333333332895e+01 -8.823702264605985874e+02
1.155833333333333002e+01 -8.845089428984030064e+02
1.156874999999999787e+01 -8.840043817809668099e+02
1.158124999999999538e+01 -8.808709884390419802e+02
1.159166666666666323e+01 -8.775813241356092931e+02
1.160416666666666430e+01 -8.754755931541242262e+02
1.161458333333332860e+01 -8.761313968058738055e+02
1.162708333333332966e+01 -8.788347679221697035e+02
1.163749999999999751e+01 -8.815429748646896542e+02
1.164791666666666181e+01 -8.842123332598135903e+02
1.166041666666666288e+01 -8.844825233434196434e+02
1.167083333333333073e+01 -8.816799140567495670e+02
1.168333333333333002e+01 -8.761144163209424960e+02
1.169374999999999609e+01 -8.710615076355920792e+02
1.170624999999999538e+01 -8.659455336596286088e+02
1.171666666666666323e+01 -8.638558363899617234e+02
1.172916666666666252e+01 -8.652299754931655116e+02
1.173958333333332860e+01 -8.688549107628402908e+02
1.175208333333332966e+01 -8.734195539290730039e+02
1.176249999999999574e+01 -8.757568771536064105e+02
1.177291666666666181e+01 -8.766473285940484175e+02
1.178541666666666288e+01 -8.744347539483729861e+02
1.179583333333332895e+01 -8.708324314444018910e+02
1.180833333333332824e+01 -8.672953857317228312e+02
1.181874999999999609e+01 -8.666491772780800602e+02
1.183124999999999538e+01 -8.690635299772668532e+02
1.184166666666666146e+01 -8.734781292096600964e+02
1.185416666666666252e+01 -8.807015266959635937e+02
1.186458333333332682e+01 -8.864018465785538865e+02
1.187708333333332789e+01 -8.898216998346396167e+02
1.188749999999999574e+01 -8.889262468104777781e+02
1.189791666666666003e+01 -8.858896506758966325e+02
1.191041666666666110e+01 -8.798943092565035613e+02
1.192083333333332895e+01 -8.748093323660306169e+02
1.193333333333332646e+01 -8.714080418309599736e+02
1.194374999999999432e+01 -8.714368430953749112e+02
1.195624999999999538e+01 -8.733834420990652916e+02
1.196666666666665968e+01 -8.751324516369691082e+02
1.197916666666666075e+01 -8.760326554566313462e+02
1.198958333333332860e+01 -8.746167402339638102e+02
1.201250000000000107e+01 -8.630045179105208035e+02
1.202291666666666536e+01 -8.575534755420067086e+02
1.203541666666666643e+01 -8.536059020112103326e+02
1.204583333333333428e+01 -8.538037811084865325e+02
1.205833333333333357e+01 -8.590822561255525898e+02
1.206874999999999964e+01 -8.665240160880638314e+02
1.208125000000000071e+01 -8.758624638363498889e+02
1.209166666666666679e+01 -8.820755541753305806e+02
1.210416666666666785e+01 -8.868061409035435645e+02
1.211458333333333393e+01 -8.883294033203645768e+02
1.212500000000000000e+01 -8.875932405986604863e+02
1.213750000000000107e+01 -8.868633689449347912e+02
1.214791666666666536e+01 -8.878594738622033447e+02
1.216041666666666643e+01 -8.910582601227223449e+02
1.217083333333333428e+01 -8.950273242060707162e+02
1.218333333333333179e+01 -9.004672326298733651e+02
1.219374999999999964e+01 -9.037804484919311108e+02
1.220625000000000071e+01 -9.035537962497662647e+02
1.221666666666666501e+01 -8.993768400678856096e+02
1.222916666666666607e+01 -8.913407108449770249e+02
1.223958333333333393e+01 -8.839003145324429624e+02
1.225208333333333321e+01 -8.761042756731192185e+02
1.226249999999999929e+01 -8.721686339782930872e+02
1.227291666666666714e+01 -8.720206986470567472e+02
1.228541666666666643e+01 -8.749111573572442921e+02
1.229583333333333250e+01 -8.784394311560597544e+02
1.230833333333333179e+01 -8.826089364455619943e+02
1.231874999999999964e+01 -8.847623037898862322e+02
1.233124999999999893e+01 -8.845839062993313746e+02
1.234166666666666501e+01 -8.827988318520103803e+02
1.235416666666666607e+01 -8.811529626746271333e+02
1.236458333333333215e+01 -8.814976061818121025e+02
1.237708333333333144e+01 -8.841441365397511163e+02
1.238749999999999929e+01 -8.879955983992582560e+02
1.239791666666666536e+01 -8.932279264470467979e+02
1.241041666666666465e+01 -8.980531249482179419e+02
1.242083333333333250e+01 -8.993249731427546294e+02
1.243333333333333179e+01 -8.973756624267510915e+02
1.244374999999999787e+01 -8.932224280434625143e+02
1.245624999999999893e+01 -8.861304999917538225e+02
1.246666666666666323e+01 -8.801886326756816743e+02
1.247916666666666430e+01 -8.756989793137172455e+02
1.248958333333333215e+01 -8.748299896624578196e+02
1.250208333333333144e+01 -8.759522572187975129e+02
1.251249999999999751e+01 -8.775320452911719258e+02
1.252291666666666536e+01 -8.794168548567012067e+02
1.253541666666666465e+01 -8.796368648873241227e+02
1.254583333333333073e+01 -8.778773658330648004e+02
1.255833333333333179e+01 -8.749905851303631152e+02
1.256874999999999787e+01 -8.731662576413879151e+02
1.258124999999999716e+01 -8.724771539082587424e+02
1.259166666666666501e+01 -8.739035869109503665e+02
1.260416666666666430e+01 -8.786281723858182886e+02
1.261458333333333037e+01 -8.840315056142146659e+02
1.262708333333332966e+01 -8.895729454206608580e+02
1.263749999999999751e+01 -8.920342960229409073e+02
1.264791666666666359e+01 -8.927550687287738356e+02
1.266041666666666288e+01 -8.903628386227978808e+02
1.267083333333333073e+01 -8.866613648890053128e+02
1.268333333333333179e+01 -8.827062871149383909e+02
1.269374999999999609e+01 -8.810342175080324978e+02
1.270624999999999716e+01 -8.808245660061246554e+02
1.271666666666666501e+01 -8.817303315798727681e+02
1.272916666666666252e+01 -8.835020235522378016e+02
1.273958333333333037e+01 -8.843403129820359254e+02
1.275208333333333144e+01 -8.828375349492854411e+02
1.276249999999999574e+01 -8.795880384726465309e+02
1.277291666666666359e+01 -8.762224505881428058e+02
1.278541666666666288e+01 -8.722748908716642973e+02
1.279583333333332895e+01 -8.702329668978250083e+02
1.280833333333333002e+01 -8.708799405154528586e+02
1.281874999999999609e+01 -8.737820056315526926e+02
1.283124999999999538e+01 -8.780323578940462994e+02
1.284166666666666323e+01 -8.808459929279431435e+02
1.285416666666666252e+01 -8.825928734507803028e+02
1.286458333333332860e+01 -8.822474054940244059e+02
1.287708333333332966e+01 -8.794552932440368522e+02
1.288749999999999574e+01 -8.763153556479815052e+02
1.289791666666666181e+01 -8.746284970986895360e+02
1.291041666666666288e+01 -8.744775279549284051e+02
1.292083333333332895e+01 -8.761588934517596954e+02
1.293333333333332824e+01 -8.802625885028274979e+02
1.294374999999999432e+01 -8.840818117518481358e+02
1.295624999999999538e+01 -8.865838770130391140e+02
1.296666666666666146e+01 -8.860643435554328562e+02
1.297916666666666075e+01 -8.831430376820396759e+02
1.298958333333332860e+01 -8.797296504891678524e+02
1.301250000000000107e+01 -8.731202519722907027e+02
1.302291666666666714e+01 -8.733532952319095557e+02
1.303541666666666821e+01 -8.756926788258655279e+02
1.304583333333333428e+01 -8.783612510308752235e+02
1.305833333333333535e+01 -8.813409380567256903e+02
1.306874999999999964e+01 -8.823806725076403836e+02
1.308125000000000071e+01 -8.805232510101600383e+02
1.309166666666666856e+01 -8.768921661730390724e+02
1.310416666666666785e+01 -8.723875450218170045e+02
1.311458333333333393e+01 -8.699731353007090320e+02
1.312500000000000178e+01 -8.689352776576240558e+02
1.313750000000000107e+01 -8.711696974696504867e+02
1.314791666666666714e+01 -8.752785718082928952e+02
1.316041666666666821e+01 -8.803923732183384345e+02
1.317083333333333428e+01 -8.833310528209699442e+02
1.318333333333333357e+01 -8.847723768694700084e+02
1.319375000000000142e+01 -8.840832580770429558e+02
1.320625000000000071e+01 -8.812412761259213312e+02
1.321666666666666679e+01 -8.786219233457330802e+02
1.322916666666666607e+01 -8.777147297026962178e+02
1.323958333333333393e+01 -8.796046017820865472e+02
1.325208333333333499e+01 -8.839922242608511169e+02
1.326249999999999929e+01 -8.881717967058334580e+02
1.327291666666666714e+01 -8.922327527916294230e+02
1.328541666666666821e+01 -8.939562602334058283e+02
1.329583333333333250e+01 -8.920226876389500603e+02
1.330833333333333357e+01 -8.868826866636326258e+02
1.331875000000000142e+01 -8.815230295077443543e+02
1.333124999999999893e+01 -8.752328814746596208e+02
1.334166666666666679e+01 -8.715903302209976573e+02
1.335416666666666785e+01 -8.707528172139333265e+02
1.336458333333333215e+01 -8.726237335357326401e+02
1.337708333333333321e+01 -8.756294497521282665e+02
1.338749999999999929e+01 -8.771930721297679838e+02
1.339791666666666536e+01 -8.777486386944634660e+02
1.341041666666666643e+01 -8.754299513266566919e+02
1.342083333333333250e+01 -8.715937403198046241e+02
1.343333333333333179e+01 -8.672674597920316728e+02
1.344374999999999964e+01 -8.655135186702763122e+02
1.345624999999999893e+01 -8.662406364211618666e+02
1.346666666666666501e+01 -8.692953401082858136e+02
1.347916666666666607e+01 -8.754901871979842554e+02
1.348958333333333215e+01 -8.811239894368684418e+02
1.350208333333333321e+01 -8.855183699726326267e+02
1.351249999999999929e+01 -8.861052849664949917e+02
1.352291666666666536e+01 -8.847015720711399354e+02
1.353541666666666643e+01 -8.802736434932247676e+02
1.354583333333333073e+01 -8.757946440534981321e+02
1.355833333333333179e+01 -8.721117955955885463e+02
1.356874999999999964e+01 -8.712546139512735408e+02
1.358124999999999716e+01 -8.719518237153970404e+02
1.359166666666666501e+01 -8.730232698056589697e+02
1.360416666666666607e+01 -8.739662321180085200e+02
1.361458333333333037e+01 -8.733603128580712109e+02
1.362708333333333144e+01 -8.697532526585058577e+02
1.363749999999999929e+01 -8.649816281043989648e+02
1.364791666666666359e+01 -8.607861613477064111e+02
1.366041666666666465e+01 -8.571370878855607316e+02
1.367083333333333250e+01 -8.564555112228592861e+02
1.368333333333333179e+01 -8.596490410014660029e+02
1.369374999999999787e+01 -8.649506153055621098e+02
1.370624999999999716e+01 -8.718790520321028907e+02
1.371666666666666501e+01 -8.764920395936959494e+02
1.372916666666666430e+01 -8.799357860336078829e+02
1.373958333333333037e+01 -8.808056976934049089e+02
1.375208333333333144e+01 -8.794715323013796251e+02
1.376249999999999751e+01 -8.775970292269959145e+02
1.377291666666666359e+01 -8.771044417690376349e+02
1.378541666666666465e+01 -8.779247254286633506e+02
1.379583333333333073e+01 -8.796607126003423218e+02
1.380833333333333002e+01 -8.826020327010553501e+02
1.381874999999999787e+01 -8.844487503248697067e+02
1.383124999999999716e+01 -8.837083545223417786e+02
1.384166666666666323e+01 -8.801905557986452777e+02
1.385416666666666430e+01 -8.738965284799512574e+02
1.386458333333332860e+01 -8.681604705944496345e+02
1.387708333333332966e+01 -8.618507274108090996e+02
1.388749999999999751e+01 -8.582890578150130523e+02
1.389791666666666181e+01 -8.576670715107245542e+02
1.391041666666666288e+01 -8.591756492911739542e+02
1.392083333333333073e+01 -8.613151087885763673e+02
1.393333333333332824e+01 -8.640886784525544044e+02
1.394374999999999609e+01 -8.656476053117439733e+02
1.395624999999999716e+01 -8.655685040680489237e+02
1.396666666666666146e+01 -8.643734271469138548e+02
1.397916666666666252e+01 -8.636580437688328402e+02
1.398958333333333037e+01 -8.646283658928434761e+02
1.401250000000000107e+01 -8.709952485550112442e+02
1.402291666666666536e+01 -8.754758353265619917e+02
1.403541666666666643e+01 -8.793716664362765414e+02
1.404583333333333428e+01 -8.802130517618518297e+02
1.405833333333333357e+01 -8.784540685720488682e+02
1.406874999999999964e+01 -8.750680811213769630e+02
1.408125000000000071e+01 -8.693147569356455051e+02
1.409166666666666679e+01 -8.644871812465611356e+02
1.410416666666666785e+01 -8.608290190415908683e+02
1.411458333333333393e+01 -8.599649854189051439e+02
1.412500000000000000e+01 -8.598290265134628498e+02
1.413750000000000107e+01 -8.607263881280297255e+02
1.414791666666666714e+01 -8.612155634844800716e+02
1.416041666666666643e+01 -8.597880463524616061e+02
1.417083333333333428e+01 -8.569675874192776064e+02
1.418333333333333179e+01 -8.533618812563169058e+02
1.419374999999999964e+01 -8.513375634620182382e+02
1.420625000000000071e+01 -8.506961530144330936e+02
1.421666666666666501e+01 -8.521714437249554521e+02
1.422916666666666607e+01 -8.567253381379633765e+02
1.423958333333333393e+01 -8.617428325424702962e+02
1.425208333333333321e+01 -8.666012918009985242e+02
1.426249999999999929e+01 -8.684128709706481004e+02
1.427291666666666714e+01 -8.685846633605649458e+02
1.428541666666666643e+01 -8.657375970359419171e+02
1.429583333333333250e+01 -8.617503782896366147e+02
1.430833333333333179e+01 -8.574275653237775714e+02
1.431874999999999964e+01 -8.552863902528951030e+02
1.433124999999999893e+01 -8.542277666460485079e+02
1.434166666666666501e+01 -8.542055290424880241e+02
1.435416666666666607e+01 -8.546864719697114197e+02
1.436458333333333215e+01 -8.544229527696643345e+02
1.437708333333333144e+01 -8.517261754459058238e+02
1.438749999999999929e+01 -8.476221572109319595e+02
1.439791666666666536e+01 -8.435835574729593418e+02
1.441041666666666465e+01 -8.392005012275130866e+02
1.442083333333333250e+01 -8.371792948025855594e+02
1.443333333333333179e+01 -8.383102667864851583e+02
1.444374999999999787e+01 -8.420192604462753252e+02
1.445624999999999893e+01 -8.477364152163094104e+02
1.446666666666666501e+01 -8.520915973806399961e+02
1.447916666666666430e+01 -8.558740591223327101e+02
1.448958333333333215e+01 -8.571482048267455411e+02
1.450208333333333144e+01 -8.559704387138576749e+02
1.451249999999999751e+01 -8.537129962758572219e+02
1.452291666666666536e+01 -8.524481692443445127e+02
1.453541666666666465e+01 -8.522100250692957388e+02
1.454583333333333073e+01 -8.533643539036102084e+02
1.455833333333333179e+01 -8.564879853414510080e+02
1.456874999999999787e+01 -8.593560841749679184e+02
1.458124999999999716e+01 -8.606748851851631343e+02
1.459166666666666501e+01 -8.591755358777436413e+02
1.460416666666666430e+01 -8.550615695322485408e+02
1.461458333333333037e+01 -8.505935193308428097e+02
1.462708333333332966e+01 -8.450517645779460736e+02
1.463749999999999751e+01 -8.416822472781701663e+02
1.464791666666666359e+01 -8.411447879009091366e+02
1.466041666666666288e+01 -8.429020579983452990e+02
1.467083333333333073e+01 -8.454576195702675250e+02
1.468333333333333002e+01 -8.488742009894511966e+02
1.469374999999999609e+01 -8.507070585620130032e+02
1.470624999999999716e+01 -8.499656252838194632e+02
1.471666666666666323e+01 -8.470977771496256992e+02
1.472916666666666252e+01 -8.429916443085761557e+02
1.473958333333333037e+01 -8.403809948676321255e+02
1.475208333333333144e+01 -8.389212054405094250e+02
1.476249999999999574e+01 -8.394782765501104222e+02
1.477291666666666359e+01 -8.421774402387864029e+02
1.478541666666666288e+01 -8.456668993823572009e+02
1.479583333333332895e+01 -8.474875048648839311e+02
1.480833333333333002e+01 -8.479531460009948205e+02
1.481874999999999609e+01 -8.467243961678094593e+02
1.483124999999999538e+01 -8.434319107668637798e+02
1.484166666666666323e+01 -8.404743478940924888e+02
1.485416666666666252e+01 -8.392048611379362910e+02
1.486458333333332860e+01 -8.408723011312159770e+02
1.487708333333332966e+01 -8.452983786867918070e+02
1.488749999999999574e+01 -8.500654542613430067e+02
1.489791666666666181e+01 -8.554137405811570716e+02
1.491041666666666288e+01 -8.596070739704424568e+02
1.492083333333332895e+01 -8.603508937355323951e+02
1.493333333333333002e+01 -8.586524966348849830e+02
1.494374999999999609e+01 -8.558578260380074880e+02
1.495624999999999538e+01 -8.517461073929092663e+02
1.496666666666666323e+01 -8.489106642207725599e+02
1.497916666666666075e+01 -8.478035892172919148e+02
1.498958333333332860e+01 -8.485476469820837337e+02
1.501249999999999929e+01 -8.491099340348279156e+02
1.502291666666666536e+01 -8.478835109877344394e+02
1.503541666666666643e+01 -8.440621146576100955e+02
1.504583333333333250e+01 -8.396019038264415713e+02
1.505833333333333357e+01 -8.350559249710870517e+02
1.506874999999999964e+01 -8.333631520873000227e+02
1.508124999999999893e+01 -8.343121299818787975e+02
1.509166666666666679e+01 -8.377232171492432826e+02
1.510416666666666607e+01 -8.447913494738737654e+02
1.511458333333333215e+01 -8.517950227373506777e+02
1.512500000000000000e+01 -8.575235907084488645e+02
1.513749999999999929e+01 -8.626494039886720202e+02
1.514791666666666536e+01 -8.650719581270559502e+02
1.516041666666666643e+01 -8.654141387625953712e+02
1.517083333333333250e+01 -8.644495694426054797e+02
1.518333333333333179e+01 -8.638066137349372866e+02
1.519374999999999964e+01 -8.642565524650143516e+02
1.520624999999999893e+01 -8.650091577624841648e+02
1.521666666666666501e+01 -8.650263729260383343e+02
1.522916666666666430e+01 -8.637719275862265249e+02
1.523958333333333215e+01 -8.609304121563119452e+02
1.525208333333333321e+01 -8.546216495137227867e+02
1.526249999999999751e+01 -8.476647943519294586e+02
1.527291666666666536e+01 -8.412689054797631343e+02
1.528541666666666643e+01 -8.348726697558755632e+02
1.529583333333333073e+01 -8.317937578486821621e+02
1.530833333333333179e+01 -8.321799698747778393e+02
1.531874999999999964e+01 -8.355594017042566293e+02
1.533124999999999716e+01 -8.412020657572235223e+02
1.534166666666666501e+01 -8.458993288703234157e+02
1.535416666666666607e+01 -8.509441191977632570e+02
1.536458333333333037e+01 -8.542516187695994176e+02
1.537708333333333144e+01 -8.566887310129272919e+02
1.538749999999999929e+01 -8.581863187829759454e+02
1.539791666666666359e+01 -8.607937661920453820e+02
1.541041666666666465e+01 -8.644706947178340215e+02
1.542083333333333073e+01 -8.675975695053064101e+02
1.543333333333333002e+01 -8.708884877113902121e+02
1.544374999999999787e+01 -8.720424400432534640e+02
1.545624999999999716e+01 -8.696455541502247115e+02
1.546666666666666323e+01 -8.643338364703006391e+02
1.547916666666666430e+01 -8.556166718168351508e+02
1.548958333333333037e+01 -8.477216620934630100e+02
1.550208333333333144e+01 -8.387015163416393762e+02
1.551249999999999751e+01 -8.328289815267277163e+02
1.552291666666666359e+01 -8.299576094202815284e+02
1.553541666666666465e+01 -8.290160586223730661e+02
1.554583333333333073e+01 -8.295186205947253484e+02
1.555833333333333002e+01 -8.311514551191456803e+02
1.556874999999999787e+01 -8.326168407195864347e+02
1.558124999999999538e+01 -8.335994499088149041e+02
1.559166666666666323e+01 -8.343035555290994125e+02
1.560416666666666430e+01 -8.368720248735517089e+02
1.561458333333332860e+01 -8.411505009521765714e+02
1.562708333333332966e+01 -8.481612736114087738e+02
1.563749999999999574e+01 -8.548969228468711208e+02
1.564791666666666359e+01 -8.621797313644204905e+02
1.566041666666666288e+01 -8.685054176675141662e+02
1.567083333333332895e+01 -8.705128415898266212e+02
1.568333333333333002e+01 -8.691255731440127192e+02
1.569374999999999609e+01 -8.652501105268346464e+02
1.570624999999999538e+01 -8.580713172549437786e+02
1.571666666666666323e+01 -8.514955249069348611e+02
1.572916666666666252e+01 -8.453905630297090283e+02
1.573958333333332682e+01 -8.424078594815529186e+02
1.575208333333332966e+01 -8.402943001020407792e+02
1.576249999999999574e+01 -8.389377043352252485e+02
1.577291666666666003e+01 -8.380635668343846874e+02
1.578541666666666288e+01 -8.357449180288659818e+02
1.579583333333332895e+01 -8.328113520355825585e+02
1.580833333333332646e+01 -8.298240521606803668e+02
1.581874999999999609e+01 -8.289823543586006735e+02
1.583124999999999538e+01 -8.305098336255717868e+02
1.584166666666666323e+01 -8.343047411550445531e+02
1.585416666666666252e+01 -8.420612007918879272e+02
1.586458333333332860e+01 -8.499443431374302236e+02
1.587708333333332966e+01 -8.582156623234787958e+02
1.588749999999999574e+01 -8.626104695949712777e+02
1.589791666666666003e+01 -8.648877877485883801e+02
1.591041666666666288e+01 -8.636626204561888471e+02
1.592083333333332895e+01 -8.601986013525183807e+02
1.593333333333332646e+01 -8.555238938934135149e+02
1.594374999999999609e+01 -8.523830540291163516e+02
1.595624999999999538e+01 -8.495607390236250467e+02
1.596666666666665968e+01 -8.478887421666805722e+02
1.597916666666666252e+01 -8.465628006189921280e+02
1.598958333333332860e+01 -8.450786351719937102e+02
1.601249999999999929e+01 -8.363047596374320847e+02
1.602291666666666714e+01 -8.314257020427257885e+02
1.603541666666666643e+01 -8.261052372864933204e+02
1.604583333333333073e+01 -8.234722765995874170e+02
1.605833333333333357e+01 -8.243435208241943428e+02
1.606875000000000142e+01 -8.284297504133691064e+02
1.608125000000000071e+01 -8.354587970147542819e+02
1.609166666666666856e+01 -8.416332509284327443e+02
1.610416666666666430e+01 -8.482599643251268162e+02
1.611458333333333570e+01 -8.520595393687317483e+02
1.612500000000000000e+01 -8.530706910293391729e+02
1.613749999999999929e+01 -8.524670945379041314e+02
1.614791666666666714e+01 -8.515001809158154629e+02
1.616041666666666643e+01 -8.503803854368120483e+02
1.617083333333333073e+01 -8.501557418010182801e+02
1.618333333333333357e+01 -8.514304492345250992e+02
1.619375000000000142e+01 -8.530275958814696651e+02
1.620624999999999716e+01 -8.534913744215558609e+02
1.621666666666666856e+01 -8.517915342727002326e+02
1.622916666666666430e+01 -8.476942517939689878e+02
1.623958333333333215e+01 -8.431500017151532802e+02
1.625208333333333499e+01 -8.371082673571766009e+02
1.626249999999999929e+01 -8.329179700267638964e+02
1.627291666666666359e+01 -8.313174423268609416e+02
1.628541666666666643e+01 -8.318736503464768930e+02
1.629583333333333073e+01 -8.338809182076419120e+02
1.630833333333333002e+01 -8.375604064784143930e+02
1.631875000000000142e+01 -8.405159705618760881e+02
1.633124999999999716e+01 -8.420734527023798819e+02
1.634166666666666501e+01 -8.414989891764352024e+02
1.635416666666666785e+01 -8.398902784140002495e+02
1.636458333333333215e+01 -8.387089697999072087e+02
1.637708333333333499e+01 -8.378850014834990816e+02
1.638749999999999929e+01 -8.381873039258842937e+02
1.639791666666666359e+01 -8.402443430707191965e+02
1.641041666666666643e+01 -8.429847484512705478e+02
1.642083333333333073e+01 -8.444932144064136992e+02
1.643333333333333002e+01 -8.449895200835804872e+02
1.644375000000000142e+01 -8.439961139273816570e+02
1.645624999999999716e+01 -8.408842611138499024e+02
1.646666666666666501e+01 -8.376684400016212066e+02
1.647916666666666785e+01 -8.352712165235554949e+02
1.648958333333333215e+01 -8.353092785790370272e+02
1.650208333333333144e+01 -8.371955195326810326e+02
1.651249999999999929e+01 -8.397340570732026208e+02
1.652291666666666359e+01 -8.431991251771557927e+02
1.653541666666666288e+01 -8.460373522438993632e+02
1.654583333333333428e+01 -8.465371323485042012e+02
1.655833333333333002e+01 -8.454830694542546325e+02
1.656874999999999787e+01 -8.437336206220231816e+02
1.658124999999999716e+01 -8.409432015926624899e+02
1.659166666666666501e+01 -8.389869537828172952e+02
1.660416666666666430e+01 -8.386129152330310035e+02
1.661458333333333215e+01 -8.398445020085338228e+02
1.662708333333333144e+01 -8.415799480373754022e+02
1.663749999999999574e+01 -8.422883773257993880e+02
1.664791666666666359e+01 -8.425248370166549421e+02
1.666041666666666288e+01 -8.406664546088392171e+02
1.667083333333333073e+01 -8.377321721582642340e+02
1.668333333333333002e+01 -8.344889662191990283e+02
1.669374999999999787e+01 -8.330972726994896220e+02
1.670624999999999716e+01 -8.331391329627392679e+02
1.671666666666666501e+01 -8.347021718241617236e+02
1.672916666666666430e+01 -8.384613206777681853e+02
1.673958333333332860e+01 -8.420907174564175648e+02
1.675208333333333144e+01 -8.449078203792721524e+02
1.676249999999999574e+01 -8.452659861302206536e+02
1.677291666666666003e+01 -8.446387295442647201e+02
1.678541666666666288e+01 -8.419734612879076394e+02
1.679583333333333073e+01 -8.390479134905519913e+02
1.680833333333332646e+01 -8.366413417406278086e+02
1.681874999999999787e+01 -8.361037335091136811e+02
1.683124999999999716e+01 -8.363458328707682767e+02
1.684166666666666501e+01 -8.366398448827494576e+02
1.685416666666666430e+01 -8.368080594303515909e+02
1.686458333333332860e+01 -8.361010974494793118e+02
1.687708333333333144e+01 -8.331899120470983462e+02
1.688749999999999574e+01 -8.294713455332650938e+02
1.689791666666666003e+01 -8.264052032058707482e+02
1.691041666666666288e+01 -8.237680050101196230e+02
1.692083333333333073e+01 -8.232980922904799854e+02
1.693333333333332646e+01 -8.258845149549296139e+02
1.694374999999999787e+01 -8.301411551465212142e+02
1.695624999999999716e+01 -8.356501071588079412e+02
1.696666666666666146e+01 -8.393516379624808224e+02
1.697916666666666430e+01 -8.423664017693434971e+02
1.698958333333332860e+01 -8.434168755405531783e+02
1.701249999999999929e+01 -8.409476149563396348e+02
1.702291666666666714e+01 -8.402060140534655375e+02
1.703541666666666643e+01 -8.401899560529833479e+02
1.704583333333333428e+01 -8.408968180481768968e+02
1.705833333333333357e+01 -8.425584422193492173e+02
1.706875000000000142e+01 -8.437165162697615415e+02
1.708125000000000426e+01 -8.430514992285835660e+02
1.709166666666666856e+01 -8.404906469897952093e+02
1.710416666666666785e+01 -8.362151430092906139e+02
1.711458333333333570e+01 -8.325836968158401987e+02
1.712500000000000000e+01 -8.290421248428576746e+02
1.713749999999999929e+01 -8.273608720318826499e+02
1.714791666666667069e+01 -8.285816539108822099e+02
1.716041666666666643e+01 -8.320796093156002371e+02
1.717083333333333428e+01 -8.358598268367512674e+02
1.718333333333333357e+01 -8.408035618759330418e+02
1.719375000000000142e+01 -8.443181433868190879e+02
1.720625000000000071e+01 -8.465239384778541307e+02
1.721666666666666856e+01 -8.469251819131695811e+02
1.722916666666666785e+01 -8.473857011769231349e+02
1.723958333333333215e+01 -8.486100983190763145e+02
1.725208333333333499e+01 -8.511262776196438153e+02
1.726249999999999929e+01 -8.539448477543220406e+02
1.727291666666666714e+01 -8.576040574194621513e+02
1.728541666666666643e+01 -8.605361990028452510e+02
1.729583333333333428e+01 -8.607482411194865790e+02
1.730833333333333357e+01 -8.584738053574345713e+02
1.731875000000000142e+01 -8.547685451462903075e+02
1.733125000000000071e+01 -8.485823437682697659e+02
1.734166666666666501e+01 -8.432156170409291462e+02
1.735416666666666785e+01 -8.386863356935270986e+02
1.736458333333333215e+01 -8.370751256567015162e+02
1.737708333333333499e+01 -8.368686535595309124e+02
1.738749999999999929e+01 -8.374833673972797214e+02
1.739791666666666714e+01 -8.389013599565084860e+02
1.741041666666666643e+01 -8.395175507165160980e+02
1.742083333333333428e+01 -8.388102896958972678e+02
1.743333333333333357e+01 -8.376533554245593223e+02
1.744375000000000142e+01 -8.372082520046244554e+02
1.745625000000000071e+01 -8.376786879886368524e+02
1.746666666666666501e+01 -8.394938654867090690e+02
1.747916666666666785e+01 -8.440538158580957315e+02
1.748958333333333215e+01 -8.490407995667176237e+02
1.750208333333333144e+01 -8.541587012197830973e+02
1.751249999999999929e+01 -8.565818347503029599e+02
1.752291666666666714e+01 -8.576360445296885473e+02
1.753541666666666288e+01 -8.558447257670115960e+02
1.754583333333333428e+01 -8.524669733807068042e+02
1.755833333333333357e+01 -8.482248902732600300e+02
1.756874999999999787e+01 -8.454834905363162534e+02
1.758125000000000071e+01 -8.430445252526064905e+02
1.759166666666666501e+01 -8.417359922409640376e+02
1.760416666666666430e+01 -8.412005870027654737e+02
1.761458333333333215e+01 -8.408636759978934379e+02
1.762708333333333144e+01 -8.390460390664466104e+02
1.763749999999999574e+01 -8.361714689020762989e+02
1.764791666666666714e+01 -8.333284546356335341e+02
1.766041666666666288e+01 -8.298175560318514954e+02
1.767083333333333073e+01 -8.278200170197313810e+02
1.768333333333333357e+01 -8.282738671686416865e+02
1.769374999999999787e+01 -8.311797387986759986e+02
1.770624999999999716e+01 -8.361786940830278354e+02
1.771666666666666501e+01 -8.404838194370875044e+02
1.772916666666666430e+01 -8.451540786748153096e+02
1.773958333333332860e+01 -8.478364718319888880e+02
1.775208333333333144e+01 -8.485776760775039520e+02
1.776249999999999574e+01 -8.475276711125601423e+02
1.777291666666666359e+01 -8.466829062154967005e+02
1.778541666666666288e+01 -8.456511318469836169e+02
1.779583333333333073e+01 -8.452012164244947598e+02
1.780833333333333002e+01 -8.458271108976360892e+02
1.781874999999999787e+01 -8.468264271559339704e+02
1.783124999999999716e+01 -8.468855764302882108e+02
1.784166666666666501e+01 -8.453795945519597126e+02
1.785416666666666430e+01 -8.421608615791126340e+02
1.786458333333332860e+01 -8.386661296194322404e+02
1.787708333333333144e+01 -8.337870621448960264e+02
1.788749999999999574e+01 -8.301423099117300808e+02
1.789791666666666359e+01 -8.285191176300096458e+02
1.791041666666666643e+01 -8.283156848211622219e+02
1.792083333333333073e+01 -8.293231631280146985e+02
1.793333333333333002e+01 -8.317341606642600027e+02
1.794374999999999787e+01 -8.338691471105801156e+02
1.795624999999999716e+01 -8.350009163816400815e+02
1.796666666666666146e+01 -8.346167232026152760e+02
1.797916666666666430e+01 -8.338547911541419353e+02
1.798958333333332860e+01 -8.336632114153375142e+02
1.801249999999999929e+01 -8.350507411523125256e+02
1.802291666666667069e+01 -8.375313587173476435e+02
1.803541666666666998e+01 -8.402947516413703397e+02
1.804583333333333428e+01 -8.415126606640044429e+02
1.805833333333333712e+01 -8.416127932078564982e+02
1.806875000000000142e+01 -8.403933617397545959e+02
1.808125000000000426e+01 -8.370701856036253048e+02
1.809166666666666856e+01 -8.335499125357613366e+02
1.810416666666666785e+01 -8.303142508873052066e+02
1.811458333333333570e+01 -8.291493083416741001e+02
1.812500000000000355e+01 -8.286589903504427639e+02
1.813749999999999929e+01 -8.297985210466599710e+02
1.814791666666667069e+01 -8.314338638680719669e+02
1.816041666666666998e+01 -8.323780965547916821e+02
1.817083333333333428e+01 -8.317744790073962804e+02
1.818333333333333712e+01 -8.301150288267845099e+02
1.819375000000000142e+01 -8.283934092582035191e+02
1.820625000000000071e+01 -8.260509151157649512e+02
1.821666666666666856e+01 -8.245366066441464454e+02
1.822916666666666785e+01 -8.244874556260181180e+02
1.823958333333333215e+01 -8.257070978719638106e+02
1.825208333333333499e+01 -8.269779268530173795e+02
1.826249999999999929e+01 -8.269640447887148866e+02
1.827291666666666714e+01 -8.262882398270495514e+02
1.828541666666666998e+01 -8.231635367001430268e+02
1.829583333333333428e+01 -8.190205779164408568e+02
1.830833333333333357e+01 -8.141138093963438678e+02
1.831875000000000142e+01 -8.110850241688963251e+02
1.833125000000000071e+01 -8.088862400895086466e+02
1.834166666666666501e+01 -8.085050346647392416e+02
1.835416666666666785e+01 -8.100619736764004983e+02
1.836458333333333215e+01 -8.122498737029520726e+02
1.837708333333333499e+01 -8.140346542388867874e+02
1.838750000000000284e+01 -8.142853798830411733e+02
1.839791666666666714e+01 -8.143279964308482022e+02
1.841041666666666998e+01 -8.134364975902386732e+02
1.842083333333333428e+01 -8.126398629955288015e+02
1.843333333333333357e+01 -8.132332230954560828e+02
1.844375000000000142e+01 -8.153136419351449149e+02
1.845625000000000071e+01 -8.186369916365597419e+02
1.846666666666666501e+01 -8.212660327996514980e+02
1.847916666666666785e+01 -8.236990882596999199e+02
1.848958333333333215e+01 -8.242255584787667431e+02
1.850208333333333144e+01 -8.218639434862797088e+02
1.851250000000000284e+01 -8.177789950845707381e+02
1.852291666666666714e+01 -8.135768545883533989e+02
1.853541666666666643e+01 -8.085447072600874208e+02
1.854583333333333428e+01 -8.054013770354234794e+02
1.855833333333333357e+01 -8.042147868470071899e+02
1.856874999999999787e+01 -8.051605971581860786e+02
1.858125000000000071e+01 -8.069227962144399271e+02
1.859166666666666501e+01 -8.080413957974817549e+02
1.860416666666666430e+01 -8.089097487212096667e+02
1.861458333333333215e+01 -8.091462625541437319e+02
1.862708333333333144e+01 -8.086488473475236560e+02
1.863749999999999929e+01 -8.083571295832171018e+02
1.864791666666666714e+01 -8.097675887287279011e+02
1.866041666666666643e+01 -8.128776572340574376e+02
1.867083333333333073e+01 -8.164371140999011232e+02
1.868333333333333357e+01 -8.216621710264701051e+02
1.869374999999999787e+01 -8.257014168769006801e+02
1.870624999999999716e+01 -8.280775027922620666e+02
1.871666666666666501e+01 -8.273940830444938683e+02
1.872916666666666430e+01 -8.242389153652777622e+02
1.873958333333332860e+01 -8.203916989842440444e+02
1.875208333333333144e+01 -8.149451335075509633e+02
1.876249999999999929e+01 -8.107345635576352834e+02
1.877291666666666359e+01 -8.083152772944010849e+02
1.878541666666666643e+01 -8.065553630727080190e+02
1.879583333333333073e+01 -8.055164231043339669e+02
1.880833333333333002e+01 -8.046018530404980993e+02
1.881874999999999787e+01 -8.035841557313318617e+02
1.883124999999999716e+01 -8.012129434966745976e+02
1.884166666666666501e+01 -7.987683721483447243e+02
1.885416666666666430e+01 -7.971522166323543388e+02
1.886458333333333215e+01 -7.978109322868649542e+02
1.887708333333333144e+01 -8.008743928531470146e+02
1.888749999999999929e+01 -8.051509542277938181e+02
1.889791666666666359e+01 -8.111948649830335398e+02
1.891041666666666643e+01 -8.181344100465472593e+02
1.892083333333333073e+01 -8.224777378235166907e+02
1.893333333333333002e+01 -8.256419790486486363e+02
1.894374999999999787e+01 -8.262975297491611855e+02
1.895624999999999716e+01 -8.244468769195328832e+02
1.896666666666666146e+01 -8.215404070855696546e+02
1.897916666666666430e+01 -8.183190086113705775e+02
1.898958333333333215e+01 -8.164101988955510478e+02
1.901249999999999929e+01 -8.121878171266512254e+02
1.902291666666666714e+01 -8.102709184900386390e+02
1.903541666666666643e+01 -8.066713509684468590e+02
1.904583333333333073e+01 -8.026117708137694535e+02
1.905833333333333357e+01 -7.978670943817356829e+02
1.906874999999999787e+01 -7.949051514438464210e+02
1.908125000000000071e+01 -7.930013249422909212e+02
1.909166666666666501e+01 -7.934508395352549996e+02
1.910416666666666430e+01 -7.972884438162209335e+02
1.911458333333333570e+01 -8.026582623616706087e+02
1.912500000000000000e+01 -8.081380451332696566e+02
1.913749999999999929e+01 -8.147631647839431253e+02
1.914791666666666714e+01 -8.194622312990873070e+02
1.916041666666666643e+01 -8.228947200671967721e+02
1.917083333333333073e+01 -8.241331479157314561e+02
1.918333333333333357e+01 -8.251052889143850280e+02
1.919374999999999787e+01 -8.260048094756820092e+02
1.920624999999999716e+01 -8.266761802598661006e+02
1.921666666666666501e+01 -8.267292136343107813e+02
1.922916666666666430e+01 -8.263226302828146572e+02
1.923958333333333215e+01 -8.250103396131637510e+02
1.925208333333333144e+01 -8.210832054856076638e+02
1.926249999999999929e+01 -8.159359363980196349e+02
1.927291666666666359e+01 -8.105626897676849012e+02
1.928541666666666643e+01 -8.037978168381952173e+02
1.929583333333333073e+01 -7.990286036964860159e+02
1.930833333333333002e+01 -7.961913866485710969e+02
1.931874999999999787e+01 -7.965098311917669207e+02
1.933124999999999716e+01 -7.989252166035226992e+02
1.934166666666666501e+01 -8.018871672963050514e+02
1.935416666666666430e+01 -8.062535889146488444e+02
1.936458333333333215e+01 -8.098659014048707832e+02
1.937708333333333144e+01 -8.130332452849120273e+02
1.938749999999999929e+01 -8.149084032541791203e+02
1.939791666666666359e+01 -8.174388261674162095e+02
1.941041666666666643e+01 -8.205182898759932186e+02
1.942083333333333073e+01 -8.231628592058056029e+02
1.943333333333333002e+01 -8.267226837062615914e+02
1.944374999999999787e+01 -8.293221389456372208e+02
1.945624999999999716e+01 -8.302564030858459319e+02
1.946666666666666501e+01 -8.286571364723929491e+02
1.947916666666666430e+01 -8.245418095407231931e+02
1.948958333333333215e+01 -8.197922613673555361e+02
1.950208333333332789e+01 -8.129186103076688141e+02
1.951249999999999929e+01 -8.072824041389678769e+02
1.952291666666666359e+01 -8.034516636862682617e+02
1.953541666666666288e+01 -8.004835990426929584e+02
1.954583333333333073e+01 -7.992442484667177496e+02
1.955833333333333002e+01 -7.992891964521206773e+02
1.956874999999999432e+01 -7.998966900217370721e+02
1.958124999999999716e+01 -7.999426118740146876e+02
1.959166666666666501e+01 -7.993900576509862503e+02
1.960416666666666075e+01 -7.993498159865298476e+02
1.961458333333333215e+01 -8.004822252689322113e+02
1.962708333333333144e+01 -8.031083182549414232e+02
1.963749999999999574e+01 -8.063978622678199599e+02
1.964791666666666359e+01 -8.112068886699162249e+02
1.966041666666666288e+01 -8.166576571682288659e+02
1.967083333333332718e+01 -8.198895826340161648e+02
1.968333333333333002e+01 -8.218886744243563953e+02
1.969374999999999432e+01 -8.216281701738469110e+02
1.970624999999999361e+01 -8.185725749448172337e+02
1.971666666666666501e+01 -8.145195631769590818e+02
1.972916666666666075e+01 -8.099562584234043925e+02
1.973958333333332860e+01 -8.072911211924060808e+02
1.975208333333333144e+01 -8.052803476217136449e+02
1.976249999999999574e+01 -8.044549916992690441e+02
1.977291666666666003e+01 -8.048089477761984654e+02
1.978541666666666288e+01 -8.046721563808810060e+02
1.979583333333332718e+01 -8.035800768499883588e+02
1.980833333333333002e+01 -8.018562779658890349e+02
1.981874999999999432e+01 -8.006105772952010966e+02
1.983124999999999361e+01 -7.995690157882227140e+02
1.984166666666666146e+01 -7.998317572681921774e+02
1.985416666666666075e+01 -8.026906065236444192e+02
1.986458333333332860e+01 -8.069009052180356321e+02
1.987708333333333144e+01 -8.122893896912628406e+02
1.988749999999999574e+01 -8.159212623646423026e+02
1.989791666666666003e+01 -8.187931029443808484e+02
1.991041666666666288e+01 -8.193384677225977839e+02
1.992083333333332718e+01 -8.174376397284501081e+02
1.993333333333332646e+01 -8.139002343271506561e+02
1.994374999999999787e+01 -8.108724230110136659e+02
1.995624999999999361e+01 -8.075197409899700460e+02
1.996666666666666146e+01 -8.054732895756213793e+02
1.997916666666666075e+01 -8.045765764921492291e+02
1.998958333333332860e+01 -8.045363907856195738e+02
