0.00050000 
0.00100000 
0.00140000 
0.00190000 
0.00230000 
0.00280000 
0.00320000 
0.00370000 
0.00410000 
0.00460000 
0.00510000 
0.00550000 
0.00600000 
0.00640000 
0.00690000 
0.00730000 
0.00780000 
0.00820000 
0.00870000 
0.00910000 
0.00960000 
0.01010000 
0.01050000 
0.01100000 
0.01140000 
0.01190000 
0.01230000 
0.01280000 
0.01320000 
0.01370000 
0.01410000 
0.01460000 
0.01510000 
0.01550000 
0.01600000 
0.01640000 
0.01690000 
0.01730000 
0.01780000 
0.01820000 
0.01870000 
0.01910000 
0.01960000 
0.02010000 
0.02050000 
0.02100000 
0.02140000 
0.02190000 
0.02230000 
0.02280000 
0.02320000 
0.02370000 
0.02410000 
0.02460000 
0.02510000 
0.02550000 
0.02600000 
0.02640000 
0.02690000 
0.02730000 
0.02780000 
0.02820000 
0.02870000 
0.02910000 
0.02960000 
0.03010000 
0.03050000 
0.03100000 
0.03140000 
0.03190000 
0.03230000 
0.03280000 
0.03320000 
0.03370000 
0.03410000 
0.03460000 
0.03510000 
0.03550000 
0.03600000 
0.03640000 
0.03690000 
0.03730000 
0.03780000 
0.03820000 
0.03870000 
0.03910000 
0.03960000 
0.04000000 
0.04050000 
0.04100000 
0.04140000 
0.04190000 
0.04230000 
0.04280000 
0.04320000 
0.04370000 
0.04410000 
0.04460000 
0.04500000 
0.04550000 
0.04600000 
0.04640000 
0.04690000 
0.04730000 
0.04780000 
0.04820000 
0.04870000 
0.04910000 
0.04960000 
0.05000000 
0.05050000 
0.05100000 
0.05140000 
0.05190000 
0.05230000 
0.05280000 
0.05320000 
0.05370000 
0.05410000 
0.05460000 
0.05500000 
0.05550000 
0.05600000 
0.05640000 
0.05690000 
0.05730000 
0.05780000 
0.05820000 
0.05870000 
0.05910000 
0.05960000 
0.06000000 
0.06050000 
0.06100000 
0.06140000 
0.06190000 
0.06230000 
0.06280000 
0.06320000 
0.06370000 
0.06410000 
0.06460000 
0.06500000 
0.06550000 
0.06600000 
0.06640000 
0.06690000 
0.06730000 
0.06780000 
0.06820000 
0.06870000 
0.06910000 
0.06960000 
0.07000000 
0.07050000 
0.07100000 
0.07140000 
0.07190000 
0.07230000 
0.07280000 
0.07320000 
0.07370000 
0.07410000 
0.07460000 
0.07500000 
0.07550000 
0.07600000 
0.07640000 
0.07690000 
0.07730000 
0.07780000 
0.07820000 
0.07870000 
0.07910000 
0.07960000 
0.08000000 
0.08050000 
0.08100000 
0.08140000 
0.08190000 
0.08230000 
0.08280000 
0.08320000 
0.08370000 
0.08410000 
0.08460000 
0.08500000 
0.08550000 
0.08600000 
0.08640000 
0.08690000 
0.08730000 
0.08780000 
0.08820000 
0.08870000 
0.08910000 
0.08960000 
0.09000000 
0.09050000 
0.09100000 
0.09140000 
0.09190000 
0.09230000 
0.09280000 
0.09320000 
0.09370000 
0.09410000 
0.09460000 
0.09500000 
0.09550000 
0.09600000 
0.09640000 
0.09690000 
0.09730000 
0.09780000 
0.09820000 
0.09870000 
0.09910000 
0.09960000 
0.10050000 
0.10100000 
0.10140000 
0.10190000 
0.10230000 
0.10280000 
0.10320000 
0.10370000 
0.10410000 
0.10460000 
0.10510000 
0.10550000 
0.10600000 
0.10640000 
0.10690000 
0.10730000 
0.10780000 
0.10820000 
0.10870000 
0.10910000 
0.10960000 
0.11010000 
0.11050000 
0.11100000 
0.11140000 
0.11190000 
0.11230000 
0.11280000 
0.11320000 
0.11370000 
0.11410000 
0.11460000 
0.11510000 
0.11550000 
0.11600000 
0.11640000 
0.11690000 
0.11730000 
0.11780000 
0.11820000 
0.11870000 
0.11910000 
0.11960000 
0.12010000 
0.12050000 
0.12100000 
0.12140000 
0.12190000 
0.12230000 
0.12280000 
0.12320000 
0.12370000 
0.12410000 
0.12460000 
0.12510000 
0.12550000 
0.12600000 
0.12640000 
0.12690000 
0.12730000 
0.12780000 
0.12820000 
0.12870000 
0.12910000 
0.12960000 
0.13010000 
0.13050000 
0.13100000 
0.13140000 
0.13190000 
0.13230000 
0.13280000 
0.13320000 
0.13370000 
0.13410000 
0.13460000 
0.13510000 
0.13550000 
0.13600000 
0.13640000 
0.13690000 
0.13730000 
0.13780000 
0.13820000 
0.13870000 
0.13910000 
0.13960000 
0.14000000 
0.14050000 
0.14100000 
0.14140000 
0.14190000 
0.14230000 
0.14280000 
0.14320000 
0.14370000 
0.14410000 
0.14460000 
0.14500000 
0.14550000 
0.14600000 
0.14640000 
0.14690000 
0.14730000 
0.14780000 
0.14820000 
0.14870000 
0.14910000 
0.14960000 
0.15000000 
0.15050000 
0.15100000 
0.15140000 
0.15190000 
0.15230000 
0.15280000 
0.15320000 
0.15370000 
0.15410000 
0.15460000 
0.15500000 
0.15550000 
0.15600000 
0.15640000 
0.15690000 
0.15730000 
0.15780000 
0.15820000 
0.15870000 
0.15910000 
0.15960000 
0.16000000 
0.16050000 
0.16100000 
0.16140000 
0.16190000 
0.16230000 
0.16280000 
0.16320000 
0.16370000 
0.16410000 
0.16460000 
0.16500000 
0.16550000 
0.16600000 
0.16640000 
0.16690000 
0.16730000 
0.16780000 
0.16820000 
0.16870000 
0.16910000 
0.16960000 
0.17000000 
0.17050000 
0.17100000 
0.17140000 
0.17190000 
0.17230000 
0.17280000 
0.17320000 
0.17370000 
0.17410000 
0.17460000 
0.17500000 
0.17550000 
0.17600000 
0.17640000 
0.17690000 
0.17730000 
0.17780000 
0.17820000 
0.17870000 
0.17910000 
0.17960000 
0.18000000 
0.18050000 
0.18100000 
0.18140000 
0.18190000 
0.18230000 
0.18280000 
0.18320000 
0.18370000 
0.18410000 
0.18460000 
0.18500000 
0.18550000 
0.18600000 
0.18640000 
0.18690000 
0.18730000 
0.18780000 
0.18820000 
0.18870000 
0.18910000 
0.18960000 
0.19000000 
0.19050000 
0.19100000 
0.19140000 
0.19190000 
0.19230000 
0.19280000 
0.19320000 
0.19370000 
0.19410000 
0.19460000 
0.19500000 
0.19550000 
0.19600000 
0.19640000 
0.19690000 
0.19730000 
0.19780000 
0.19820000 
0.19870000 
0.19910000 
0.19960000 
0.20050000 
0.20100000 
0.20140000 
0.20190000 
0.20230000 
0.20280000 
0.20320000 
0.20370000 
0.20410000 
0.20460000 
0.20510000 
0.20550000 
0.20600000 
0.20640000 
0.20690000 
0.20730000 
0.20780000 
0.20820000 
0.20870000 
0.20910000 
0.20960000 
0.21010000 
0.21050000 
0.21100000 
0.21140000 
0.21190000 
0.21230000 
0.21280000 
0.21320000 
0.21370000 
0.21410000 
0.21460000 
0.21510000 
0.21550000 
0.21600000 
0.21640000 
0.21690000 
0.21730000 
0.21780000 
0.21820000 
0.21870000 
0.21910000 
0.21960000 
0.22010000 
0.22050000 
0.22100000 
0.22140000 
0.22190000 
0.22230000 
0.22280000 
0.22320000 
0.22370000 
0.22410000 
0.22460000 
0.22510000 
0.22550000 
0.22600000 
0.22640000 
0.22690000 
0.22730000 
0.22780000 
0.22820000 
0.22870000 
0.22910000 
0.22960000 
0.23010000 
0.23050000 
0.23100000 
0.23140000 
0.23190000 
0.23230000 
0.23280000 
0.23320000 
0.23370000 
0.23410000 
0.23460000 
0.23510000 
0.23550000 
0.23600000 
0.23640000 
0.23690000 
0.23730000 
0.23780000 
0.23820000 
0.23870000 
0.23910000 
0.23960000 
0.24000000 
0.24050000 
0.24100000 
0.24140000 
0.24190000 
0.24230000 
0.24280000 
0.24320000 
0.24370000 
0.24410000 
0.24460000 
0.24500000 
0.24550000 
0.24600000 
0.24640000 
0.24690000 
0.24730000 
0.24780000 
0.24820000 
0.24870000 
0.24910000 
0.24960000 
0.25000000 
0.25050000 
0.25100000 
0.25140000 
0.25190000 
0.25230000 
0.25280000 
0.25320000 
0.25370000 
0.25410000 
0.25460000 
0.25500000 
0.25550000 
0.25600000 
0.25640000 
0.25690000 
0.25730000 
0.25780000 
0.25820000 
0.25870000 
0.25910000 
0.25960000 
0.26000000 
0.26050000 
0.26100000 
0.26140000 
0.26190000 
0.26230000 
0.26280000 
0.26320000 
0.26370000 
0.26410000 
0.26460000 
0.26500000 
0.26550000 
0.26600000 
0.26640000 
0.26690000 
0.26730000 
0.26780000 
0.26820000 
0.26870000 
