0.00001250 
0.00002292 
0.00003542 
0.00004583 
0.00005833 
0.00006875 
0.00008125 
0.00009167 
0.00010417 
0.00011458 
0.00012500 
0.00013750 
0.00014792 
0.00016042 
0.00017083 
0.00018333 
0.00019375 
0.00020625 
0.00021667 
0.00022917 
0.00023958 
0.00025208 
0.00026250 
0.00027292 
0.00028542 
0.00029583 
0.00030833 
0.00031875 
0.00033125 
0.00034167 
0.00035417 
0.00036458 
0.00037708 
0.00038750 
0.00039792 
0.00041042 
0.00042083 
0.00043333 
0.00044375 
0.00045625 
0.00046667 
0.00047917 
0.00048958 
0.00050208 
0.00051250 
0.00052292 
0.00053542 
0.00054583 
0.00055833 
0.00056875 
0.00058125 
0.00059167 
0.00060417 
0.00061458 
0.00062708 
0.00063750 
0.00064792 
0.00066042 
0.00067083 
0.00068333 
0.00069375 
0.00070625 
0.00071667 
0.00072917 
0.00073958 
0.00075208 
0.00076250 
0.00077292 
0.00078542 
0.00079583 
0.00080833 
0.00081875 
0.00083125 
0.00084167 
0.00085417 
0.00086458 
0.00087708 
0.00088750 
0.00089792 
0.00091042 
0.00092083 
0.00093333 
0.00094375 
0.00095625 
0.00096667 
0.00097917 
0.00098958 
0.00101250 
0.00102292 
0.00103542 
0.00104583 
0.00105833 
0.00106875 
0.00108125 
0.00109167 
0.00110417 
0.00111458 
0.00112500 
0.00113750 
0.00114792 
0.00116042 
0.00117083 
0.00118333 
0.00119375 
0.00120625 
0.00121667 
0.00122917 
0.00123958 
0.00125208 
0.00126250 
0.00127292 
0.00128542 
0.00129583 
0.00130833 
0.00131875 
0.00133125 
0.00134167 
0.00135417 
0.00136458 
0.00137708 
0.00138750 
0.00139792 
0.00141042 
0.00142083 
0.00143333 
0.00144375 
0.00145625 
0.00146667 
0.00147917 
0.00148958 
0.00150208 
0.00151250 
0.00152292 
0.00153542 
0.00154583 
0.00155833 
0.00156875 
0.00158125 
0.00159167 
0.00160417 
0.00161458 
0.00162708 
0.00163750 
0.00164792 
0.00166042 
0.00167083 
0.00168333 
0.00169375 
0.00170625 
0.00171667 
0.00172917 
0.00173958 
0.00175208 
0.00176250 
0.00177292 
0.00178542 
0.00179583 
0.00180833 
0.00181875 
0.00183125 
0.00184167 
0.00185417 
0.00186458 
0.00187708 
0.00188750 
0.00189792 
0.00191042 
0.00192083 
0.00193333 
0.00194375 
0.00195625 
0.00196667 
0.00197917 
0.00198958 
0.00201250 
0.00202292 
0.00203542 
0.00204583 
0.00205833 
0.00206875 
0.00208125 
0.00209167 
0.00210417 
0.00211458 
0.00212500 
0.00213750 
0.00214792 
0.00216042 
0.00217083 
0.00218333 
0.00219375 
0.00220625 
0.00221667 
0.00222917 
0.00223958 
0.00225208 
0.00226250 
0.00227292 
0.00228542 
0.00229583 
0.00230833 
0.00231875 
0.00233125 
0.00234167 
0.00235417 
0.00236458 
0.00237708 
0.00238750 
0.00239792 
0.00241042 
0.00242083 
0.00243333 
0.00244375 
0.00245625 
0.00246667 
0.00247917 
0.00248958 
0.00250208 
0.00251250 
0.00252292 
0.00253542 
0.00254583 
0.00255833 
0.00256875 
0.00258125 
0.00259167 
0.00260417 
0.00261458 
0.00262708 
0.00263750 
0.00264792 
0.00266042 
0.00267083 
0.00268333 
0.00269375 
0.00270625 
0.00271667 
0.00272917 
0.00273958 
0.00275208 
0.00276250 
0.00277292 
0.00278542 
0.00279583 
0.00280833 
0.00281875 
0.00283125 
0.00284167 
0.00285417 
0.00286458 
0.00287708 
0.00288750 
0.00289792 
0.00291042 
0.00292083 
0.00293333 
0.00294375 
0.00295625 
0.00296667 
0.00297917 
0.00298958 
0.00301250 
0.00302292 
0.00303542 
0.00304583 
0.00305833 
0.00306875 
0.00308125 
0.00309167 
0.00310417 
0.00311458 
0.00312500 
0.00313750 
0.00314792 
0.00316042 
0.00317083 
0.00318333 
0.00319375 
0.00320625 
0.00321667 
0.00322917 
0.00323958 
0.00325208 
0.00326250 
0.00327292 
0.00328542 
0.00329583 
0.00330833 
0.00331875 
0.00333125 
0.00334167 
0.00335417 
0.00336458 
0.00337708 
0.00338750 
0.00339792 
0.00341042 
0.00342083 
0.00343333 
0.00344375 
0.00345625 
0.00346667 
0.00347917 
0.00348958 
0.00350208 
0.00351250 
0.00352292 
0.00353542 
0.00354583 
0.00355833 
0.00356875 
0.00358125 
0.00359167 
0.00360417 
0.00361458 
0.00362708 
0.00363750 
0.00364792 
0.00366042 
0.00367083 
0.00368333 
0.00369375 
0.00370625 
0.00371667 
0.00372917 
0.00373958 
0.00375208 
0.00376250 
0.00377292 
0.00378542 
0.00379583 
0.00380833 
0.00381875 
0.00383125 
0.00384167 
0.00385417 
0.00386458 
0.00387708 
0.00388750 
0.00389792 
0.00391042 
0.00392083 
0.00393333 
0.00394375 
0.00395625 
0.00396667 
0.00397917 
0.00398958 
0.00401250 
0.00402292 
0.00403542 
0.00404583 
0.00405833 
0.00406875 
0.00408125 
0.00409167 
0.00410417 
0.00411458 
0.00412500 
0.00413750 
0.00414792 
0.00416042 
0.00417083 
0.00418333 
0.00419375 
0.00420625 
0.00421667 
0.00422917 
0.00423958 
0.00425208 
0.00426250 
0.00427292 
0.00428542 
0.00429583 
0.00430833 
0.00431875 
0.00433125 
0.00434167 
0.00435417 
0.00436458 
0.00437708 
0.00438750 
0.00439792 
0.00441042 
0.00442083 
0.00443333 
0.00444375 
0.00445625 
0.00446667 
0.00447917 
0.00448958 
0.00450208 
0.00451250 
0.00452292 
0.00453542 
0.00454583 
0.00455833 
0.00456875 
0.00458125 
0.00459167 
0.00460417 
0.00461458 
0.00462708 
0.00463750 
0.00464792 
0.00466042 
0.00467083 
0.00468333 
0.00469375 
0.00470625 
0.00471667 
0.00472917 
0.00473958 
0.00475208 
0.00476250 
0.00477292 
0.00478542 
0.00479583 
0.00480833 
0.00481875 
0.00483125 
0.00484167 
0.00485417 
0.00486458 
0.00487708 
0.00488750 
0.00489792 
0.00491042 
0.00492083 
0.00493333 
0.00494375 
0.00495625 
0.00496667 
0.00497917 
0.00498958 
0.00501250 
0.00502292 
0.00503542 
0.00504583 
0.00505833 
0.00506875 
0.00508125 
0.00509167 
0.00510417 
0.00511458 
0.00512500 
0.00513750 
0.00514792 
0.00516042 
0.00517083 
0.00518333 
0.00519375 
0.00520625 
0.00521667 
0.00522917 
0.00523958 
0.00525208 
0.00526250 
0.00527292 
0.00528542 
0.00529583 
0.00530833 
0.00531875 
0.00533125 
0.00534167 
0.00535417 
0.00536458 
0.00537708 
0.00538750 
0.00539792 
0.00541042 
0.00542083 
0.00543333 
0.00544375 
0.00545625 
0.00546667 
0.00547917 
0.00548958 
0.00550208 
0.00551250 
0.00552292 
0.00553542 
0.00554583 
0.00555833 
0.00556875 
0.00558125 
0.00559167 
0.00560417 
0.00561458 
0.00562708 
0.00563750 
0.00564792 
0.00566042 
0.00567083 
0.00568333 
0.00569375 
0.00570625 
0.00571667 
0.00572917 
0.00573958 
0.00575208 
0.00576250 
0.00577292 
0.00578542 
0.00579583 
0.00580833 
0.00581875 
0.00583125 
0.00584167 
0.00585417 
0.00586458 
0.00587708 
0.00588750 
0.00589792 
0.00591042 
0.00592083 
0.00593333 
0.00594375 
0.00595625 
0.00596667 
0.00597917 
0.00598958 
0.00601250 
0.00602292 
0.00603542 
0.00604583 
0.00605833 
0.00606875 
0.00608125 
0.00609167 
0.00610417 
0.00611458 
0.00612500 
0.00613750 
0.00614792 
0.00616042 
0.00617083 
0.00618333 
0.00619375 
0.00620625 
0.00621667 
0.00622917 
0.00623958 
0.00625208 
0.00626250 
0.00627292 
0.00628542 
0.00629583 
0.00630833 
0.00631875 
0.00633125 
0.00634167 
0.00635417 
0.00636458 
0.00637708 
0.00638750 
0.00639792 
0.00641042 
0.00642083 
0.00643333 
0.00644375 
0.00645625 
0.00646667 
0.00647917 
0.00648958 
0.00650208 
0.00651250 
0.00652292 
0.00653542 
0.00654583 
0.00655833 
0.00656875 
0.00658125 
0.00659167 
0.00660417 
0.00661458 
0.00662708 
0.00663750 
0.00664792 
0.00666042 
0.00667083 
0.00668333 
0.00669375 
0.00670625 
0.00671667 
0.00672917 
0.00673958 
0.00675208 
0.00676250 
0.00677292 
0.00678542 
0.00679583 
0.00680833 
0.00681875 
0.00683125 
0.00684167 
0.00685417 
0.00686458 
0.00687708 
0.00688750 
0.00689792 
0.00691042 
0.00692083 
0.00693333 
0.00694375 
0.00695625 
0.00696667 
0.00697917 
0.00698958 
0.00701250 
0.00702292 
0.00703542 
0.00704583 
0.00705833 
0.00706875 
0.00708125 
0.00709167 
0.00710417 
0.00711458 
0.00712500 
0.00713750 
0.00714792 
0.00716042 
0.00717083 
0.00718333 
0.00719375 
0.00720625 
0.00721667 
0.00722917 
0.00723958 
0.00725208 
0.00726250 
0.00727292 
0.00728542 
0.00729583 
0.00730833 
0.00731875 
0.00733125 
0.00734167 
0.00735417 
0.00736458 
0.00737708 
0.00738750 
0.00739792 
0.00741042 
0.00742083 
0.00743333 
0.00744375 
0.00745625 
0.00746667 
0.00747917 
0.00748958 
0.00750208 
0.00751250 
0.00752292 
0.00753542 
0.00754583 
0.00755833 
0.00756875 
0.00758125 
0.00759167 
0.00760417 
0.00761458 
0.00762708 
0.00763750 
0.00764792 
0.00766042 
0.00767083 
0.00768333 
0.00769375 
0.00770625 
0.00771667 
0.00772917 
0.00773958 
0.00775208 
0.00776250 
0.00777292 
0.00778542 
0.00779583 
0.00780833 
0.00781875 
0.00783125 
0.00784167 
0.00785417 
0.00786458 
0.00787708 
0.00788750 
0.00789792 
0.00791042 
0.00792083 
0.00793333 
0.00794375 
0.00795625 
0.00796667 
0.00797917 
0.00798958 
0.00801250 
0.00802292 
0.00803542 
0.00804583 
0.00805833 
0.00806875 
0.00808125 
0.00809167 
0.00810417 
0.00811458 
0.00812500 
0.00813750 
0.00814792 
0.00816042 
0.00817083 
0.00818333 
0.00819375 
0.00820625 
0.00821667 
0.00822917 
0.00823958 
0.00825208 
0.00826250 
0.00827292 
0.00828542 
0.00829583 
0.00830833 
0.00831875 
0.00833125 
0.00834167 
0.00835417 
0.00836458 
0.00837708 
0.00838750 
0.00839792 
0.00841042 
0.00842083 
0.00843333 
0.00844375 
0.00845625 
0.00846667 
0.00847917 
0.00848958 
0.00850208 
0.00851250 
0.00852292 
0.00853542 
0.00854583 
0.00855833 
0.00856875 
0.00858125 
0.00859167 
0.00860417 
0.00861458 
0.00862708 
0.00863750 
0.00864792 
0.00866042 
0.00867083 
0.00868333 
0.00869375 
0.00870625 
0.00871667 
0.00872917 
0.00873958 
0.00875208 
0.00876250 
0.00877292 
0.00878542 
0.00879583 
0.00880833 
0.00881875 
0.00883125 
0.00884167 
0.00885417 
0.00886458 
0.00887708 
0.00888750 
0.00889792 
0.00891042 
0.00892083 
0.00893333 
0.00894375 
0.00895625 
0.00896667 
0.00897917 
0.00898958 
0.00901250 
0.00902292 
0.00903542 
0.00904583 
0.00905833 
0.00906875 
0.00908125 
0.00909167 
0.00910417 
0.00911458 
0.00912500 
0.00913750 
0.00914792 
0.00916042 
0.00917083 
0.00918333 
0.00919375 
0.00920625 
0.00921667 
0.00922917 
0.00923958 
0.00925208 
0.00926250 
0.00927292 
0.00928542 
0.00929583 
0.00930833 
0.00931875 
0.00933125 
0.00934167 
0.00935417 
0.00936458 
0.00937708 
0.00938750 
0.00939792 
0.00941042 
0.00942083 
0.00943333 
0.00944375 
0.00945625 
0.00946667 
0.00947917 
0.00948958 
0.00950208 
0.00951250 
0.00952292 
0.00953542 
0.00954583 
0.00955833 
0.00956875 
0.00958125 
0.00959167 
0.00960417 
0.00961458 
0.00962708 
0.00963750 
0.00964792 
0.00966042 
0.00967083 
0.00968333 
0.00969375 
0.00970625 
0.00971667 
0.00972917 
0.00973958 
0.00975208 
0.00976250 
0.00977292 
0.00978542 
0.00979583 
0.00980833 
0.00981875 
0.00983125 
0.00984167 
0.00985417 
0.00986458 
0.00987708 
0.00988750 
0.00989792 
0.00991042 
0.00992083 
0.00993333 
0.00994375 
0.00995625 
0.00996667 
0.00997917 
0.00998958 
0.01001250 
0.01002292 
0.01003542 
0.01004583 
0.01005833 
0.01006875 
0.01008125 
0.01009167 
0.01010417 
0.01011458 
0.01012500 
0.01013750 
0.01014792 
0.01016042 
0.01017083 
0.01018333 
0.01019375 
0.01020625 
0.01021667 
0.01022917 
0.01023958 
0.01025208 
0.01026250 
0.01027292 
0.01028542 
0.01029583 
0.01030833 
0.01031875 
0.01033125 
0.01034167 
0.01035417 
0.01036458 
0.01037708 
0.01038750 
0.01039792 
0.01041042 
0.01042083 
0.01043333 
0.01044375 
0.01045625 
0.01046667 
0.01047917 
0.01048958 
0.01050208 
0.01051250 
0.01052292 
0.01053542 
0.01054583 
0.01055833 
0.01056875 
0.01058125 
0.01059167 
0.01060417 
0.01061458 
0.01062708 
0.01063750 
0.01064792 
0.01066042 
0.01067083 
0.01068333 
0.01069375 
0.01070625 
0.01071667 
0.01072917 
0.01073958 
0.01075208 
0.01076250 
0.01077292 
0.01078542 
0.01079583 
0.01080833 
0.01081875 
0.01083125 
0.01084167 
0.01085417 
0.01086458 
0.01087708 
0.01088750 
0.01089792 
0.01091042 
0.01092083 
0.01093333 
0.01094375 
0.01095625 
0.01096667 
0.01097917 
0.01098958 
0.01101250 
0.01102292 
0.01103542 
0.01104583 
0.01105833 
0.01106875 
0.01108125 
0.01109167 
0.01110417 
0.01111458 
0.01112500 
0.01113750 
0.01114792 
0.01116042 
0.01117083 
0.01118333 
0.01119375 
0.01120625 
0.01121667 
0.01122917 
0.01123958 
0.01125208 
0.01126250 
0.01127292 
0.01128542 
0.01129583 
0.01130833 
0.01131875 
0.01133125 
0.01134167 
0.01135417 
0.01136458 
0.01137708 
0.01138750 
0.01139792 
0.01141042 
0.01142083 
0.01143333 
0.01144375 
0.01145625 
0.01146667 
0.01147917 
0.01148958 
0.01150208 
0.01151250 
0.01152292 
0.01153542 
0.01154583 
0.01155833 
0.01156875 
0.01158125 
0.01159167 
0.01160417 
0.01161458 
0.01162708 
0.01163750 
0.01164792 
0.01166042 
0.01167083 
0.01168333 
0.01169375 
0.01170625 
0.01171667 
0.01172917 
0.01173958 
0.01175208 
0.01176250 
0.01177292 
0.01178542 
0.01179583 
0.01180833 
0.01181875 
0.01183125 
0.01184167 
0.01185417 
0.01186458 
0.01187708 
0.01188750 
0.01189792 
0.01191042 
0.01192083 
0.01193333 
0.01194375 
0.01195625 
0.01196667 
0.01197917 
0.01198958 
0.01201250 
0.01202292 
0.01203542 
0.01204583 
0.01205833 
0.01206875 
0.01208125 
0.01209167 
0.01210417 
0.01211458 
0.01212500 
0.01213750 
0.01214792 
0.01216042 
0.01217083 
0.01218333 
0.01219375 
0.01220625 
0.01221667 
0.01222917 
0.01223958 
0.01225208 
0.01226250 
0.01227292 
0.01228542 
0.01229583 
0.01230833 
0.01231875 
0.01233125 
0.01234167 
0.01235417 
0.01236458 
0.01237708 
0.01238750 
0.01239792 
0.01241042 
0.01242083 
0.01243333 
0.01244375 
0.01245625 
0.01246667 
0.01247917 
0.01248958 
0.01250208 
0.01251250 
0.01252292 
0.01253542 
0.01254583 
0.01255833 
0.01256875 
0.01258125 
0.01259167 
0.01260417 
0.01261458 
0.01262708 
0.01263750 
0.01264792 
0.01266042 
0.01267083 
0.01268333 
0.01269375 
0.01270625 
0.01271667 
0.01272917 
0.01273958 
0.01275208 
0.01276250 
0.01277292 
0.01278542 
0.01279583 
0.01280833 
0.01281875 
0.01283125 
0.01284167 
0.01285417 
0.01286458 
0.01287708 
0.01288750 
0.01289792 
0.01291042 
0.01292083 
0.01293333 
0.01294375 
0.01295625 
0.01296667 
0.01297917 
0.01298958 
0.01301250 
0.01302292 
0.01303542 
0.01304583 
0.01305833 
0.01306875 
0.01308125 
0.01309167 
0.01310417 
0.01311458 
0.01312500 
0.01313750 
0.01314792 
0.01316042 
0.01317083 
0.01318333 
0.01319375 
0.01320625 
0.01321667 
0.01322917 
0.01323958 
0.01325208 
0.01326250 
0.01327292 
0.01328542 
0.01329583 
0.01330833 
0.01331875 
0.01333125 
0.01334167 
0.01335417 
0.01336458 
0.01337708 
0.01338750 
0.01339792 
0.01341042 
0.01342083 
0.01343333 
0.01344375 
0.01345625 
0.01346667 
0.01347917 
0.01348958 
0.01350208 
0.01351250 
0.01352292 
0.01353542 
0.01354583 
0.01355833 
0.01356875 
0.01358125 
0.01359167 
0.01360417 
0.01361458 
0.01362708 
0.01363750 
0.01364792 
0.01366042 
0.01367083 
0.01368333 
0.01369375 
0.01370625 
0.01371667 
0.01372917 
0.01373958 
0.01375208 
0.01376250 
0.01377292 
0.01378542 
0.01379583 
0.01380833 
0.01381875 
0.01383125 
0.01384167 
0.01385417 
0.01386458 
0.01387708 
0.01388750 
0.01389792 
0.01391042 
0.01392083 
0.01393333 
0.01394375 
0.01395625 
0.01396667 
0.01397917 
0.01398958 
0.01401250 
0.01402292 
0.01403542 
0.01404583 
0.01405833 
0.01406875 
0.01408125 
0.01409167 
0.01410417 
0.01411458 
0.01412500 
0.01413750 
0.01414792 
0.01416042 
0.01417083 
0.01418333 
0.01419375 
0.01420625 
0.01421667 
0.01422917 
0.01423958 
0.01425208 
0.01426250 
0.01427292 
0.01428542 
0.01429583 
0.01430833 
0.01431875 
0.01433125 
0.01434167 
0.01435417 
0.01436458 
0.01437708 
0.01438750 
0.01439792 
0.01441042 
0.01442083 
0.01443333 
0.01444375 
0.01445625 
0.01446667 
0.01447917 
0.01448958 
0.01450208 
0.01451250 
0.01452292 
0.01453542 
0.01454583 
0.01455833 
0.01456875 
0.01458125 
0.01459167 
0.01460417 
0.01461458 
0.01462708 
0.01463750 
0.01464792 
0.01466042 
0.01467083 
0.01468333 
0.01469375 
0.01470625 
0.01471667 
0.01472917 
0.01473958 
0.01475208 
0.01476250 
0.01477292 
0.01478542 
0.01479583 
0.01480833 
0.01481875 
0.01483125 
0.01484167 
0.01485417 
0.01486458 
0.01487708 
0.01488750 
0.01489792 
0.01491042 
0.01492083 
0.01493333 
0.01494375 
0.01495625 
0.01496667 
0.01497917 
0.01498958 
0.01501250 
0.01502292 
0.01503542 
0.01504583 
0.01505833 
0.01506875 
0.01508125 
0.01509167 
0.01510417 
0.01511458 
0.01512500 
0.01513750 
0.01514792 
0.01516042 
0.01517083 
0.01518333 
0.01519375 
0.01520625 
0.01521667 
0.01522917 
0.01523958 
0.01525208 
0.01526250 
0.01527292 
0.01528542 
0.01529583 
0.01530833 
0.01531875 
0.01533125 
0.01534167 
0.01535417 
0.01536458 
0.01537708 
0.01538750 
0.01539792 
0.01541042 
0.01542083 
0.01543333 
0.01544375 
0.01545625 
0.01546667 
0.01547917 
0.01548958 
0.01550208 
0.01551250 
0.01552292 
0.01553542 
0.01554583 
0.01555833 
0.01556875 
0.01558125 
0.01559167 
0.01560417 
0.01561458 
0.01562708 
0.01563750 
0.01564792 
0.01566042 
0.01567083 
0.01568333 
0.01569375 
0.01570625 
0.01571667 
0.01572917 
0.01573958 
0.01575208 
0.01576250 
0.01577292 
0.01578542 
0.01579583 
0.01580833 
0.01581875 
0.01583125 
0.01584167 
0.01585417 
0.01586458 
0.01587708 
0.01588750 
0.01589792 
0.01591042 
0.01592083 
0.01593333 
0.01594375 
0.01595625 
0.01596667 
0.01597917 
0.01598958 
0.01601250 
0.01602292 
0.01603542 
0.01604583 
0.01605833 
0.01606875 
0.01608125 
0.01609167 
0.01610417 
0.01611458 
0.01612500 
0.01613750 
0.01614792 
0.01616042 
0.01617083 
0.01618333 
0.01619375 
0.01620625 
0.01621667 
0.01622917 
0.01623958 
0.01625208 
0.01626250 
0.01627292 
0.01628542 
0.01629583 
0.01630833 
0.01631875 
0.01633125 
0.01634167 
0.01635417 
0.01636458 
0.01637708 
0.01638750 
0.01639792 
0.01641042 
0.01642083 
0.01643333 
0.01644375 
0.01645625 
0.01646667 
0.01647917 
0.01648958 
0.01650208 
0.01651250 
0.01652292 
0.01653542 
0.01654583 
0.01655833 
0.01656875 
0.01658125 
0.01659167 
0.01660417 
0.01661458 
0.01662708 
0.01663750 
0.01664792 
0.01666042 
0.01667083 
0.01668333 
0.01669375 
0.01670625 
0.01671667 
0.01672917 
0.01673958 
0.01675208 
0.01676250 
0.01677292 
0.01678542 
0.01679583 
0.01680833 
0.01681875 
0.01683125 
0.01684167 
0.01685417 
0.01686458 
0.01687708 
0.01688750 
0.01689792 
0.01691042 
0.01692083 
0.01693333 
0.01694375 
0.01695625 
0.01696667 
0.01697917 
0.01698958 
0.01701250 
0.01702292 
0.01703542 
0.01704583 
0.01705833 
0.01706875 
0.01708125 
0.01709167 
0.01710417 
0.01711458 
0.01712500 
0.01713750 
0.01714792 
0.01716042 
0.01717083 
0.01718333 
0.01719375 
0.01720625 
0.01721667 
0.01722917 
0.01723958 
0.01725208 
0.01726250 
0.01727292 
0.01728542 
0.01729583 
0.01730833 
0.01731875 
0.01733125 
0.01734167 
0.01735417 
0.01736458 
0.01737708 
0.01738750 
0.01739792 
0.01741042 
0.01742083 
0.01743333 
0.01744375 
0.01745625 
0.01746667 
0.01747917 
0.01748958 
0.01750208 
0.01751250 
0.01752292 
0.01753542 
0.01754583 
0.01755833 
0.01756875 
0.01758125 
0.01759167 
0.01760417 
0.01761458 
0.01762708 
0.01763750 
0.01764792 
0.01766042 
0.01767083 
0.01768333 
0.01769375 
0.01770625 
0.01771667 
0.01772917 
0.01773958 
0.01775208 
0.01776250 
0.01777292 
0.01778542 
0.01779583 
0.01780833 
0.01781875 
0.01783125 
0.01784167 
0.01785417 
0.01786458 
0.01787708 
0.01788750 
0.01789792 
0.01791042 
0.01792083 
0.01793333 
0.01794375 
0.01795625 
0.01796667 
0.01797917 
0.01798958 
0.01801250 
0.01802292 
0.01803542 
0.01804583 
0.01805833 
0.01806875 
0.01808125 
0.01809167 
0.01810417 
0.01811458 
0.01812500 
0.01813750 
0.01814792 
0.01816042 
0.01817083 
0.01818333 
0.01819375 
0.01820625 
0.01821667 
0.01822917 
0.01823958 
0.01825208 
0.01826250 
0.01827292 
0.01828542 
0.01829583 
0.01830833 
0.01831875 
0.01833125 
0.01834167 
0.01835417 
0.01836458 
0.01837708 
0.01838750 
0.01839792 
0.01841042 
0.01842083 
0.01843333 
0.01844375 
0.01845625 
0.01846667 
0.01847917 
0.01848958 
0.01850208 
0.01851250 
0.01852292 
0.01853542 
0.01854583 
0.01855833 
0.01856875 
0.01858125 
0.01859167 
0.01860417 
0.01861458 
0.01862708 
0.01863750 
0.01864792 
0.01866042 
0.01867083 
0.01868333 
0.01869375 
0.01870625 
0.01871667 
0.01872917 
0.01873958 
0.01875208 
0.01876250 
0.01877292 
0.01878542 
0.01879583 
0.01880833 
0.01881875 
0.01883125 
0.01884167 
0.01885417 
0.01886458 
0.01887708 
0.01888750 
0.01889792 
0.01891042 
0.01892083 
0.01893333 
0.01894375 
0.01895625 
0.01896667 
0.01897917 
0.01898958 
0.01901250 
0.01902292 
0.01903542 
0.01904583 
0.01905833 
0.01906875 
0.01908125 
0.01909167 
0.01910417 
0.01911458 
0.01912500 
0.01913750 
0.01914792 
0.01916042 
0.01917083 
0.01918333 
0.01919375 
0.01920625 
0.01921667 
0.01922917 
0.01923958 
0.01925208 
0.01926250 
0.01927292 
0.01928542 
0.01929583 
0.01930833 
0.01931875 
0.01933125 
0.01934167 
0.01935417 
0.01936458 
0.01937708 
0.01938750 
0.01939792 
0.01941042 
0.01942083 
0.01943333 
0.01944375 
0.01945625 
0.01946667 
0.01947917 
0.01948958 
0.01950208 
0.01951250 
0.01952292 
0.01953542 
0.01954583 
0.01955833 
0.01956875 
0.01958125 
0.01959167 
0.01960417 
0.01961458 
0.01962708 
0.01963750 
0.01964792 
0.01966042 
0.01967083 
0.01968333 
0.01969375 
0.01970625 
0.01971667 
0.01972917 
0.01973958 
0.01975208 
0.01976250 
0.01977292 
0.01978542 
0.01979583 
0.01980833 
0.01981875 
0.01983125 
0.01984167 
0.01985417 
0.01986458 
0.01987708 
0.01988750 
0.01989792 
0.01991042 
0.01992083 
0.01993333 
0.01994375 
0.01995625 
0.01996667 
0.01997917 
0.01998958 
