   3.5975417e+02  -1.4686383e+03
   3.5977500e+02  -1.4693190e+03
   3.5979583e+02  -1.4698634e+03
   3.5982083e+02  -1.4701512e+03
   3.5984167e+02  -1.4698789e+03
   3.5986667e+02  -1.4691963e+03
   3.5988750e+02  -1.4688625e+03
   3.5991250e+02  -1.4690889e+03
   3.5993333e+02  -1.4696738e+03
   3.5995833e+02  -1.4705329e+03
   3.5997917e+02  -1.4713491e+03
   3.6001250e+02  -1.4722086e+03
   3.6003750e+02  -1.4709252e+03
   3.6005833e+02  -1.4685094e+03
   3.6008333e+02  -1.4651901e+03
   3.6010417e+02  -1.4628989e+03
   3.6012500e+02  -1.4611487e+03
   3.6015000e+02  -1.4591023e+03
   3.6017083e+02  -1.4569258e+03
   3.6019583e+02  -1.4540045e+03
   3.6021667e+02  -1.4521047e+03
   3.6024167e+02  -1.4507181e+03
   3.6026250e+02  -1.4494995e+03
   3.6028750e+02  -1.4479524e+03
   3.6030833e+02  -1.4469618e+03
   3.6033333e+02  -1.4466870e+03
   3.6035417e+02  -1.4471167e+03
   3.6037917e+02  -1.4474317e+03
   3.6040000e+02  -1.4467497e+03
   3.6042083e+02  -1.4455877e+03
   3.6044583e+02  -1.4448719e+03
   3.6046667e+02  -1.4451869e+03
   3.6049167e+02  -1.4458246e+03
   3.6051250e+02  -1.4460459e+03
   3.6053750e+02  -1.4460295e+03
   3.6055833e+02  -1.4460508e+03
   3.6058333e+02  -1.4462858e+03
   3.6060417e+02  -1.4463426e+03
   3.6062917e+02  -1.4460383e+03
   3.6065000e+02  -1.4458476e+03
   3.6067083e+02  -1.4460513e+03
   3.6069583e+02  -1.4465493e+03
   3.6071667e+02  -1.4467667e+03
   3.6074167e+02  -1.4467248e+03
   3.6076250e+02  -1.4466017e+03
   3.6078750e+02  -1.4465080e+03
   3.6080833e+02  -1.4463759e+03
   3.6083333e+02  -1.4460363e+03
   3.6085417e+02  -1.4457412e+03
   3.6087917e+02  -1.4459192e+03
   3.6090000e+02  -1.4466017e+03
   3.6092083e+02  -1.4473782e+03
   3.6094583e+02  -1.4477360e+03
   3.6096667e+02  -1.4475176e+03
   3.6099167e+02  -1.4472837e+03
   3.6102500e+02  -1.4470903e+03
   3.6104583e+02  -1.4462463e+03
   3.6107083e+02  -1.4447635e+03
   3.6109167e+02  -1.4439658e+03
   3.6111667e+02  -1.4441691e+03
   3.6113750e+02  -1.4446324e+03
   3.6116250e+02  -1.4441362e+03
   3.6118333e+02  -1.4426123e+03
   3.6120833e+02  -1.4406287e+03
   3.6122917e+02  -1.4397222e+03
   3.6125000e+02  -1.4392120e+03
   3.6127500e+02  -1.4384133e+03
   3.6129583e+02  -1.4375425e+03
   3.6132083e+02  -1.4369026e+03
   3.6134167e+02  -1.4369838e+03
   3.6136667e+02  -1.4372006e+03
   3.6138750e+02  -1.4368319e+03
   3.6141250e+02  -1.4356746e+03
   3.6143333e+02  -1.4348373e+03
   3.6145833e+02  -1.4347863e+03
   3.6147917e+02  -1.4353144e+03
   3.6150417e+02  -1.4356577e+03
   3.6152500e+02  -1.4354190e+03
   3.6154583e+02  -1.4349798e+03
   3.6157083e+02  -1.4347079e+03
   3.6159167e+02  -1.4346723e+03
   3.6161667e+02  -1.4345231e+03
   3.6163750e+02  -1.4343537e+03
   3.6166250e+02  -1.4344553e+03
   3.6168333e+02  -1.4348014e+03
   3.6170833e+02  -1.4350726e+03
   3.6172917e+02  -1.4350294e+03
   3.6175417e+02  -1.4349439e+03
   3.6177500e+02  -1.4351806e+03
   3.6179583e+02  -1.4355305e+03
   3.6182083e+02  -1.4355066e+03
   3.6184167e+02  -1.4351839e+03
   3.6186667e+02  -1.4351763e+03
   3.6188750e+02  -1.4357178e+03
   3.6191250e+02  -1.4363510e+03
   3.6193333e+02  -1.4363948e+03
   3.6195833e+02  -1.4359503e+03
   3.6197917e+02  -1.4357414e+03
   3.6201250e+02  -1.4363129e+03
   3.6203750e+02  -1.4360569e+03
   3.6205833e+02  -1.4347211e+03
   3.6208333e+02  -1.4326501e+03
   3.6210417e+02  -1.4315071e+03
   3.6212500e+02  -1.4309576e+03
   3.6215000e+02  -1.4302421e+03
   3.6217083e+02  -1.4289736e+03
   3.6219583e+02  -1.4269486e+03
   3.6221667e+02  -1.4257706e+03
   3.6224167e+02  -1.4253407e+03
   3.6226250e+02  -1.4249768e+03
   3.6228750e+02  -1.4241219e+03
   3.6230833e+02  -1.4234220e+03
   3.6233333e+02  -1.4232775e+03
   3.6235417e+02  -1.4236245e+03
   3.6237917e+02  -1.4239366e+03
   3.6240000e+02  -1.4236271e+03
   3.6242083e+02  -1.4229030e+03
   3.6244583e+02  -1.4221245e+03
   3.6246667e+02  -1.4218209e+03
   3.6249167e+02  -1.4219033e+03
   3.6251250e+02  -1.4222824e+03
   3.6253750e+02  -1.4230802e+03
   3.6255833e+02  -1.4237353e+03
   3.6258333e+02  -1.4240809e+03
   3.6260417e+02  -1.4238775e+03
   3.6262917e+02  -1.4233121e+03
   3.6265000e+02  -1.4229979e+03
   3.6267083e+02  -1.4230123e+03
   3.6269583e+02  -1.4232914e+03
   3.6271667e+02  -1.4235644e+03
   3.6274167e+02  -1.4239776e+03
   3.6276250e+02  -1.4245403e+03
   3.6278750e+02  -1.4251094e+03
   3.6280833e+02  -1.4249196e+03
   3.6283333e+02  -1.4237676e+03
   3.6285417e+02  -1.4227294e+03
   3.6287917e+02  -1.4224251e+03
   3.6290000e+02  -1.4229354e+03
   3.6292083e+02  -1.4235888e+03
   3.6294583e+02  -1.4239450e+03
   3.6296667e+02  -1.4239232e+03
   3.6299167e+02  -1.4239485e+03
   3.6302500e+02  -1.4239136e+03
   3.6304583e+02  -1.4234941e+03
   3.6307083e+02  -1.4228851e+03
   3.6309167e+02  -1.4228333e+03
   3.6311667e+02  -1.4235358e+03
   3.6313750e+02  -1.4242805e+03
   3.6316250e+02  -1.4245120e+03
   3.6318333e+02  -1.4240347e+03
   3.6320833e+02  -1.4232278e+03
   3.6322917e+02  -1.4227629e+03
   3.6325000e+02  -1.4225574e+03
   3.6327500e+02  -1.4224957e+03
   3.6329583e+02  -1.4226439e+03
   3.6332083e+02  -1.4231784e+03
   3.6334167e+02  -1.4236637e+03
   3.6336667e+02  -1.4235874e+03
   3.6338750e+02  -1.4227192e+03
   3.6341250e+02  -1.4213204e+03
   3.6343333e+02  -1.4203988e+03
   3.6345833e+02  -1.4198637e+03
   3.6347917e+02  -1.4197651e+03
   3.6350417e+02  -1.4199587e+03
   3.6352500e+02  -1.4204417e+03
   3.6354583e+02  -1.4210255e+03
   3.6357083e+02  -1.4213698e+03
   3.6359167e+02  -1.4210606e+03
   3.6361667e+02  -1.4201462e+03
   3.6363750e+02  -1.4194735e+03
   3.6366250e+02  -1.4193363e+03
   3.6368333e+02  -1.4197580e+03
   3.6370833e+02  -1.4203475e+03
   3.6372917e+02  -1.4206666e+03
   3.6375417e+02  -1.4209107e+03
   3.6377500e+02  -1.4211479e+03
   3.6379583e+02  -1.4213703e+03
   3.6382083e+02  -1.4212437e+03
   3.6384167e+02  -1.4207885e+03
   3.6386667e+02  -1.4204356e+03
   3.6388750e+02  -1.4207741e+03
   3.6391250e+02  -1.4216365e+03
   3.6393333e+02  -1.4221895e+03
   3.6395833e+02  -1.4223209e+03
   3.6397917e+02  -1.4220158e+03
   3.6401250e+02  -1.4213423e+03
   3.6403750e+02  -1.4209725e+03
   3.6405833e+02  -1.4208914e+03
   3.6408333e+02  -1.4212354e+03
   3.6410417e+02  -1.4219904e+03
   3.6412500e+02  -1.4230062e+03
   3.6415000e+02  -1.4240008e+03
   3.6417083e+02  -1.4242295e+03
   3.6419583e+02  -1.4238031e+03
   3.6421667e+02  -1.4231948e+03
   3.6424167e+02  -1.4224464e+03
   3.6426250e+02  -1.4217506e+03
   3.6428750e+02  -1.4209052e+03
   3.6430833e+02  -1.4204087e+03
   3.6433333e+02  -1.4202217e+03
   3.6435417e+02  -1.4201979e+03
   3.6437917e+02  -1.4199585e+03
   3.6440000e+02  -1.4195814e+03
   3.6442083e+02  -1.4193569e+03
   3.6444583e+02  -1.4193847e+03
   3.6446667e+02  -1.4193620e+03
   3.6449167e+02  -1.4189155e+03
   3.6451250e+02  -1.4184195e+03
   3.6453750e+02  -1.4180654e+03
   3.6455833e+02  -1.4180006e+03
   3.6458333e+02  -1.4181562e+03
   3.6460417e+02  -1.4182509e+03
   3.6462917e+02  -1.4179925e+03
   3.6465000e+02  -1.4175514e+03
   3.6467083e+02  -1.4172630e+03
   3.6469583e+02  -1.4172002e+03
   3.6471667e+02  -1.4171985e+03
   3.6474167e+02  -1.4173767e+03
   3.6476250e+02  -1.4179036e+03
   3.6478750e+02  -1.4188849e+03
   3.6480833e+02  -1.4195748e+03
   3.6483333e+02  -1.4197054e+03
   3.6485417e+02  -1.4191929e+03
   3.6487917e+02  -1.4185988e+03
   3.6490000e+02  -1.4186093e+03
   3.6492083e+02  -1.4189602e+03
   3.6494583e+02  -1.4194561e+03
   3.6496667e+02  -1.4198448e+03
   3.6499167e+02  -1.4202493e+03
   3.6502500e+02  -1.4199667e+03
   3.6504583e+02  -1.4185744e+03
   3.6507083e+02  -1.4161657e+03
   3.6509167e+02  -1.4140184e+03
   3.6511667e+02  -1.4118382e+03
   3.6513750e+02  -1.4104684e+03
   3.6516250e+02  -1.4091045e+03
   3.6518333e+02  -1.4077914e+03
   3.6520833e+02  -1.4062260e+03
   3.6522917e+02  -1.4053646e+03
   3.6525000e+02  -1.4044687e+03
   3.6527500e+02  -1.4030294e+03
   3.6529583e+02  -1.4019532e+03
   3.6532083e+02  -1.4014366e+03
   3.6534167e+02  -1.4017037e+03
   3.6536667e+02  -1.4024883e+03
   3.6538750e+02  -1.4029935e+03
   3.6541250e+02  -1.4030602e+03
   3.6543333e+02  -1.4028960e+03
   3.6545833e+02  -1.4026958e+03
   3.6547917e+02  -1.4024152e+03
   3.6550417e+02  -1.4020112e+03
   3.6552500e+02  -1.4020552e+03
   3.6554583e+02  -1.4025724e+03
   3.6557083e+02  -1.4034265e+03
   3.6559167e+02  -1.4040644e+03
   3.6561667e+02  -1.4043373e+03
   3.6563750e+02  -1.4039746e+03
   3.6566250e+02  -1.4031196e+03
   3.6568333e+02  -1.4025322e+03
   3.6570833e+02  -1.4021550e+03
   3.6572917e+02  -1.4019626e+03
   3.6575417e+02  -1.4020284e+03
   3.6577500e+02  -1.4023879e+03
   3.6579583e+02  -1.4027743e+03
   3.6582083e+02  -1.4028324e+03
   3.6584167e+02  -1.4024168e+03
   3.6586667e+02  -1.4017776e+03
   3.6588750e+02  -1.4015926e+03
   3.6591250e+02  -1.4019440e+03
   3.6593333e+02  -1.4023712e+03
   3.6595833e+02  -1.4026602e+03
   3.6597917e+02  -1.4027675e+03
   3.6601250e+02  -1.4027729e+03
   3.6603750e+02  -1.4017514e+03
   3.6605833e+02  -1.4001342e+03
   3.6608333e+02  -1.3979501e+03
   3.6610417e+02  -1.3963080e+03
   3.6612500e+02  -1.3949614e+03
   3.6615000e+02  -1.3936454e+03
   3.6617083e+02  -1.3924358e+03
   3.6619583e+02  -1.3905017e+03
   3.6621667e+02  -1.3887453e+03
   3.6624167e+02  -1.3870065e+03
   3.6626250e+02  -1.3856565e+03
   3.6628750e+02  -1.3845289e+03
   3.6630833e+02  -1.3841447e+03
   3.6633333e+02  -1.3843525e+03
   3.6635417e+02  -1.3847648e+03
   3.6637917e+02  -1.3849637e+03
   3.6640000e+02  -1.3846106e+03
   3.6642083e+02  -1.3840288e+03
   3.6644583e+02  -1.3835901e+03
   3.6646667e+02  -1.3836704e+03
   3.6649167e+02  -1.3840998e+03
   3.6651250e+02  -1.3847059e+03
   3.6653750e+02  -1.3856712e+03
   3.6655833e+02  -1.3863292e+03
   3.6658333e+02  -1.3865712e+03
   3.6660417e+02  -1.3862830e+03
   3.6662917e+02  -1.3857435e+03
   3.6665000e+02  -1.3855417e+03
   3.6667083e+02  -1.3857590e+03
   3.6669583e+02  -1.3862183e+03
   3.6671667e+02  -1.3862876e+03
   3.6674167e+02  -1.3859521e+03
   3.6676250e+02  -1.3855939e+03
   3.6678750e+02  -1.3852806e+03
   3.6680833e+02  -1.3852064e+03
   3.6683333e+02  -1.3851330e+03
   3.6685417e+02  -1.3849226e+03
   3.6687917e+02  -1.3847943e+03
   3.6690000e+02  -1.3850591e+03
   3.6692083e+02  -1.3854659e+03
   3.6694583e+02  -1.3855225e+03
   3.6696667e+02  -1.3851813e+03
   3.6699167e+02  -1.3847697e+03
   3.6702500e+02  -1.3844659e+03
   3.6704583e+02  -1.3840802e+03
   3.6707083e+02  -1.3833820e+03
   3.6709167e+02  -1.3825670e+03
   3.6711667e+02  -1.3813079e+03
   3.6713750e+02  -1.3801935e+03
   3.6716250e+02  -1.3788385e+03
   3.6718333e+02  -1.3776961e+03
   3.6720833e+02  -1.3764624e+03
   3.6722917e+02  -1.3757133e+03
   3.6725000e+02  -1.3750945e+03
   3.6727500e+02  -1.3746462e+03
   3.6729583e+02  -1.3746891e+03
   3.6732083e+02  -1.3749572e+03
   3.6734167e+02  -1.3750922e+03
   3.6736667e+02  -1.3749918e+03
   3.6738750e+02  -1.3747631e+03
   3.6741250e+02  -1.3745570e+03
   3.6743333e+02  -1.3747307e+03
   3.6745833e+02  -1.3754751e+03
   3.6747917e+02  -1.3760548e+03
   3.6750417e+02  -1.3761733e+03
   3.6752500e+02  -1.3760503e+03
   3.6754583e+02  -1.3760508e+03
   3.6757083e+02  -1.3761188e+03
   3.6759167e+02  -1.3761953e+03
   3.6761667e+02  -1.3765086e+03
   3.6763750e+02  -1.3770452e+03
   3.6766250e+02  -1.3779204e+03
   3.6768333e+02  -1.3786272e+03
   3.6770833e+02  -1.3787531e+03
   3.6772917e+02  -1.3780743e+03
   3.6775417e+02  -1.3770098e+03
   3.6777500e+02  -1.3763951e+03
   3.6779583e+02  -1.3761157e+03
   3.6782083e+02  -1.3762160e+03
   3.6784167e+02  -1.3765634e+03
   3.6786667e+02  -1.3769288e+03
   3.6788750e+02  -1.3769697e+03
   3.6791250e+02  -1.3767087e+03
   3.6793333e+02  -1.3762453e+03
   3.6795833e+02  -1.3755435e+03
   3.6797917e+02  -1.3752515e+03
   3.6801250e+02  -1.3756391e+03
   3.6803750e+02  -1.3762393e+03
   3.6805833e+02  -1.3766844e+03
   3.6808333e+02  -1.3772565e+03
   3.6810417e+02  -1.3778277e+03
   3.6812500e+02  -1.3782824e+03
   3.6815000e+02  -1.3784470e+03
   3.6817083e+02  -1.3784515e+03
   3.6819583e+02  -1.3786739e+03
   3.6821667e+02  -1.3791678e+03
   3.6824167e+02  -1.3797913e+03
   3.6826250e+02  -1.3800507e+03
   3.6828750e+02  -1.3798949e+03
   3.6830833e+02  -1.3796492e+03
   3.6833333e+02  -1.3796157e+03
   3.6835417e+02  -1.3796042e+03
   3.6837917e+02  -1.3795000e+03
   3.6840000e+02  -1.3794661e+03
   3.6842083e+02  -1.3795812e+03
   3.6844583e+02  -1.3799008e+03
   3.6846667e+02  -1.3800940e+03
   3.6849167e+02  -1.3799132e+03
   3.6851250e+02  -1.3793936e+03
   3.6853750e+02  -1.3788894e+03
   3.6855833e+02  -1.3788879e+03
   3.6858333e+02  -1.3792711e+03
   3.6860417e+02  -1.3796298e+03
   3.6862917e+02  -1.3799626e+03
   3.6865000e+02  -1.3801522e+03
   3.6867083e+02  -1.3802989e+03
   3.6869583e+02  -1.3803024e+03
   3.6871667e+02  -1.3800432e+03
   3.6874167e+02  -1.3797410e+03
   3.6876250e+02  -1.3798130e+03
   3.6878750e+02  -1.3802985e+03
   3.6880833e+02  -1.3807609e+03
   3.6883333e+02  -1.3811538e+03
   3.6885417e+02  -1.3812875e+03
   3.6887917e+02  -1.3812852e+03
   3.6890000e+02  -1.3812206e+03
   3.6892083e+02  -1.3810727e+03
   3.6894583e+02  -1.3807983e+03
   3.6896667e+02  -1.3806976e+03
   3.6899167e+02  -1.3809182e+03
   3.6902500e+02  -1.3813194e+03
   3.6904583e+02  -1.3815106e+03
   3.6907083e+02  -1.3816981e+03
   3.6909167e+02  -1.3820650e+03
   3.6911667e+02  -1.3829205e+03
   3.6913750e+02  -1.3837074e+03
   3.6916250e+02  -1.3843811e+03
   3.6918333e+02  -1.3848652e+03
   3.6920833e+02  -1.3857047e+03
   3.6922917e+02  -1.3864785e+03
   3.6925000e+02  -1.3870721e+03
   3.6927500e+02  -1.3871357e+03
   3.6929583e+02  -1.3867255e+03
   3.6932083e+02  -1.3862935e+03
   3.6934167e+02  -1.3861586e+03
   3.6936667e+02  -1.3859042e+03
   3.6938750e+02  -1.3854987e+03
   3.6941250e+02  -1.3850426e+03
   3.6943333e+02  -1.3848455e+03
   3.6945833e+02  -1.3848396e+03
   3.6947917e+02  -1.3847426e+03
   3.6950417e+02  -1.3842840e+03
   3.6952500e+02  -1.3837787e+03
   3.6954583e+02  -1.3834766e+03
   3.6957083e+02  -1.3834719e+03
   3.6959167e+02  -1.3835324e+03
   3.6961667e+02  -1.3834698e+03
   3.6963750e+02  -1.3833426e+03
   3.6966250e+02  -1.3834133e+03
   3.6968333e+02  -1.3837964e+03
   3.6970833e+02  -1.3842949e+03
   3.6972917e+02  -1.3844271e+03
   3.6975417e+02  -1.3844113e+03
   3.6977500e+02  -1.3845274e+03
   3.6979583e+02  -1.3847102e+03
   3.6982083e+02  -1.3846920e+03
   3.6984167e+02  -1.3844480e+03
   3.6986667e+02  -1.3841692e+03
   3.6988750e+02  -1.3842410e+03
   3.6991250e+02  -1.3846752e+03
   3.6993333e+02  -1.3849877e+03
   3.6995833e+02  -1.3850123e+03
   3.6997917e+02  -1.3848966e+03
   3.7001250e+02  -1.3849022e+03
   3.7003750e+02  -1.3844275e+03
   3.7005833e+02  -1.3834318e+03
   3.7008333e+02  -1.3819582e+03
   3.7010417e+02  -1.3807438e+03
   3.7012500e+02  -1.3795714e+03
   3.7015000e+02  -1.3782105e+03
   3.7017083e+02  -1.3771492e+03
   3.7019583e+02  -1.3761592e+03
   3.7021667e+02  -1.3757386e+03
   3.7024167e+02  -1.3758025e+03
   3.7026250e+02  -1.3756950e+03
   3.7028750e+02  -1.3752681e+03
   3.7030833e+02  -1.3749365e+03
   3.7033333e+02  -1.3747697e+03
   3.7035417e+02  -1.3746086e+03
   3.7037917e+02  -1.3741091e+03
   3.7040000e+02  -1.3735900e+03
   3.7042083e+02  -1.3731964e+03
   3.7044583e+02  -1.3730093e+03
   3.7046667e+02  -1.3730457e+03
   3.7049167e+02  -1.3729284e+03
   3.7051250e+02  -1.3726167e+03
   3.7053750e+02  -1.3721478e+03
   3.7055833e+02  -1.3717954e+03
   3.7058333e+02  -1.3714418e+03
   3.7060417e+02  -1.3712624e+03
   3.7062917e+02  -1.3714039e+03
   3.7065000e+02  -1.3717913e+03
   3.7067083e+02  -1.3722958e+03
   3.7069583e+02  -1.3727495e+03
   3.7071667e+02  -1.3727663e+03
   3.7074167e+02  -1.3724503e+03
   3.7076250e+02  -1.3721181e+03
   3.7078750e+02  -1.3718974e+03
   3.7080833e+02  -1.3718629e+03
   3.7083333e+02  -1.3719701e+03
   3.7085417e+02  -1.3721692e+03
   3.7087917e+02  -1.3724761e+03
   3.7090000e+02  -1.3726436e+03
   3.7092083e+02  -1.3725133e+03
   3.7094583e+02  -1.3719610e+03
   3.7096667e+02  -1.3714676e+03
   3.7099167e+02  -1.3712140e+03
   3.7102500e+02  -1.3714895e+03
   3.7104583e+02  -1.3717384e+03
   3.7107083e+02  -1.3719269e+03
   3.7109167e+02  -1.3718941e+03
   3.7111667e+02  -1.3715518e+03
   3.7113750e+02  -1.3711954e+03
   3.7116250e+02  -1.3709399e+03
   3.7118333e+02  -1.3708922e+03
   3.7120833e+02  -1.3710921e+03
   3.7122917e+02  -1.3715936e+03
   3.7125000e+02  -1.3724137e+03
   3.7127500e+02  -1.3735581e+03
   3.7129583e+02  -1.3744751e+03
   3.7132083e+02  -1.3752522e+03
   3.7134167e+02  -1.3756285e+03
   3.7136667e+02  -1.3758791e+03
   3.7138750e+02  -1.3759445e+03
   3.7141250e+02  -1.3759293e+03
   3.7143333e+02  -1.3759539e+03
   3.7145833e+02  -1.3761288e+03
   3.7147917e+02  -1.3762556e+03
   3.7150417e+02  -1.3761619e+03
   3.7152500e+02  -1.3759867e+03
   3.7154583e+02  -1.3758706e+03
   3.7157083e+02  -1.3757598e+03
   3.7159167e+02  -1.3755600e+03
   3.7161667e+02  -1.3752776e+03
   3.7163750e+02  -1.3750456e+03
   3.7166250e+02  -1.3749684e+03
   3.7168333e+02  -1.3752007e+03
   3.7170833e+02  -1.3755038e+03
   3.7172917e+02  -1.3755495e+03
   3.7175417e+02  -1.3755287e+03
   3.7177500e+02  -1.3756177e+03
   3.7179583e+02  -1.3756929e+03
   3.7182083e+02  -1.3756713e+03
   3.7184167e+02  -1.3755292e+03
   3.7186667e+02  -1.3751480e+03
   3.7188750e+02  -1.3748385e+03
   3.7191250e+02  -1.3747304e+03
   3.7193333e+02  -1.3748328e+03
   3.7195833e+02  -1.3748886e+03
   3.7197917e+02  -1.3747839e+03
   3.7201250e+02  -1.3745385e+03
   3.7203750e+02  -1.3728896e+03
   3.7205833e+02  -1.3702768e+03
   3.7208333e+02  -1.3665103e+03
   3.7210417e+02  -1.3629942e+03
   3.7212500e+02  -1.3593948e+03
   3.7215000e+02  -1.3556555e+03
   3.7217083e+02  -1.3530022e+03
   3.7219583e+02  -1.3502982e+03
   3.7221667e+02  -1.3488540e+03
   3.7224167e+02  -1.3479936e+03
   3.7226250e+02  -1.3466242e+03
   3.7228750e+02  -1.3447699e+03
   3.7230833e+02  -1.3436241e+03
   3.7233333e+02  -1.3427067e+03
   3.7235417e+02  -1.3422917e+03
   3.7237917e+02  -1.3421257e+03
   3.7240000e+02  -1.3419135e+03
   3.7242083e+02  -1.3415438e+03
   3.7244583e+02  -1.3413357e+03
   3.7246667e+02  -1.3413536e+03
   3.7249167e+02  -1.3409243e+03
   3.7251250e+02  -1.3401956e+03
   3.7253750e+02  -1.3396955e+03
   3.7255833e+02  -1.3398097e+03
   3.7258333e+02  -1.3401835e+03
   3.7260417e+02  -1.3405410e+03
   3.7262917e+02  -1.3408609e+03
   3.7265000e+02  -1.3409483e+03
   3.7267083e+02  -1.3411797e+03
   3.7269583e+02  -1.3418579e+03
   3.7271667e+02  -1.3423838e+03
   3.7274167e+02  -1.3427617e+03
   3.7276250e+02  -1.3431860e+03
   3.7278750e+02  -1.3437344e+03
   3.7280833e+02  -1.3439152e+03
   3.7283333e+02  -1.3437691e+03
   3.7285417e+02  -1.3434154e+03
   3.7287917e+02  -1.3428875e+03
   3.7290000e+02  -1.3427509e+03
   3.7292083e+02  -1.3431243e+03
   3.7294583e+02  -1.3438234e+03
   3.7296667e+02  -1.3441325e+03
   3.7299167e+02  -1.3441334e+03
   3.7302500e+02  -1.3435126e+03
   3.7304583e+02  -1.3420400e+03
   3.7307083e+02  -1.3396974e+03
   3.7309167e+02  -1.3377011e+03
   3.7311667e+02  -1.3353816e+03
   3.7313750e+02  -1.3338217e+03
   3.7316250e+02  -1.3323881e+03
   3.7318333e+02  -1.3310097e+03
   3.7320833e+02  -1.3291943e+03
   3.7322917e+02  -1.3282369e+03
   3.7325000e+02  -1.3275178e+03
   3.7327500e+02  -1.3265584e+03
   3.7329583e+02  -1.3258503e+03
   3.7332083e+02  -1.3250830e+03
   3.7334167e+02  -1.3246200e+03
   3.7336667e+02  -1.3247249e+03
   3.7338750e+02  -1.3251714e+03
   3.7341250e+02  -1.3253116e+03
   3.7343333e+02  -1.3251089e+03
   3.7345833e+02  -1.3251363e+03
   3.7347917e+02  -1.3254324e+03
   3.7350417e+02  -1.3255641e+03
   3.7352500e+02  -1.3254132e+03
   3.7354583e+02  -1.3252040e+03
   3.7357083e+02  -1.3250879e+03
   3.7359167e+02  -1.3253019e+03
   3.7361667e+02  -1.3260058e+03
   3.7363750e+02  -1.3266552e+03
   3.7366250e+02  -1.3271585e+03
   3.7368333e+02  -1.3275557e+03
   3.7370833e+02  -1.3279787e+03
   3.7372917e+02  -1.3281450e+03
   3.7375417e+02  -1.3282115e+03
   3.7377500e+02  -1.3281676e+03
   3.7379583e+02  -1.3279238e+03
   3.7382083e+02  -1.3275564e+03
   3.7384167e+02  -1.3275358e+03
   3.7386667e+02  -1.3277812e+03
   3.7388750e+02  -1.3280645e+03
   3.7391250e+02  -1.3284110e+03
   3.7393333e+02  -1.3285645e+03
   3.7395833e+02  -1.3283699e+03
   3.7397917e+02  -1.3279815e+03
   3.7401250e+02  -1.3274222e+03
   3.7403750e+02  -1.3278663e+03
   3.7405833e+02  -1.3289967e+03
   3.7408333e+02  -1.3309474e+03
   3.7410417e+02  -1.3328682e+03
   3.7412500e+02  -1.3349508e+03
   3.7415000e+02  -1.3372738e+03
   3.7417083e+02  -1.3386636e+03
   3.7419583e+02  -1.3396060e+03
   3.7421667e+02  -1.3402962e+03
   3.7424167e+02  -1.3413658e+03
   3.7426250e+02  -1.3424907e+03
   3.7428750e+02  -1.3433290e+03
   3.7430833e+02  -1.3434412e+03
   3.7433333e+02  -1.3432518e+03
   3.7435417e+02  -1.3432021e+03
   3.7437917e+02  -1.3433813e+03
   3.7440000e+02  -1.3434992e+03
   3.7442083e+02  -1.3434848e+03
   3.7444583e+02  -1.3436261e+03
   3.7446667e+02  -1.3440083e+03
   3.7449167e+02  -1.3442808e+03
   3.7451250e+02  -1.3439376e+03
   3.7453750e+02  -1.3431248e+03
   3.7455833e+02  -1.3426877e+03
   3.7458333e+02  -1.3427906e+03
   3.7460417e+02  -1.3432125e+03
   3.7462917e+02  -1.3434897e+03
   3.7465000e+02  -1.3433478e+03
   3.7467083e+02  -1.3432721e+03
   3.7469583e+02  -1.3437078e+03
   3.7471667e+02  -1.3440505e+03
   3.7474167e+02  -1.3438122e+03
   3.7476250e+02  -1.3434131e+03
   3.7478750e+02  -1.3433087e+03
   3.7480833e+02  -1.3434793e+03
   3.7483333e+02  -1.3436642e+03
   3.7485417e+02  -1.3437697e+03
   3.7487917e+02  -1.3440280e+03
   3.7490000e+02  -1.3444733e+03
   3.7492083e+02  -1.3450630e+03
   3.7494583e+02  -1.3454922e+03
   3.7496667e+02  -1.3453712e+03
   3.7499167e+02  -1.3449234e+03
   3.7502500e+02  -1.3447597e+03
   3.7504583e+02  -1.3457665e+03
   3.7507083e+02  -1.3478663e+03
   3.7509167e+02  -1.3500357e+03
   3.7511667e+02  -1.3529633e+03
   3.7513750e+02  -1.3555461e+03
   3.7516250e+02  -1.3583493e+03
   3.7518333e+02  -1.3601292e+03
   3.7520833e+02  -1.3617343e+03
   3.7522917e+02  -1.3627185e+03
   3.7525000e+02  -1.3636558e+03
   3.7527500e+02  -1.3642977e+03
   3.7529583e+02  -1.3642155e+03
   3.7532083e+02  -1.3637087e+03
   3.7534167e+02  -1.3632861e+03
   3.7536667e+02  -1.3628633e+03
   3.7538750e+02  -1.3626672e+03
   3.7541250e+02  -1.3628354e+03
   3.7543333e+02  -1.3632742e+03
   3.7545833e+02  -1.3639377e+03
   3.7547917e+02  -1.3640220e+03
   3.7550417e+02  -1.3632287e+03
   3.7552500e+02  -1.3621824e+03
   3.7554583e+02  -1.3613287e+03
   3.7557083e+02  -1.3609263e+03
   3.7559167e+02  -1.3609716e+03
   3.7561667e+02  -1.3612352e+03
   3.7563750e+02  -1.3614684e+03
   3.7566250e+02  -1.3618724e+03
   3.7568333e+02  -1.3624755e+03
   3.7570833e+02  -1.3630978e+03
   3.7572917e+02  -1.3629472e+03
   3.7575417e+02  -1.3622538e+03
   3.7577500e+02  -1.3620740e+03
   3.7579583e+02  -1.3623705e+03
   3.7582083e+02  -1.3625050e+03
   3.7584167e+02  -1.3621130e+03
   3.7586667e+02  -1.3615629e+03
   3.7588750e+02  -1.3614704e+03
   3.7591250e+02  -1.3618804e+03
   3.7593333e+02  -1.3622703e+03
   3.7595833e+02  -1.3623351e+03
   3.7597917e+02  -1.3621551e+03
   3.7601250e+02  -1.3620183e+03
   3.7603750e+02  -1.3630571e+03
   3.7605833e+02  -1.3649544e+03
   3.7608333e+02  -1.3679561e+03
   3.7610417e+02  -1.3707393e+03
   3.7612500e+02  -1.3737502e+03
   3.7615000e+02  -1.3776284e+03
   3.7617083e+02  -1.3806816e+03
   3.7619583e+02  -1.3833881e+03
   3.7621667e+02  -1.3846537e+03
   3.7624167e+02  -1.3854165e+03
   3.7626250e+02  -1.3864792e+03
   3.7628750e+02  -1.3881822e+03
   3.7630833e+02  -1.3895294e+03
   3.7633333e+02  -1.3906626e+03
   3.7635417e+02  -1.3910090e+03
   3.7637917e+02  -1.3908582e+03
   3.7640000e+02  -1.3905295e+03
   3.7642083e+02  -1.3902283e+03
   3.7644583e+02  -1.3900118e+03
   3.7646667e+02  -1.3898393e+03
   3.7649167e+02  -1.3896812e+03
   3.7651250e+02  -1.3898047e+03
   3.7653750e+02  -1.3904087e+03
   3.7655833e+02  -1.3909048e+03
   3.7658333e+02  -1.3909551e+03
   3.7660417e+02  -1.3906597e+03
   3.7662917e+02  -1.3902465e+03
   3.7665000e+02  -1.3899761e+03
   3.7667083e+02  -1.3898762e+03
   3.7669583e+02  -1.3900402e+03
   3.7671667e+02  -1.3901556e+03
   3.7674167e+02  -1.3902544e+03
   3.7676250e+02  -1.3906182e+03
   3.7678750e+02  -1.3913767e+03
   3.7680833e+02  -1.3918254e+03
   3.7683333e+02  -1.3917768e+03
   3.7685417e+02  -1.3913215e+03
   3.7687917e+02  -1.3906311e+03
   3.7690000e+02  -1.3902923e+03
   3.7692083e+02  -1.3902225e+03
   3.7694583e+02  -1.3902003e+03
   3.7696667e+02  -1.3901610e+03
   3.7699167e+02  -1.3901944e+03
   3.7702500e+02  -1.3901830e+03
   3.7704583e+02  -1.3909440e+03
   3.7707083e+02  -1.3927632e+03
   3.7709167e+02  -1.3946590e+03
   3.7711667e+02  -1.3970901e+03
   3.7713750e+02  -1.3993067e+03
   3.7716250e+02  -1.4021009e+03
   3.7718333e+02  -1.4040493e+03
   3.7720833e+02  -1.4054347e+03
   3.7722917e+02  -1.4056827e+03
   3.7725000e+02  -1.4058953e+03
   3.7727500e+02  -1.4068124e+03
   3.7729583e+02  -1.4079376e+03
   3.7732083e+02  -1.4091605e+03
   3.7734167e+02  -1.4098842e+03
   3.7736667e+02  -1.4104450e+03
   3.7738750e+02  -1.4106277e+03
   3.7741250e+02  -1.4105422e+03
   3.7743333e+02  -1.4103888e+03
   3.7745833e+02  -1.4103031e+03
   3.7747917e+02  -1.4102441e+03
   3.7750417e+02  -1.4101985e+03
   3.7752500e+02  -1.4103410e+03
   3.7754583e+02  -1.4106786e+03
   3.7757083e+02  -1.4112340e+03
   3.7759167e+02  -1.4116308e+03
   3.7761667e+02  -1.4117422e+03
   3.7763750e+02  -1.4114781e+03
   3.7766250e+02  -1.4111279e+03
   3.7768333e+02  -1.4111629e+03
   3.7770833e+02  -1.4113817e+03
   3.7772917e+02  -1.4112777e+03
   3.7775417e+02  -1.4108297e+03
   3.7777500e+02  -1.4106356e+03
   3.7779583e+02  -1.4108930e+03
   3.7782083e+02  -1.4117157e+03
   3.7784167e+02  -1.4123670e+03
   3.7786667e+02  -1.4124921e+03
   3.7788750e+02  -1.4121218e+03
   3.7791250e+02  -1.4117297e+03
   3.7793333e+02  -1.4116094e+03
   3.7795833e+02  -1.4113029e+03
   3.7797917e+02  -1.4107986e+03
   3.7801250e+02  -1.4100689e+03
   3.7803750e+02  -1.4106128e+03
   3.7805833e+02  -1.4120972e+03
   3.7808333e+02  -1.4142542e+03
   3.7810417e+02  -1.4155034e+03
   3.7812500e+02  -1.4162362e+03
   3.7815000e+02  -1.4171272e+03
   3.7817083e+02  -1.4181183e+03
   3.7819583e+02  -1.4192353e+03
   3.7821667e+02  -1.4197958e+03
   3.7824167e+02  -1.4200974e+03
   3.7826250e+02  -1.4205905e+03
   3.7828750e+02  -1.4216249e+03
   3.7830833e+02  -1.4224591e+03
   3.7833333e+02  -1.4229485e+03
   3.7835417e+02  -1.4230452e+03
   3.7837917e+02  -1.4231650e+03
   3.7840000e+02  -1.4233771e+03
   3.7842083e+02  -1.4235569e+03
   3.7844583e+02  -1.4235834e+03
   3.7846667e+02  -1.4233421e+03
   3.7849167e+02  -1.4227645e+03
   3.7851250e+02  -1.4223300e+03
   3.7853750e+02  -1.4222822e+03
   3.7855833e+02  -1.4226632e+03
   3.7858333e+02  -1.4232056e+03
   3.7860417e+02  -1.4234705e+03
   3.7862917e+02  -1.4233700e+03
   3.7865000e+02  -1.4230629e+03
   3.7867083e+02  -1.4228621e+03
   3.7869583e+02  -1.4229975e+03
   3.7871667e+02  -1.4230938e+03
   3.7874167e+02  -1.4229398e+03
   3.7876250e+02  -1.4228767e+03
   3.7878750e+02  -1.4231614e+03
   3.7880833e+02  -1.4236032e+03
   3.7883333e+02  -1.4240085e+03
   3.7885417e+02  -1.4240108e+03
   3.7887917e+02  -1.4236359e+03
   3.7890000e+02  -1.4233288e+03
   3.7892083e+02  -1.4232592e+03
   3.7894583e+02  -1.4231795e+03
   3.7896667e+02  -1.4228270e+03
   3.7899167e+02  -1.4223235e+03
   3.7902500e+02  -1.4222719e+03
   3.7904583e+02  -1.4224421e+03
   3.7907083e+02  -1.4226732e+03
   3.7909167e+02  -1.4224969e+03
   3.7911667e+02  -1.4214617e+03
   3.7913750e+02  -1.4201282e+03
   3.7916250e+02  -1.4186241e+03
   3.7918333e+02  -1.4177354e+03
   3.7920833e+02  -1.4171127e+03
   3.7922917e+02  -1.4170418e+03
   3.7925000e+02  -1.4172349e+03
   3.7927500e+02  -1.4177012e+03
   3.7929583e+02  -1.4181794e+03
   3.7932083e+02  -1.4184746e+03
   3.7934167e+02  -1.4182182e+03
   3.7936667e+02  -1.4172422e+03
   3.7938750e+02  -1.4163127e+03
   3.7941250e+02  -1.4155575e+03
   3.7943333e+02  -1.4153737e+03
   3.7945833e+02  -1.4156453e+03
   3.7947917e+02  -1.4161178e+03
   3.7950417e+02  -1.4166764e+03
   3.7952500e+02  -1.4170293e+03
   3.7954583e+02  -1.4173947e+03
   3.7957083e+02  -1.4178013e+03
   3.7959167e+02  -1.4177868e+03
   3.7961667e+02  -1.4171650e+03
   3.7963750e+02  -1.4163857e+03
   3.7966250e+02  -1.4155601e+03
   3.7968333e+02  -1.4152276e+03
   3.7970833e+02  -1.4153020e+03
   3.7972917e+02  -1.4155823e+03
   3.7975417e+02  -1.4160656e+03
   3.7977500e+02  -1.4166347e+03
   3.7979583e+02  -1.4172736e+03
   3.7982083e+02  -1.4178098e+03
   3.7984167e+02  -1.4178243e+03
   3.7986667e+02  -1.4172687e+03
   3.7988750e+02  -1.4165199e+03
   3.7991250e+02  -1.4156727e+03
   3.7993333e+02  -1.4152449e+03
   3.7995833e+02  -1.4150871e+03
   3.7997917e+02  -1.4151986e+03
   3.8001250e+02  -1.4156114e+03
   3.8003750e+02  -1.4165258e+03
   3.8005833e+02  -1.4178930e+03
   3.8008333e+02  -1.4199117e+03
   3.8010417e+02  -1.4215247e+03
   3.8012500e+02  -1.4228023e+03
   3.8015000e+02  -1.4239344e+03
   3.8017083e+02  -1.4247485e+03
   3.8019583e+02  -1.4257564e+03
   3.8021667e+02  -1.4264385e+03
   3.8024167e+02  -1.4269993e+03
   3.8026250e+02  -1.4277169e+03
   3.8028750e+02  -1.4289242e+03
   3.8030833e+02  -1.4298632e+03
   3.8033333e+02  -1.4302539e+03
   3.8035417e+02  -1.4297760e+03
   3.8037917e+02  -1.4287924e+03
   3.8040000e+02  -1.4283028e+03
   3.8042083e+02  -1.4282825e+03
   3.8044583e+02  -1.4286144e+03
   3.8046667e+02  -1.4290238e+03
   3.8049167e+02  -1.4295494e+03
   3.8051250e+02  -1.4299205e+03
   3.8053750e+02  -1.4300065e+03
   3.8055833e+02  -1.4297265e+03
   3.8058333e+02  -1.4292359e+03
   3.8060417e+02  -1.4290316e+03
   3.8062917e+02  -1.4293068e+03
   3.8065000e+02  -1.4298604e+03
   3.8067083e+02  -1.4303659e+03
   3.8069583e+02  -1.4305192e+03
   3.8071667e+02  -1.4302692e+03
   3.8074167e+02  -1.4297895e+03
   3.8076250e+02  -1.4293901e+03
   3.8078750e+02  -1.4290667e+03
   3.8080833e+02  -1.4289697e+03
   3.8083333e+02  -1.4292028e+03
   3.8085417e+02  -1.4296874e+03
   3.8087917e+02  -1.4300841e+03
   3.8090000e+02  -1.4297184e+03
   3.8092083e+02  -1.4287150e+03
   3.8094583e+02  -1.4274472e+03
   3.8096667e+02  -1.4267948e+03
   3.8099167e+02  -1.4265195e+03
   3.8102500e+02  -1.4267295e+03
   3.8104583e+02  -1.4273522e+03
   3.8107083e+02  -1.4284682e+03
   3.8109167e+02  -1.4293683e+03
   3.8111667e+02  -1.4300584e+03
   3.8113750e+02  -1.4301930e+03
   3.8116250e+02  -1.4302530e+03
   3.8118333e+02  -1.4306317e+03
   3.8120833e+02  -1.4315273e+03
   3.8122917e+02  -1.4323413e+03
   3.8125000e+02  -1.4331274e+03
   3.8127500e+02  -1.4339001e+03
   3.8129583e+02  -1.4343011e+03
   3.8132083e+02  -1.4345730e+03
   3.8134167e+02  -1.4346968e+03
   3.8136667e+02  -1.4346809e+03
   3.8138750e+02  -1.4346237e+03
   3.8141250e+02  -1.4347450e+03
   3.8143333e+02  -1.4349340e+03
   3.8145833e+02  -1.4351034e+03
   3.8147917e+02  -1.4352392e+03
   3.8150417e+02  -1.4354647e+03
   3.8152500e+02  -1.4354943e+03
   3.8154583e+02  -1.4352101e+03
   3.8157083e+02  -1.4347628e+03
   3.8159167e+02  -1.4345098e+03
   3.8161667e+02  -1.4342642e+03
   3.8163750e+02  -1.4340428e+03
   3.8166250e+02  -1.4339209e+03
   3.8168333e+02  -1.4340628e+03
   3.8170833e+02  -1.4344279e+03
   3.8172917e+02  -1.4346374e+03
   3.8175417e+02  -1.4344039e+03
   3.8177500e+02  -1.4338799e+03
   3.8179583e+02  -1.4334330e+03
   3.8182083e+02  -1.4332864e+03
   3.8184167e+02  -1.4334214e+03
   3.8186667e+02  -1.4336699e+03
   3.8188750e+02  -1.4337799e+03
   3.8191250e+02  -1.4336240e+03
   3.8193333e+02  -1.4333431e+03
   3.8195833e+02  -1.4331752e+03
   3.8197917e+02  -1.4331982e+03
   3.8201250e+02  -1.4332594e+03
   3.8203750e+02  -1.4328642e+03
   3.8205833e+02  -1.4321028e+03
   3.8208333e+02  -1.4306291e+03
   3.8210417e+02  -1.4288261e+03
   3.8212500e+02  -1.4266369e+03
   3.8215000e+02  -1.4240409e+03
   3.8217083e+02  -1.4224636e+03
   3.8219583e+02  -1.4215205e+03
   3.8221667e+02  -1.4214666e+03
   3.8224167e+02  -1.4219963e+03
   3.8226250e+02  -1.4222193e+03
   3.8228750e+02  -1.4220643e+03
   3.8230833e+02  -1.4217345e+03
   3.8233333e+02  -1.4215610e+03
   3.8235417e+02  -1.4215256e+03
   3.8237917e+02  -1.4211546e+03
   3.8240000e+02  -1.4204759e+03
   3.8242083e+02  -1.4197043e+03
   3.8244583e+02  -1.4192489e+03
   3.8246667e+02  -1.4195024e+03
   3.8249167e+02  -1.4202282e+03
   3.8251250e+02  -1.4206878e+03
   3.8253750e+02  -1.4208713e+03
   3.8255833e+02  -1.4209465e+03
   3.8258333e+02  -1.4207393e+03
   3.8260417e+02  -1.4200118e+03
   3.8262917e+02  -1.4186377e+03
   3.8265000e+02  -1.4176417e+03
   3.8267083e+02  -1.4173516e+03
   3.8269583e+02  -1.4181733e+03
   3.8271667e+02  -1.4193515e+03
   3.8274167e+02  -1.4201868e+03
   3.8276250e+02  -1.4200394e+03
   3.8278750e+02  -1.4193516e+03
   3.8280833e+02  -1.4186633e+03
   3.8283333e+02  -1.4178055e+03
   3.8285417e+02  -1.4172509e+03
   3.8287917e+02  -1.4170815e+03
   3.8290000e+02  -1.4173984e+03
   3.8292083e+02  -1.4179109e+03
   3.8294583e+02  -1.4183503e+03
   3.8296667e+02  -1.4182646e+03
   3.8299167e+02  -1.4178065e+03
   3.8302500e+02  -1.4174883e+03
   3.8304583e+02  -1.4176157e+03
   3.8307083e+02  -1.4179740e+03
   3.8309167e+02  -1.4182861e+03
   3.8311667e+02  -1.4185714e+03
   3.8313750e+02  -1.4186059e+03
   3.8316250e+02  -1.4183027e+03
   3.8318333e+02  -1.4176645e+03
   3.8320833e+02  -1.4166877e+03
   3.8322917e+02  -1.4162990e+03
   3.8325000e+02  -1.4166409e+03
   3.8327500e+02  -1.4177369e+03
   3.8329583e+02  -1.4185750e+03
   3.8332083e+02  -1.4190901e+03
   3.8334167e+02  -1.4193883e+03
   3.8336667e+02  -1.4196119e+03
   3.8338750e+02  -1.4193948e+03
   3.8341250e+02  -1.4185533e+03
   3.8343333e+02  -1.4178772e+03
   3.8345833e+02  -1.4179351e+03
   3.8347917e+02  -1.4187684e+03
   3.8350417e+02  -1.4199845e+03
   3.8352500e+02  -1.4205417e+03
   3.8354583e+02  -1.4207072e+03
   3.8357083e+02  -1.4207853e+03
   3.8359167e+02  -1.4205969e+03
   3.8361667e+02  -1.4198967e+03
   3.8363750e+02  -1.4193244e+03
   3.8366250e+02  -1.4191034e+03
   3.8368333e+02  -1.4193522e+03
   3.8370833e+02  -1.4199472e+03
   3.8372917e+02  -1.4203921e+03
   3.8375417e+02  -1.4203350e+03
   3.8377500e+02  -1.4198192e+03
   3.8379583e+02  -1.4191725e+03
   3.8382083e+02  -1.4183373e+03
   3.8384167e+02  -1.4177559e+03
   3.8386667e+02  -1.4177056e+03
   3.8388750e+02  -1.4183509e+03
   3.8391250e+02  -1.4193508e+03
   3.8393333e+02  -1.4197747e+03
   3.8395833e+02  -1.4194648e+03
   3.8397917e+02  -1.4187262e+03
   3.8401250e+02  -1.4177230e+03
   3.8403750e+02  -1.4176073e+03
   3.8405833e+02  -1.4177741e+03
   3.8408333e+02  -1.4180329e+03
   3.8410417e+02  -1.4184595e+03
   3.8412500e+02  -1.4192242e+03
   3.8415000e+02  -1.4201183e+03
   3.8417083e+02  -1.4201874e+03
   3.8419583e+02  -1.4192245e+03
   3.8421667e+02  -1.4180852e+03
   3.8424167e+02  -1.4172664e+03
   3.8426250e+02  -1.4174690e+03
   3.8428750e+02  -1.4181767e+03
   3.8430833e+02  -1.4182106e+03
   3.8433333e+02  -1.4176750e+03
   3.8435417e+02  -1.4176583e+03
   3.8437917e+02  -1.4183716e+03
   3.8440000e+02  -1.4188726e+03
   3.8442083e+02  -1.4190347e+03
   3.8444583e+02  -1.4192923e+03
   3.8446667e+02  -1.4198932e+03
   3.8449167e+02  -1.4210586e+03
   3.8451250e+02  -1.4219690e+03
   3.8453750e+02  -1.4224412e+03
   3.8455833e+02  -1.4225180e+03
   3.8458333e+02  -1.4226139e+03
   3.8460417e+02  -1.4226138e+03
   3.8462917e+02  -1.4225221e+03
   3.8465000e+02  -1.4226922e+03
   3.8467083e+02  -1.4230279e+03
   3.8469583e+02  -1.4232652e+03
   3.8471667e+02  -1.4233890e+03
   3.8474167e+02  -1.4236585e+03
   3.8476250e+02  -1.4238649e+03
   3.8478750e+02  -1.4238860e+03
   3.8480833e+02  -1.4236324e+03
   3.8483333e+02  -1.4229664e+03
   3.8485417e+02  -1.4223446e+03
   3.8487917e+02  -1.4220160e+03
   3.8490000e+02  -1.4221893e+03
   3.8492083e+02  -1.4226174e+03
   3.8494583e+02  -1.4232054e+03
   3.8496667e+02  -1.4235812e+03
   3.8499167e+02  -1.4237304e+03
   3.8502500e+02  -1.4234650e+03
   3.8504583e+02  -1.4234192e+03
   3.8507083e+02  -1.4234128e+03
   3.8509167e+02  -1.4236798e+03
   3.8511667e+02  -1.4247977e+03
   3.8513750e+02  -1.4261225e+03
   3.8516250e+02  -1.4273315e+03
   3.8518333e+02  -1.4277434e+03
   3.8520833e+02  -1.4275827e+03
   3.8522917e+02  -1.4269819e+03
   3.8525000e+02  -1.4263875e+03
   3.8527500e+02  -1.4260442e+03
   3.8529583e+02  -1.4257344e+03
   3.8532083e+02  -1.4251232e+03
   3.8534167e+02  -1.4246753e+03
   3.8536667e+02  -1.4244213e+03
   3.8538750e+02  -1.4243421e+03
   3.8541250e+02  -1.4244444e+03
   3.8543333e+02  -1.4250074e+03
   3.8545833e+02  -1.4261589e+03
   3.8547917e+02  -1.4271797e+03
   3.8550417e+02  -1.4280766e+03
   3.8552500e+02  -1.4282514e+03
   3.8554583e+02  -1.4281077e+03
   3.8557083e+02  -1.4280707e+03
   3.8559167e+02  -1.4280098e+03
   3.8561667e+02  -1.4275782e+03
   3.8563750e+02  -1.4274815e+03
   3.8566250e+02  -1.4283640e+03
   3.8568333e+02  -1.4294709e+03
   3.8570833e+02  -1.4303713e+03
   3.8572917e+02  -1.4305958e+03
   3.8575417e+02  -1.4303927e+03
   3.8577500e+02  -1.4301826e+03
   3.8579583e+02  -1.4301366e+03
   3.8582083e+02  -1.4300242e+03
   3.8584167e+02  -1.4296478e+03
   3.8586667e+02  -1.4291628e+03
   3.8588750e+02  -1.4291657e+03
   3.8591250e+02  -1.4297488e+03
   3.8593333e+02  -1.4305332e+03
   3.8595833e+02  -1.4314720e+03
   3.8597917e+02  -1.4318293e+03
   3.8601250e+02  -1.4313217e+03
   3.8603750e+02  -1.4309480e+03
   3.8605833e+02  -1.4309323e+03
   3.8608333e+02  -1.4310089e+03
   3.8610417e+02  -1.4312946e+03
   3.8612500e+02  -1.4320608e+03
   3.8615000e+02  -1.4334527e+03
   3.8617083e+02  -1.4346371e+03
   3.8619583e+02  -1.4357863e+03
   3.8621667e+02  -1.4362832e+03
   3.8624167e+02  -1.4361022e+03
   3.8626250e+02  -1.4357345e+03
   3.8628750e+02  -1.4353353e+03
   3.8630833e+02  -1.4350095e+03
   3.8633333e+02  -1.4346475e+03
   3.8635417e+02  -1.4345528e+03
   3.8637917e+02  -1.4345765e+03
   3.8640000e+02  -1.4346398e+03
   3.8642083e+02  -1.4349480e+03
   3.8644583e+02  -1.4356552e+03
   3.8646667e+02  -1.4361351e+03
   3.8649167e+02  -1.4363001e+03
   3.8651250e+02  -1.4362486e+03
   3.8653750e+02  -1.4361201e+03
   3.8655833e+02  -1.4360394e+03
   3.8658333e+02  -1.4359581e+03
   3.8660417e+02  -1.4358068e+03
   3.8662917e+02  -1.4357158e+03
   3.8665000e+02  -1.4360275e+03
   3.8667083e+02  -1.4367397e+03
   3.8669583e+02  -1.4374557e+03
   3.8671667e+02  -1.4375397e+03
   3.8674167e+02  -1.4373640e+03
   3.8676250e+02  -1.4373388e+03
   3.8678750e+02  -1.4374336e+03
   3.8680833e+02  -1.4373317e+03
   3.8683333e+02  -1.4369490e+03
   3.8685417e+02  -1.4367324e+03
   3.8687917e+02  -1.4370275e+03
   3.8690000e+02  -1.4376833e+03
   3.8692083e+02  -1.4382805e+03
   3.8694583e+02  -1.4386582e+03
   3.8696667e+02  -1.4388322e+03
   3.8699167e+02  -1.4390334e+03
   3.8702500e+02  -1.4390720e+03
   3.8704583e+02  -1.4394057e+03
   3.8707083e+02  -1.4401360e+03
   3.8709167e+02  -1.4411688e+03
   3.8711667e+02  -1.4430722e+03
   3.8713750e+02  -1.4450265e+03
   3.8716250e+02  -1.4473469e+03
   3.8718333e+02  -1.4490594e+03
   3.8720833e+02  -1.4507911e+03
   3.8722917e+02  -1.4516085e+03
   3.8725000e+02  -1.4518214e+03
   3.8727500e+02  -1.4513575e+03
   3.8729583e+02  -1.4506728e+03
   3.8732083e+02  -1.4502233e+03
   3.8734167e+02  -1.4505034e+03
   3.8736667e+02  -1.4513772e+03
   3.8738750e+02  -1.4522488e+03
   3.8741250e+02  -1.4533953e+03
   3.8743333e+02  -1.4544385e+03
   3.8745833e+02  -1.4553136e+03
   3.8747917e+02  -1.4552067e+03
   3.8750417e+02  -1.4541486e+03
   3.8752500e+02  -1.4530794e+03
   3.8754583e+02  -1.4523479e+03
   3.8757083e+02  -1.4520931e+03
   3.8759167e+02  -1.4522187e+03
   3.8761667e+02  -1.4524240e+03
   3.8763750e+02  -1.4525918e+03
   3.8766250e+02  -1.4529750e+03
   3.8768333e+02  -1.4533429e+03
   3.8770833e+02  -1.4531169e+03
   3.8772917e+02  -1.4522095e+03
   3.8775417e+02  -1.4510390e+03
   3.8777500e+02  -1.4505042e+03
   3.8779583e+02  -1.4503019e+03
   3.8782083e+02  -1.4502349e+03
   3.8784167e+02  -1.4501797e+03
   3.8786667e+02  -1.4502659e+03
   3.8788750e+02  -1.4507266e+03
   3.8791250e+02  -1.4515542e+03
   3.8793333e+02  -1.4519516e+03
   3.8795833e+02  -1.4519326e+03
   3.8797917e+02  -1.4518766e+03
   3.8801250e+02  -1.4519595e+03
   3.8803750e+02  -1.4519075e+03
   3.8805833e+02  -1.4518225e+03
   3.8808333e+02  -1.4516868e+03
   3.8810417e+02  -1.4515080e+03
   3.8812500e+02  -1.4514545e+03
   3.8815000e+02  -1.4516955e+03
   3.8817083e+02  -1.4521531e+03
   3.8819583e+02  -1.4528986e+03
   3.8821667e+02  -1.4535201e+03
   3.8824167e+02  -1.4536647e+03
   3.8826250e+02  -1.4530997e+03
   3.8828750e+02  -1.4522958e+03
   3.8830833e+02  -1.4520423e+03
   3.8833333e+02  -1.4520595e+03
   3.8835417e+02  -1.4519699e+03
   3.8837917e+02  -1.4517923e+03
   3.8840000e+02  -1.4519946e+03
   3.8842083e+02  -1.4527434e+03
   3.8844583e+02  -1.4540357e+03
   3.8846667e+02  -1.4545340e+03
   3.8849167e+02  -1.4537816e+03
   3.8851250e+02  -1.4526830e+03
   3.8853750e+02  -1.4520203e+03
   3.8855833e+02  -1.4520264e+03
   3.8858333e+02  -1.4519428e+03
   3.8860417e+02  -1.4516527e+03
   3.8862917e+02  -1.4514112e+03
   3.8865000e+02  -1.4516565e+03
   3.8867083e+02  -1.4523170e+03
   3.8869583e+02  -1.4529710e+03
   3.8871667e+02  -1.4526820e+03
   3.8874167e+02  -1.4514363e+03
   3.8876250e+02  -1.4504927e+03
   3.8878750e+02  -1.4499741e+03
   3.8880833e+02  -1.4498060e+03
   3.8883333e+02  -1.4496513e+03
   3.8885417e+02  -1.4495428e+03
   3.8887917e+02  -1.4495793e+03
   3.8890000e+02  -1.4498950e+03
   3.8892083e+02  -1.4503924e+03
   3.8894583e+02  -1.4506815e+03
   3.8896667e+02  -1.4504613e+03
   3.8899167e+02  -1.4500096e+03
   3.8902500e+02  -1.4494797e+03
   3.8904583e+02  -1.4491943e+03
   3.8907083e+02  -1.4490944e+03
   3.8909167e+02  -1.4491176e+03
   3.8911667e+02  -1.4491108e+03
   3.8913750e+02  -1.4494089e+03
   3.8916250e+02  -1.4503207e+03
   3.8918333e+02  -1.4510625e+03
   3.8920833e+02  -1.4513385e+03
   3.8922917e+02  -1.4509474e+03
   3.8925000e+02  -1.4501363e+03
   3.8927500e+02  -1.4492560e+03
   3.8929583e+02  -1.4491032e+03
   3.8932083e+02  -1.4493255e+03
   3.8934167e+02  -1.4492994e+03
   3.8936667e+02  -1.4490059e+03
   3.8938750e+02  -1.4489880e+03
   3.8941250e+02  -1.4494269e+03
   3.8943333e+02  -1.4500122e+03
   3.8945833e+02  -1.4505287e+03
   3.8947917e+02  -1.4504753e+03
   3.8950417e+02  -1.4500402e+03
   3.8952500e+02  -1.4499246e+03
   3.8954583e+02  -1.4500966e+03
   3.8957083e+02  -1.4500042e+03
   3.8959167e+02  -1.4495383e+03
   3.8961667e+02  -1.4491349e+03
   3.8963750e+02  -1.4492338e+03
   3.8966250e+02  -1.4497739e+03
   3.8968333e+02  -1.4502952e+03
   3.8970833e+02  -1.4505296e+03
   3.8972917e+02  -1.4502779e+03
   3.8975417e+02  -1.4499879e+03
   3.8977500e+02  -1.4499925e+03
   3.8979583e+02  -1.4499890e+03
   3.8982083e+02  -1.4498891e+03
   3.8984167e+02  -1.4498864e+03
   3.8986667e+02  -1.4499482e+03
   3.8988750e+02  -1.4498957e+03
   3.8991250e+02  -1.4498176e+03
   3.8993333e+02  -1.4497374e+03
   3.8995833e+02  -1.4494290e+03
   3.8997917e+02  -1.4490626e+03
   3.9001250e+02  -1.4483591e+03
   3.9003750e+02  -1.4471009e+03
   3.9005833e+02  -1.4456563e+03
   3.9008333e+02  -1.4439935e+03
   3.9010417e+02  -1.4427020e+03
   3.9012500e+02  -1.4414203e+03
   3.9015000e+02  -1.4400094e+03
   3.9017083e+02  -1.4388800e+03
   3.9019583e+02  -1.4375027e+03
   3.9021667e+02  -1.4365838e+03
   3.9024167e+02  -1.4356041e+03
   3.9026250e+02  -1.4344601e+03
   3.9028750e+02  -1.4335059e+03
   3.9030833e+02  -1.4335758e+03
   3.9033333e+02  -1.4343784e+03
   3.9035417e+02  -1.4350080e+03
   3.9037917e+02  -1.4355550e+03
   3.9040000e+02  -1.4357875e+03
   3.9042083e+02  -1.4358956e+03
   3.9044583e+02  -1.4359276e+03
   3.9046667e+02  -1.4357031e+03
   3.9049167e+02  -1.4351602e+03
   3.9051250e+02  -1.4347980e+03
   3.9053750e+02  -1.4350494e+03
   3.9055833e+02  -1.4357022e+03
   3.9058333e+02  -1.4364801e+03
   3.9060417e+02  -1.4368668e+03
   3.9062917e+02  -1.4369293e+03
   3.9065000e+02  -1.4366712e+03
   3.9067083e+02  -1.4362758e+03
   3.9069583e+02  -1.4359316e+03
   3.9071667e+02  -1.4356499e+03
   3.9074167e+02  -1.4352020e+03
   3.9076250e+02  -1.4349941e+03
   3.9078750e+02  -1.4350219e+03
   3.9080833e+02  -1.4351252e+03
   3.9083333e+02  -1.4353485e+03
   3.9085417e+02  -1.4356011e+03
   3.9087917e+02  -1.4357828e+03
   3.9090000e+02  -1.4358351e+03
   3.9092083e+02  -1.4359865e+03
   3.9094583e+02  -1.4361905e+03
   3.9096667e+02  -1.4361666e+03
   3.9099167e+02  -1.4358362e+03
   3.9102500e+02  -1.4349352e+03
   3.9104583e+02  -1.4342505e+03
   3.9107083e+02  -1.4336740e+03
   3.9109167e+02  -1.4334575e+03
   3.9111667e+02  -1.4331650e+03
   3.9113750e+02  -1.4327118e+03
   3.9116250e+02  -1.4321031e+03
   3.9118333e+02  -1.4316345e+03
   3.9120833e+02  -1.4311670e+03
   3.9122917e+02  -1.4308552e+03
   3.9125000e+02  -1.4304084e+03
   3.9127500e+02  -1.4297727e+03
   3.9129583e+02  -1.4295788e+03
   3.9132083e+02  -1.4301320e+03
   3.9134167e+02  -1.4309345e+03
   3.9136667e+02  -1.4317346e+03
   3.9138750e+02  -1.4323317e+03
   3.9141250e+02  -1.4331838e+03
   3.9143333e+02  -1.4338787e+03
   3.9145833e+02  -1.4341362e+03
   3.9147917e+02  -1.4336882e+03
   3.9150417e+02  -1.4328130e+03
   3.9152500e+02  -1.4323315e+03
   3.9154583e+02  -1.4322695e+03
   3.9157083e+02  -1.4325414e+03
   3.9159167e+02  -1.4327625e+03
   3.9161667e+02  -1.4328681e+03
   3.9163750e+02  -1.4328401e+03
   3.9166250e+02  -1.4326610e+03
   3.9168333e+02  -1.4323559e+03
   3.9170833e+02  -1.4318441e+03
   3.9172917e+02  -1.4313425e+03
   3.9175417e+02  -1.4308342e+03
   3.9177500e+02  -1.4307310e+03
   3.9179583e+02  -1.4308682e+03
   3.9182083e+02  -1.4310418e+03
   3.9184167e+02  -1.4310790e+03
   3.9186667e+02  -1.4311779e+03
   3.9188750e+02  -1.4313945e+03
   3.9191250e+02  -1.4316884e+03
   3.9193333e+02  -1.4318648e+03
   3.9195833e+02  -1.4319266e+03
   3.9197917e+02  -1.4319787e+03
   3.9201250e+02  -1.4320324e+03
   3.9203750e+02  -1.4324070e+03
   3.9205833e+02  -1.4331335e+03
   3.9208333e+02  -1.4342856e+03
   3.9210417e+02  -1.4353508e+03
   3.9212500e+02  -1.4364934e+03
   3.9215000e+02  -1.4379488e+03
   3.9217083e+02  -1.4391440e+03
   3.9219583e+02  -1.4402950e+03
   3.9221667e+02  -1.4409577e+03
   3.9224167e+02  -1.4414042e+03
   3.9226250e+02  -1.4418675e+03
   3.9228750e+02  -1.4423361e+03
   3.9230833e+02  -1.4426735e+03
   3.9233333e+02  -1.4432219e+03
   3.9235417e+02  -1.4437969e+03
   3.9237917e+02  -1.4445311e+03
   3.9240000e+02  -1.4452187e+03
   3.9242083e+02  -1.4460000e+03
   3.9244583e+02  -1.4469191e+03
   3.9246667e+02  -1.4473017e+03
   3.9249167e+02  -1.4470491e+03
   3.9251250e+02  -1.4465483e+03
   3.9253750e+02  -1.4463008e+03
   3.9255833e+02  -1.4465739e+03
   3.9258333e+02  -1.4472050e+03
   3.9260417e+02  -1.4477058e+03
   3.9262917e+02  -1.4480263e+03
   3.9265000e+02  -1.4481528e+03
   3.9267083e+02  -1.4482580e+03
   3.9269583e+02  -1.4481313e+03
   3.9271667e+02  -1.4474732e+03
   3.9274167e+02  -1.4462427e+03
   3.9276250e+02  -1.4456061e+03
   3.9278750e+02  -1.4458492e+03
   3.9280833e+02  -1.4464902e+03
   3.9283333e+02  -1.4468383e+03
   3.9285417e+02  -1.4464759e+03
   3.9287917e+02  -1.4457286e+03
   3.9290000e+02  -1.4453544e+03
   3.9292083e+02  -1.4452844e+03
   3.9294583e+02  -1.4452261e+03
   3.9296667e+02  -1.4450827e+03
   3.9299167e+02  -1.4451599e+03
   3.9302500e+02  -1.4455849e+03
   3.9304583e+02  -1.4453886e+03
   3.9307083e+02  -1.4445567e+03
   3.9309167e+02  -1.4436545e+03
   3.9311667e+02  -1.4427188e+03
   3.9313750e+02  -1.4421997e+03
   3.9316250e+02  -1.4418684e+03
   3.9318333e+02  -1.4418007e+03
   3.9320833e+02  -1.4419608e+03
   3.9322917e+02  -1.4422807e+03
   3.9325000e+02  -1.4425025e+03
   3.9327500e+02  -1.4423411e+03
   3.9329583e+02  -1.4420754e+03
   3.9332083e+02  -1.4421946e+03
   3.9334167e+02  -1.4425747e+03
   3.9336667e+02  -1.4426656e+03
   3.9338750e+02  -1.4424448e+03
   3.9341250e+02  -1.4423583e+03
   3.9343333e+02  -1.4426951e+03
   3.9345833e+02  -1.4432777e+03
   3.9347917e+02  -1.4433336e+03
   3.9350417e+02  -1.4426292e+03
   3.9352500e+02  -1.4420104e+03
   3.9354583e+02  -1.4419921e+03
   3.9357083e+02  -1.4426335e+03
   3.9359167e+02  -1.4430662e+03
   3.9361667e+02  -1.4430363e+03
   3.9363750e+02  -1.4427735e+03
   3.9366250e+02  -1.4425901e+03
   3.9368333e+02  -1.4425881e+03
   3.9370833e+02  -1.4422894e+03
   3.9372917e+02  -1.4415369e+03
   3.9375417e+02  -1.4405304e+03
   3.9377500e+02  -1.4403219e+03
   3.9379583e+02  -1.4407343e+03
   3.9382083e+02  -1.4412478e+03
   3.9384167e+02  -1.4412634e+03
   3.9386667e+02  -1.4409539e+03
   3.9388750e+02  -1.4407790e+03
   3.9391250e+02  -1.4408398e+03
   3.9393333e+02  -1.4409224e+03
   3.9395833e+02  -1.4408496e+03
   3.9397917e+02  -1.4408020e+03
   3.9401250e+02  -1.4409483e+03
   3.9403750e+02  -1.4406353e+03
   3.9405833e+02  -1.4400142e+03
   3.9408333e+02  -1.4394639e+03
   3.9410417e+02  -1.4393983e+03
   3.9412500e+02  -1.4391747e+03
   3.9415000e+02  -1.4382110e+03
   3.9417083e+02  -1.4372649e+03
   3.9419583e+02  -1.4365967e+03
   3.9421667e+02  -1.4364386e+03
   3.9424167e+02  -1.4364124e+03
   3.9426250e+02  -1.4362686e+03
   3.9428750e+02  -1.4362458e+03
   3.9430833e+02  -1.4369533e+03
   3.9433333e+02  -1.4384631e+03
   3.9435417e+02  -1.4389768e+03
   3.9437917e+02  -1.4381159e+03
   3.9440000e+02  -1.4371688e+03
   3.9442083e+02  -1.4368252e+03
   3.9444583e+02  -1.4371926e+03
   3.9446667e+02  -1.4376438e+03
   3.9449167e+02  -1.4378120e+03
   3.9451250e+02  -1.4377436e+03
   3.9453750e+02  -1.4379823e+03
   3.9455833e+02  -1.4384420e+03
   3.9458333e+02  -1.4383530e+03
   3.9460417e+02  -1.4375044e+03
   3.9462917e+02  -1.4366035e+03
   3.9465000e+02  -1.4366194e+03
   3.9467083e+02  -1.4371679e+03
   3.9469583e+02  -1.4377377e+03
   3.9471667e+02  -1.4377300e+03
   3.9474167e+02  -1.4370865e+03
   3.9476250e+02  -1.4362785e+03
   3.9478750e+02  -1.4354171e+03
   3.9480833e+02  -1.4347093e+03
   3.9483333e+02  -1.4338372e+03
   3.9485417e+02  -1.4334532e+03
   3.9487917e+02  -1.4337028e+03
   3.9490000e+02  -1.4342332e+03
   3.9492083e+02  -1.4346791e+03
   3.9494583e+02  -1.4349363e+03
   3.9496667e+02  -1.4348944e+03
   3.9499167e+02  -1.4346023e+03
   3.9502500e+02  -1.4339353e+03
   3.9504583e+02  -1.4329010e+03
   3.9507083e+02  -1.4314081e+03
   3.9509167e+02  -1.4303778e+03
   3.9511667e+02  -1.4293350e+03
   3.9513750e+02  -1.4282539e+03
   3.9516250e+02  -1.4268934e+03
   3.9518333e+02  -1.4260938e+03
   3.9520833e+02  -1.4254858e+03
   3.9522917e+02  -1.4252055e+03
   3.9525000e+02  -1.4248473e+03
   3.9527500e+02  -1.4242770e+03
   3.9529583e+02  -1.4240336e+03
   3.9532083e+02  -1.4243634e+03
   3.9534167e+02  -1.4246914e+03
   3.9536667e+02  -1.4243775e+03
   3.9538750e+02  -1.4238771e+03
   3.9541250e+02  -1.4236841e+03
   3.9543333e+02  -1.4238833e+03
   3.9545833e+02  -1.4242101e+03
   3.9547917e+02  -1.4243518e+03
   3.9550417e+02  -1.4243011e+03
   3.9552500e+02  -1.4242799e+03
   3.9554583e+02  -1.4244724e+03
   3.9557083e+02  -1.4244920e+03
   3.9559167e+02  -1.4238803e+03
   3.9561667e+02  -1.4228258e+03
   3.9563750e+02  -1.4223798e+03
   3.9566250e+02  -1.4226609e+03
   3.9568333e+02  -1.4233380e+03
   3.9570833e+02  -1.4241945e+03
   3.9572917e+02  -1.4245711e+03
   3.9575417e+02  -1.4245288e+03
   3.9577500e+02  -1.4242677e+03
   3.9579583e+02  -1.4238686e+03
   3.9582083e+02  -1.4231102e+03
   3.9584167e+02  -1.4223930e+03
   3.9586667e+02  -1.4220010e+03
   3.9588750e+02  -1.4223719e+03
   3.9591250e+02  -1.4234568e+03
   3.9593333e+02  -1.4244619e+03
   3.9595833e+02  -1.4252666e+03
   3.9597917e+02  -1.4253242e+03
   3.9601250e+02  -1.4245716e+03
   3.9603750e+02  -1.4234576e+03
   3.9605833e+02  -1.4220651e+03
   3.9608333e+02  -1.4201942e+03
   3.9610417e+02  -1.4188421e+03
   3.9612500e+02  -1.4178177e+03
   3.9615000e+02  -1.4170774e+03
   3.9617083e+02  -1.4169025e+03
   3.9619583e+02  -1.4168733e+03
   3.9621667e+02  -1.4165691e+03
   3.9624167e+02  -1.4158640e+03
   3.9626250e+02  -1.4150009e+03
   3.9628750e+02  -1.4139563e+03
   3.9630833e+02  -1.4134104e+03
   3.9633333e+02  -1.4133321e+03
   3.9635417e+02  -1.4135986e+03
   3.9637917e+02  -1.4141798e+03
   3.9640000e+02  -1.4148937e+03
   3.9642083e+02  -1.4155160e+03
   3.9644583e+02  -1.4156800e+03
   3.9646667e+02  -1.4153536e+03
   3.9649167e+02  -1.4147116e+03
   3.9651250e+02  -1.4142683e+03
   3.9653750e+02  -1.4143203e+03
   3.9655833e+02  -1.4148168e+03
   3.9658333e+02  -1.4152294e+03
   3.9660417e+02  -1.4151074e+03
   3.9662917e+02  -1.4147358e+03
   3.9665000e+02  -1.4145616e+03
   3.9667083e+02  -1.4144939e+03
   3.9669583e+02  -1.4144610e+03
   3.9671667e+02  -1.4144318e+03
   3.9674167e+02  -1.4143461e+03
   3.9676250e+02  -1.4143221e+03
   3.9678750e+02  -1.4142351e+03
   3.9680833e+02  -1.4138778e+03
   3.9683333e+02  -1.4129973e+03
   3.9685417e+02  -1.4123005e+03
   3.9687917e+02  -1.4120744e+03
   3.9690000e+02  -1.4125025e+03
   3.9692083e+02  -1.4132878e+03
   3.9694583e+02  -1.4141887e+03
   3.9696667e+02  -1.4145752e+03
   3.9699167e+02  -1.4144781e+03
   3.9702500e+02  -1.4139853e+03
   3.9704583e+02  -1.4131661e+03
   3.9707083e+02  -1.4117901e+03
   3.9709167e+02  -1.4107045e+03
   3.9711667e+02  -1.4097838e+03
   3.9713750e+02  -1.4092155e+03
   3.9716250e+02  -1.4084078e+03
   3.9718333e+02  -1.4075313e+03
   3.9720833e+02  -1.4062975e+03
   3.9722917e+02  -1.4054534e+03
   3.9725000e+02  -1.4048197e+03
   3.9727500e+02  -1.4041281e+03
   3.9729583e+02  -1.4036611e+03
   3.9732083e+02  -1.4033587e+03
   3.9734167e+02  -1.4033961e+03
   3.9736667e+02  -1.4036336e+03
   3.9738750e+02  -1.4037106e+03
   3.9741250e+02  -1.4034908e+03
   3.9743333e+02  -1.4031981e+03
   3.9745833e+02  -1.4032032e+03
   3.9747917e+02  -1.4035121e+03
   3.9750417e+02  -1.4037165e+03
   3.9752500e+02  -1.4036648e+03
   3.9754583e+02  -1.4036132e+03
   3.9757083e+02  -1.4037861e+03
   3.9759167e+02  -1.4040083e+03
   3.9761667e+02  -1.4041750e+03
   3.9763750e+02  -1.4043174e+03
   3.9766250e+02  -1.4046631e+03
   3.9768333e+02  -1.4051848e+03
   3.9770833e+02  -1.4057090e+03
   3.9772917e+02  -1.4056081e+03
   3.9775417e+02  -1.4047346e+03
   3.9777500e+02  -1.4037517e+03
   3.9779583e+02  -1.4029166e+03
   3.9782083e+02  -1.4023307e+03
   3.9784167e+02  -1.4022896e+03
   3.9786667e+02  -1.4026275e+03
   3.9788750e+02  -1.4031022e+03
   3.9791250e+02  -1.4038060e+03
   3.9793333e+02  -1.4042834e+03
   3.9795833e+02  -1.4043155e+03
   3.9797917e+02  -1.4037989e+03
   3.9801250e+02  -1.4028202e+03
   3.9803750e+02  -1.4020169e+03
   3.9805833e+02  -1.4011591e+03
   3.9808333e+02  -1.4002592e+03
   3.9810417e+02  -1.3996472e+03
   3.9812500e+02  -1.3989258e+03
   3.9815000e+02  -1.3976671e+03
   3.9817083e+02  -1.3961616e+03
   3.9819583e+02  -1.3938174e+03
   3.9821667e+02  -1.3919207e+03
   3.9824167e+02  -1.3905088e+03
   3.9826250e+02  -1.3897870e+03
   3.9828750e+02  -1.3893940e+03
   3.9830833e+02  -1.3894642e+03
   3.9833333e+02  -1.3899546e+03
   3.9835417e+02  -1.3905871e+03
   3.9837917e+02  -1.3910651e+03
   3.9840000e+02  -1.3907589e+03
   3.9842083e+02  -1.3899726e+03
   3.9844583e+02  -1.3894980e+03
   3.9846667e+02  -1.3900342e+03
   3.9849167e+02  -1.3911518e+03
   3.9851250e+02  -1.3917581e+03
   3.9853750e+02  -1.3920488e+03
   3.9855833e+02  -1.3922926e+03
   3.9858333e+02  -1.3926082e+03
   3.9860417e+02  -1.3926288e+03
   3.9862917e+02  -1.3922531e+03
   3.9865000e+02  -1.3919779e+03
   3.9867083e+02  -1.3921785e+03
   3.9869583e+02  -1.3929652e+03
   3.9871667e+02  -1.3934967e+03
   3.9874167e+02  -1.3933347e+03
   3.9876250e+02  -1.3927200e+03
   3.9878750e+02  -1.3919483e+03
   3.9880833e+02  -1.3915280e+03
   3.9883333e+02  -1.3913898e+03
   3.9885417e+02  -1.3913554e+03
   3.9887917e+02  -1.3911847e+03
   3.9890000e+02  -1.3911709e+03
   3.9892083e+02  -1.3914426e+03
   3.9894583e+02  -1.3916818e+03
   3.9896667e+02  -1.3913952e+03
   3.9899167e+02  -1.3908345e+03
   3.9902500e+02  -1.3910936e+03
   3.9904583e+02  -1.3923163e+03
   3.9907083e+02  -1.3942616e+03
   3.9909167e+02  -1.3961554e+03
   3.9911667e+02  -1.3987271e+03
   3.9913750e+02  -1.4009278e+03
   3.9916250e+02  -1.4032119e+03
   3.9918333e+02  -1.4045041e+03
   3.9920833e+02  -1.4050873e+03
   3.9922917e+02  -1.4049590e+03
   3.9925000e+02  -1.4050218e+03
   3.9927500e+02  -1.4054412e+03
   3.9929583e+02  -1.4058125e+03
   3.9932083e+02  -1.4061956e+03
   3.9934167e+02  -1.4064731e+03
   3.9936667e+02  -1.4066966e+03
   3.9938750e+02  -1.4068477e+03
   3.9941250e+02  -1.4069205e+03
   3.9943333e+02  -1.4067227e+03
   3.9945833e+02  -1.4066033e+03
   3.9947917e+02  -1.4068925e+03
   3.9950417e+02  -1.4074121e+03
   3.9952500e+02  -1.4076345e+03
   3.9954583e+02  -1.4077104e+03
   3.9957083e+02  -1.4078602e+03
   3.9959167e+02  -1.4079080e+03
   3.9961667e+02  -1.4077480e+03
   3.9963750e+02  -1.4076680e+03
   3.9966250e+02  -1.4078993e+03
   3.9968333e+02  -1.4082268e+03
   3.9970833e+02  -1.4083140e+03
   3.9972917e+02  -1.4078759e+03
   3.9975417e+02  -1.4069862e+03
   3.9977500e+02  -1.4064220e+03
   3.9979583e+02  -1.4062597e+03
   3.9982083e+02  -1.4064223e+03
   3.9984167e+02  -1.4066816e+03
   3.9986667e+02  -1.4069602e+03
   3.9988750e+02  -1.4070628e+03
   3.9991250e+02  -1.4070041e+03
   3.9993333e+02  -1.4066513e+03
   3.9995833e+02  -1.4057783e+03
   3.9997917e+02  -1.4049025e+03
   4.0001250e+02  -1.4043816e+03
   4.0003750e+02  -1.4051881e+03
   4.0005833e+02  -1.4062497e+03
   4.0008333e+02  -1.4073487e+03
   4.0010417e+02  -1.4079377e+03
   4.0012500e+02  -1.4083463e+03
   4.0015000e+02  -1.4087498e+03
   4.0017083e+02  -1.4091805e+03
   4.0019583e+02  -1.4097963e+03
   4.0021667e+02  -1.4101647e+03
   4.0024167e+02  -1.4103440e+03
   4.0026250e+02  -1.4103976e+03
   4.0028750e+02  -1.4105208e+03
   4.0030833e+02  -1.4107241e+03
   4.0033333e+02  -1.4109978e+03
   4.0035417e+02  -1.4109983e+03
   4.0037917e+02  -1.4108302e+03
   4.0040000e+02  -1.4109219e+03
   4.0042083e+02  -1.4111974e+03
   4.0044583e+02  -1.4112322e+03
   4.0046667e+02  -1.4108927e+03
   4.0049167e+02  -1.4103805e+03
   4.0051250e+02  -1.4100711e+03
   4.0053750e+02  -1.4099866e+03
   4.0055833e+02  -1.4102619e+03
   4.0058333e+02  -1.4106434e+03
   4.0060417e+02  -1.4106113e+03
   4.0062917e+02  -1.4102660e+03
   4.0065000e+02  -1.4100228e+03
   4.0067083e+02  -1.4097993e+03
   4.0069583e+02  -1.4093902e+03
   4.0071667e+02  -1.4088923e+03
   4.0074167e+02  -1.4082418e+03
   4.0076250e+02  -1.4079822e+03
   4.0078750e+02  -1.4084031e+03
   4.0080833e+02  -1.4091387e+03
   4.0083333e+02  -1.4098074e+03
   4.0085417e+02  -1.4099873e+03
   4.0087917e+02  -1.4097694e+03
   4.0090000e+02  -1.4093117e+03
   4.0092083e+02  -1.4087624e+03
   4.0094583e+02  -1.4082940e+03
   4.0096667e+02  -1.4081817e+03
   4.0099167e+02  -1.4082044e+03
   4.0102500e+02  -1.4083999e+03
   4.0104583e+02  -1.4079318e+03
   4.0107083e+02  -1.4068397e+03
   4.0109167e+02  -1.4053704e+03
   4.0111667e+02  -1.4029574e+03
   4.0113750e+02  -1.4005885e+03
   4.0116250e+02  -1.3979306e+03
   4.0118333e+02  -1.3963800e+03
   4.0120833e+02  -1.3954507e+03
   4.0122917e+02  -1.3952327e+03
   4.0125000e+02  -1.3947611e+03
   4.0127500e+02  -1.3937982e+03
   4.0129583e+02  -1.3931872e+03
   4.0132083e+02  -1.3928984e+03
   4.0134167e+02  -1.3927782e+03
   4.0136667e+02  -1.3923540e+03
   4.0138750e+02  -1.3917996e+03
   4.0141250e+02  -1.3913465e+03
   4.0143333e+02  -1.3913611e+03
   4.0145833e+02  -1.3914354e+03
   4.0147917e+02  -1.3913223e+03
   4.0150417e+02  -1.3910527e+03
   4.0152500e+02  -1.3907541e+03
   4.0154583e+02  -1.3905155e+03
   4.0157083e+02  -1.3904430e+03
   4.0159167e+02  -1.3903731e+03
   4.0161667e+02  -1.3899852e+03
   4.0163750e+02  -1.3895780e+03
   4.0166250e+02  -1.3892314e+03
   4.0168333e+02  -1.3890113e+03
   4.0170833e+02  -1.3889710e+03
   4.0172917e+02  -1.3892137e+03
   4.0175417e+02  -1.3895279e+03
   4.0177500e+02  -1.3897756e+03
   4.0179583e+02  -1.3900649e+03
   4.0182083e+02  -1.3902963e+03
   4.0184167e+02  -1.3902801e+03
   4.0186667e+02  -1.3901105e+03
   4.0188750e+02  -1.3899275e+03
   4.0191250e+02  -1.3897172e+03
   4.0193333e+02  -1.3898395e+03
   4.0195833e+02  -1.3905409e+03
   4.0197917e+02  -1.3912807e+03
   4.0201250e+02  -1.3920311e+03
   4.0203750e+02  -1.3922537e+03
   4.0205833e+02  -1.3924242e+03
   4.0208333e+02  -1.3927935e+03
   4.0210417e+02  -1.3932725e+03
   4.0212500e+02  -1.3937875e+03
   4.0215000e+02  -1.3941744e+03
   4.0217083e+02  -1.3942010e+03
   4.0219583e+02  -1.3941052e+03
   4.0221667e+02  -1.3940272e+03
   4.0224167e+02  -1.3941226e+03
   4.0226250e+02  -1.3942994e+03
   4.0228750e+02  -1.3943070e+03
   4.0230833e+02  -1.3938787e+03
   4.0233333e+02  -1.3930467e+03
   4.0235417e+02  -1.3923645e+03
   4.0237917e+02  -1.3917326e+03
   4.0240000e+02  -1.3912190e+03
   4.0242083e+02  -1.3906609e+03
   4.0244583e+02  -1.3902314e+03
   4.0246667e+02  -1.3902901e+03
   4.0249167e+02  -1.3907945e+03
   4.0251250e+02  -1.3910703e+03
   4.0253750e+02  -1.3907128e+03
   4.0255833e+02  -1.3899860e+03
   4.0258333e+02  -1.3892204e+03
   4.0260417e+02  -1.3890136e+03
   4.0262917e+02  -1.3891510e+03
   4.0265000e+02  -1.3893345e+03
   4.0267083e+02  -1.3893440e+03
   4.0269583e+02  -1.3892613e+03
   4.0271667e+02  -1.3894236e+03
   4.0274167e+02  -1.3897856e+03
   4.0276250e+02  -1.3900762e+03
   4.0278750e+02  -1.3903342e+03
   4.0280833e+02  -1.3904547e+03
   4.0283333e+02  -1.3905897e+03
   4.0285417e+02  -1.3909264e+03
   4.0287917e+02  -1.3914826e+03
   4.0290000e+02  -1.3917868e+03
   4.0292083e+02  -1.3919305e+03
   4.0294583e+02  -1.3919634e+03
   4.0296667e+02  -1.3919113e+03
   4.0299167e+02  -1.3919090e+03
   4.0302500e+02  -1.3924486e+03
   4.0304583e+02  -1.3932499e+03
   4.0307083e+02  -1.3944023e+03
   4.0309167e+02  -1.3955264e+03
   4.0311667e+02  -1.3971164e+03
   4.0313750e+02  -1.3986064e+03
   4.0316250e+02  -1.4002491e+03
   4.0318333e+02  -1.4012247e+03
   4.0320833e+02  -1.4018141e+03
   4.0322917e+02  -1.4020121e+03
   4.0325000e+02  -1.4023775e+03
   4.0327500e+02  -1.4028540e+03
   4.0329583e+02  -1.4028282e+03
   4.0332083e+02  -1.4022916e+03
   4.0334167e+02  -1.4018546e+03
   4.0336667e+02  -1.4016854e+03
   4.0338750e+02  -1.4017393e+03
   4.0341250e+02  -1.4015671e+03
   4.0343333e+02  -1.4010285e+03
   4.0345833e+02  -1.4003273e+03
   4.0347917e+02  -1.4000344e+03
   4.0350417e+02  -1.3999184e+03
   4.0352500e+02  -1.3998145e+03
   4.0354583e+02  -1.3996776e+03
   4.0357083e+02  -1.3995259e+03
   4.0359167e+02  -1.3994957e+03
   4.0361667e+02  -1.3995411e+03
   4.0363750e+02  -1.3994209e+03
   4.0366250e+02  -1.3990215e+03
   4.0368333e+02  -1.3987468e+03
   4.0370833e+02  -1.3987814e+03
   4.0372917e+02  -1.3991247e+03
   4.0375417e+02  -1.3997606e+03
   4.0377500e+02  -1.4003128e+03
   4.0379583e+02  -1.4006613e+03
   4.0382083e+02  -1.4006369e+03
   4.0384167e+02  -1.4003678e+03
   4.0386667e+02  -1.3999978e+03
   4.0388750e+02  -1.3998157e+03
   4.0391250e+02  -1.3998908e+03
   4.0393333e+02  -1.4001915e+03
   4.0395833e+02  -1.4004785e+03
   4.0397917e+02  -1.4004985e+03
   4.0401250e+02  -1.4004994e+03
   4.0403750e+02  -1.4000195e+03
   4.0405833e+02  -1.3989993e+03
   4.0408333e+02  -1.3972257e+03
   4.0410417e+02  -1.3955610e+03
   4.0412500e+02  -1.3940377e+03
   4.0415000e+02  -1.3929282e+03
   4.0417083e+02  -1.3925355e+03
   4.0419583e+02  -1.3920882e+03
   4.0421667e+02  -1.3916943e+03
   4.0424167e+02  -1.3912602e+03
   4.0426250e+02  -1.3907598e+03
   4.0428750e+02  -1.3902708e+03
   4.0430833e+02  -1.3901739e+03
   4.0433333e+02  -1.3903468e+03
   4.0435417e+02  -1.3906226e+03
   4.0437917e+02  -1.3911699e+03
   4.0440000e+02  -1.3916376e+03
   4.0442083e+02  -1.3919299e+03
   4.0444583e+02  -1.3918179e+03
   4.0446667e+02  -1.3914184e+03
   4.0449167e+02  -1.3908616e+03
   4.0451250e+02  -1.3905880e+03
   4.0453750e+02  -1.3907709e+03
   4.0455833e+02  -1.3911549e+03
   4.0458333e+02  -1.3915001e+03
   4.0460417e+02  -1.3916223e+03
   4.0462917e+02  -1.3917899e+03
   4.0465000e+02  -1.3918761e+03
   4.0467083e+02  -1.3918043e+03
   4.0469583e+02  -1.3915924e+03
   4.0471667e+02  -1.3913920e+03
   4.0474167e+02  -1.3912040e+03
   4.0476250e+02  -1.3911176e+03
   4.0478750e+02  -1.3910494e+03
   4.0480833e+02  -1.3909318e+03
   4.0483333e+02  -1.3907713e+03
   4.0485417e+02  -1.3906719e+03
   4.0487917e+02  -1.3905343e+03
   4.0490000e+02  -1.3903655e+03
   4.0492083e+02  -1.3902764e+03
   4.0494583e+02  -1.3904261e+03
   4.0496667e+02  -1.3906004e+03
   4.0499167e+02  -1.3906338e+03
   4.0502500e+02  -1.3905387e+03
   4.0504583e+02  -1.3907235e+03
   4.0507083e+02  -1.3911193e+03
   4.0509167e+02  -1.3915145e+03
   4.0511667e+02  -1.3919618e+03
   4.0513750e+02  -1.3924820e+03
   4.0516250e+02  -1.3934690e+03
   4.0518333e+02  -1.3944677e+03
   4.0520833e+02  -1.3953514e+03
   4.0522917e+02  -1.3954819e+03
   4.0525000e+02  -1.3953718e+03
   4.0527500e+02  -1.3953039e+03
   4.0529583e+02  -1.3954638e+03
   4.0532083e+02  -1.3956701e+03
   4.0534167e+02  -1.3956354e+03
   4.0536667e+02  -1.3953728e+03
   4.0538750e+02  -1.3952892e+03
   4.0541250e+02  -1.3957919e+03
   4.0543333e+02  -1.3963809e+03
   4.0545833e+02  -1.3967595e+03
   4.0547917e+02  -1.3967961e+03
   4.0550417e+02  -1.3967407e+03
   4.0552500e+02  -1.3966742e+03
   4.0554583e+02  -1.3964783e+03
   4.0557083e+02  -1.3961213e+03
   4.0559167e+02  -1.3957592e+03
   4.0561667e+02  -1.3956020e+03
   4.0563750e+02  -1.3959641e+03
   4.0566250e+02  -1.3966119e+03
   4.0568333e+02  -1.3968777e+03
   4.0570833e+02  -1.3967203e+03
   4.0572917e+02  -1.3963797e+03
