0.000000000000000000e+00 0.000000000000000000e+00
5.000000000000000000e-01 4.184302947200007616e-01
1.000000000000000222e+00 -3.420877921007553280e+00
1.400000000000000355e+00 -7.260186136735107709e+00
1.900000000000000577e+00 -7.260186136735107709e+00
2.299999999999999822e+00 -1.877811078389692412e+01
2.799999999999998934e+00 -2.645672721535203209e+01
3.199999999999998401e+00 -4.181396007826224803e+01
3.699999999999997513e+00 -5.717119294117246397e+01
4.099999999999997868e+00 -5.333188472544491532e+01
4.599999999999998757e+00 -7.252842580406183970e+01
5.100000000000000533e+00 -9.172496688269960430e+01
5.500000000000001776e+00 -1.109215079613165358e+02
6.000000000000002665e+00 -1.301180490399542862e+02
6.400000000000003908e+00 -1.377966654714094261e+02
6.900000000000004796e+00 -1.646718229814814549e+02
7.300000000000006040e+00 -1.800290558443916495e+02
7.800000000000007816e+00 -2.107435215701912341e+02
8.200000000000006395e+00 -2.222614462173739298e+02
8.700000000000002842e+00 -2.606545283746286259e+02
9.099999999999999645e+00 -2.760117612375388489e+02
9.599999999999997868e+00 -2.990476105318833220e+02
1.009999999999999432e+01 -3.336013844734312670e+02
1.049999999999999112e+01 -3.604765419835032958e+02
1.099999999999998934e+01 -3.873516994935753814e+02
1.139999999999998614e+01 -4.142268570036682149e+02
1.189999999999998437e+01 -4.411020145137402437e+02
1.229999999999998117e+01 -4.679771720238331341e+02
1.279999999999997762e+01 -4.948523295339051629e+02
1.319999999999997620e+01 -5.102095623968153859e+02
1.369999999999997264e+01 -5.486026445540700252e+02
1.409999999999996945e+01 -5.639598774169802482e+02
1.459999999999996767e+01 -5.908350349270523338e+02
1.509999999999996412e+01 -6.292281170843070868e+02
1.549999999999996092e+01 -6.369067335157620846e+02
1.599999999999995914e+01 -6.599425828101066145e+02
1.639999999999995595e+01 -6.944963567516546163e+02
1.689999999999995239e+01 -7.213715142617265883e+02
1.729999999999995097e+01 -7.252108224774541441e+02
1.779999999999994742e+01 -7.482466717718194786e+02
1.819999999999994600e+01 -7.674432128504364528e+02
1.869999999999994245e+01 -7.866397539290742316e+02
1.909999999999994102e+01 -7.981576785762359805e+02
1.959999999999993747e+01 -8.250328360863288708e+02
2.009999999999993392e+01 -8.250328360863288708e+02
2.049999999999993250e+01 -8.365507607335115381e+02
2.099999999999992895e+01 -8.519079935964009564e+02
2.139999999999992752e+01 -8.672652264593111795e+02
2.189999999999992397e+01 -8.749438428907662910e+02
2.229999999999991900e+01 -8.787831511064937331e+02
2.279999999999991900e+01 -8.749438428907662910e+02
2.319999999999991402e+01 -8.749438428907662910e+02
2.369999999999991047e+01 -8.864617675379489583e+02
2.409999999999990905e+01 -8.826224593222214025e+02
2.459999999999990550e+01 -8.864617675379489583e+02
2.509999999999990195e+01 -8.826224593222214025e+02
2.549999999999990052e+01 -8.864617675379489583e+02
2.599999999999989697e+01 -8.903010757536557094e+02
2.639999999999989555e+01 -8.979796921851107072e+02
2.689999999999989200e+01 -8.979796921851107072e+02
2.729999999999989058e+01 -8.979796921851107072e+02
2.779999999999988702e+01 -8.979796921851107072e+02
2.819999999999988560e+01 -8.979796921851107072e+02
2.869999999999988205e+01 -9.018190004008382630e+02
2.909999999999988063e+01 -9.133369250480209303e+02
2.959999999999987708e+01 -9.094976168322933745e+02
3.009999999999987352e+01 -9.018190004008382630e+02
3.049999999999987210e+01 -9.133369250480209303e+02
3.099999999999986855e+01 -9.094976168322933745e+02
3.139999999999987068e+01 -9.094976168322933745e+02
3.189999999999988844e+01 -9.094976168322933745e+02
3.229999999999989768e+01 -9.133369250480209303e+02
3.279999999999991189e+01 -9.210155414794761555e+02
3.319999999999992468e+01 -9.210155414794761555e+02
3.369999999999993889e+01 -9.325334661266588228e+02
3.409999999999995168e+01 -9.286941579109311533e+02
3.459999999999996589e+01 -9.210155414794761555e+02
3.509999999999998010e+01 -9.133369250480209303e+02
3.549999999999999289e+01 -9.248548496952035975e+02
3.600000000000000711e+01 -9.248548496952035975e+02
3.640000000000001279e+01 -9.248548496952035975e+02
3.690000000000002700e+01 -9.248548496952035975e+02
3.730000000000003979e+01 -9.363727743423654601e+02
3.780000000000005400e+01 -9.402120825580930159e+02
3.820000000000006679e+01 -9.363727743423654601e+02
3.870000000000008100e+01 -9.440513907738205717e+02
3.910000000000009379e+01 -9.363727743423654601e+02
3.960000000000010800e+01 -9.440513907738205717e+02
4.000000000000012079e+01 -9.478906989895481274e+02
4.050000000000013500e+01 -9.478906989895481274e+02
4.100000000000014921e+01 -9.440513907738205717e+02
4.140000000000016200e+01 -9.440513907738205717e+02
4.190000000000017621e+01 -9.478906989895481274e+02
4.230000000000018190e+01 -9.478906989895481274e+02
4.280000000000019611e+01 -9.555693154210033526e+02
4.320000000000020890e+01 -9.594086236367306810e+02
4.370000000000022311e+01 -9.632479318524582368e+02
4.410000000000023590e+01 -9.594086236367306810e+02
4.460000000000025011e+01 -9.632479318524582368e+02
4.500000000000026290e+01 -9.670872400681857926e+02
4.550000000000027711e+01 -9.747658564996410178e+02
4.600000000000029132e+01 -9.709265482839134620e+02
4.640000000000030411e+01 -9.786051647153685735e+02
4.690000000000031832e+01 -9.747658564996410178e+02
4.730000000000033111e+01 -9.824444729310752109e+02
4.780000000000034532e+01 -9.824444729310752109e+02
4.820000000000035101e+01 -9.824444729310752109e+02
4.870000000000036522e+01 -9.901230893625303224e+02
4.910000000000037801e+01 -9.786051647153685735e+02
4.960000000000039222e+01 -9.862837811468027667e+02
5.000000000000040501e+01 -9.862837811468027667e+02
5.050000000000041922e+01 -9.939623975782579919e+02
5.100000000000043343e+01 -1.001641014009713103e+03
5.140000000000044622e+01 -9.939623975782579919e+02
5.190000000000046043e+01 -1.005480322225440545e+03
5.230000000000047322e+01 -9.978017057939855476e+02
5.280000000000048743e+01 -1.009319630441168101e+03
5.320000000000050022e+01 -1.001641014009713103e+03
5.370000000000051443e+01 -1.013158938656895657e+03
5.410000000000052012e+01 -1.009319630441168101e+03
5.460000000000053433e+01 -1.009319630441168101e+03
5.500000000000054712e+01 -1.013158938656895657e+03
5.550000000000056133e+01 -1.009319630441168101e+03
5.600000000000057554e+01 -1.020837555088350882e+03
5.640000000000058833e+01 -1.016998246872623213e+03
5.690000000000060254e+01 -1.016998246872623213e+03
5.730000000000061533e+01 -1.028516171519785075e+03
5.780000000000062954e+01 -1.024676863304078324e+03
5.820000000000064233e+01 -1.024676863304078324e+03
5.870000000000065654e+01 -1.028516171519785075e+03
5.910000000000066933e+01 -1.024676863304078324e+03
5.960000000000068354e+01 -1.028516171519785075e+03
6.000000000000068923e+01 -1.032355479735512517e+03
6.050000000000070344e+01 -1.040034096166967856e+03
6.100000000000071765e+01 -1.036194787951240187e+03
6.140000000000073044e+01 -1.043873404382695298e+03
6.190000000000074465e+01 -1.055391329029877852e+03
6.230000000000075744e+01 -1.043873404382695298e+03
6.280000000000077165e+01 -1.040034096166967856e+03
6.320000000000078444e+01 -1.051552020814150410e+03
6.370000000000079865e+01 -1.047712712598422740e+03
6.410000000000080433e+01 -1.066909253677060633e+03
6.460000000000081855e+01 -1.055391329029877852e+03
6.500000000000083844e+01 -1.059230637245605521e+03
6.550000000000085265e+01 -1.051552020814150410e+03
6.600000000000086686e+01 -1.063069945461332964e+03
6.640000000000087255e+01 -1.066909253677060633e+03
6.690000000000088676e+01 -1.066909253677060633e+03
6.730000000000090665e+01 -1.063069945461332964e+03
6.780000000000092086e+01 -1.063069945461332964e+03
6.820000000000092655e+01 -1.055391329029877852e+03
6.870000000000094076e+01 -1.066909253677060633e+03
6.910000000000094644e+01 -1.070748561892788302e+03
6.960000000000096065e+01 -1.066909253677060633e+03
7.000000000000098055e+01 -1.066909253677060633e+03
7.050000000000099476e+01 -1.070748561892788302e+03
7.100000000000100897e+01 -1.066909253677060633e+03
7.140000000000101466e+01 -1.082266486539949938e+03
7.190000000000102887e+01 -1.074587870108494826e+03
7.230000000000104876e+01 -1.078427178324222496e+03
7.280000000000106297e+01 -1.074587870108494826e+03
7.320000000000106866e+01 -1.086105794755677607e+03
7.370000000000108287e+01 -1.082266486539949938e+03
7.410000000000108855e+01 -1.078427178324222496e+03
7.460000000000110276e+01 -1.078427178324222496e+03
7.500000000000112266e+01 -1.086105794755677607e+03
7.550000000000113687e+01 -1.078427178324222496e+03
7.600000000000115108e+01 -1.074587870108494826e+03
7.640000000000115676e+01 -1.082266486539949938e+03
7.690000000000117097e+01 -1.078427178324222496e+03
7.730000000000119087e+01 -1.086105794755677607e+03
7.780000000000120508e+01 -1.082266486539949938e+03
7.820000000000121076e+01 -1.089945102971405049e+03
7.870000000000122498e+01 -1.089945102971405049e+03
7.910000000000124487e+01 -1.082266486539949938e+03
7.960000000000125908e+01 -1.093784411187132491e+03
8.000000000000126477e+01 -1.097623719402860161e+03
8.050000000000127898e+01 -1.097623719402860161e+03
8.100000000000129319e+01 -1.097623719402860161e+03
8.140000000000129887e+01 -1.101463027618587830e+03
8.190000000000131308e+01 -1.093784411187132491e+03
8.230000000000133298e+01 -1.093784411187132491e+03
8.280000000000134719e+01 -1.101463027618587830e+03
8.320000000000135287e+01 -1.097623719402860161e+03
8.370000000000136708e+01 -1.109141644050042942e+03
8.410000000000138698e+01 -1.105302335834315272e+03
8.460000000000140119e+01 -1.101463027618587830e+03
8.500000000000140687e+01 -1.112980952265770384e+03
8.550000000000142109e+01 -1.112980952265770384e+03
8.600000000000143530e+01 -1.124498876912932246e+03
8.640000000000144098e+01 -1.116820260481498053e+03
8.690000000000145519e+01 -1.124498876912932246e+03
8.730000000000147509e+01 -1.109141644050042942e+03
8.780000000000148930e+01 -1.128338185128659916e+03
8.820000000000149498e+01 -1.124498876912932246e+03
8.870000000000150919e+01 -1.128338185128659916e+03
8.910000000000152909e+01 -1.124498876912932246e+03
8.960000000000154330e+01 -1.136016801560114800e+03
9.000000000000154898e+01 -1.120659568697204577e+03
9.050000000000156319e+01 -1.132177493344387358e+03
9.100000000000157740e+01 -1.147534726207297581e+03
9.140000000000159730e+01 -1.128338185128659916e+03
9.190000000000161151e+01 -1.136016801560114800e+03
9.230000000000161720e+01 -1.136016801560114800e+03
9.280000000000163141e+01 -1.147534726207297581e+03
9.320000000000163709e+01 -1.139856109775842469e+03
9.370000000000165130e+01 -1.147534726207297581e+03
9.410000000000167120e+01 -1.139856109775842469e+03
9.460000000000168541e+01 -1.147534726207297581e+03
9.500000000000169109e+01 -1.155213342638752692e+03
9.550000000000170530e+01 -1.155213342638752692e+03
9.600000000000171951e+01 -1.166731267285914555e+03
9.640000000000173941e+01 -1.143695417991569911e+03
9.690000000000175362e+01 -1.159052650854480362e+03
9.730000000000175930e+01 -1.162891959070207577e+03
9.780000000000177351e+01 -1.162891959070207577e+03
9.820000000000177920e+01 -1.170570575501641997e+03
9.870000000000179341e+01 -1.170570575501641997e+03
9.910000000000181331e+01 -1.162891959070207577e+03
9.960000000000182752e+01 -1.170570575501641997e+03
1.005000000000000000e+02 -1.178249191933097109e+03
1.010000000000000000e+02 -1.166731267285914555e+03
1.014000000000000057e+02 -1.166731267285914555e+03
1.019000000000000057e+02 -1.182088500148824551e+03
1.022999999999999972e+02 -1.162891959070207577e+03
1.027999999999999972e+02 -1.174409883717369667e+03
1.032000000000000028e+02 -1.166731267285914555e+03
1.037000000000000028e+02 -1.182088500148824551e+03
1.040999999999999943e+02 -1.162891959070207577e+03
1.045999999999999943e+02 -1.182088500148824551e+03
1.050999999999999943e+02 -1.178249191933097109e+03
1.055000000000000142e+02 -1.182088500148824551e+03
1.060000000000000142e+02 -1.178249191933097109e+03
1.064000000000000057e+02 -1.182088500148824551e+03
1.069000000000000057e+02 -1.174409883717369667e+03
1.073000000000000114e+02 -1.174409883717369667e+03
1.078000000000000114e+02 -1.182088500148824551e+03
1.082000000000000171e+02 -1.174409883717369667e+03
1.087000000000000028e+02 -1.178249191933097109e+03
1.091000000000000085e+02 -1.174409883717369667e+03
1.096000000000000085e+02 -1.178249191933097109e+03
1.101000000000000085e+02 -1.166731267285914555e+03
1.105000000000000000e+02 -1.174409883717369667e+03
1.109999999999999858e+02 -1.162891959070207577e+03
1.114000000000000057e+02 -1.170570575501641997e+03
1.118999999999999915e+02 -1.159052650854480362e+03
1.122999999999999829e+02 -1.166731267285914555e+03
1.127999999999999829e+02 -1.174409883717369667e+03
1.131999999999999744e+02 -1.159052650854480362e+03
1.136999999999999886e+02 -1.159052650854480362e+03
1.140999999999999801e+02 -1.159052650854480362e+03
1.145999999999999801e+02 -1.155213342638752692e+03
1.150999999999999659e+02 -1.155213342638752692e+03
1.154999999999999574e+02 -1.151374034423025023e+03
1.159999999999999574e+02 -1.136016801560114800e+03
1.163999999999999631e+02 -1.151374034423025023e+03
1.168999999999999631e+02 -1.143695417991569911e+03
1.172999999999999545e+02 -1.151374034423025023e+03
1.177999999999999545e+02 -1.139856109775842469e+03
1.181999999999999460e+02 -1.147534726207297581e+03
1.186999999999999460e+02 -1.143695417991569911e+03
1.190999999999999375e+02 -1.143695417991569911e+03
1.195999999999999375e+02 -1.139856109775842469e+03
1.200999999999999375e+02 -1.124498876912932246e+03
1.204999999999999432e+02 -1.136016801560114800e+03
1.209999999999999432e+02 -1.124498876912932246e+03
1.213999999999999204e+02 -1.132177493344387358e+03
1.218999999999999204e+02 -1.136016801560114800e+03
1.222999999999999261e+02 -1.139856109775842469e+03
1.227999999999999261e+02 -1.143695417991569911e+03
1.231999999999999176e+02 -1.136016801560114800e+03
1.236999999999999176e+02 -1.136016801560114800e+03
1.240999999999999233e+02 -1.136016801560114800e+03
1.245999999999999091e+02 -1.136016801560114800e+03
1.250999999999999091e+02 -1.128338185128659916e+03
1.254999999999999147e+02 -1.128338185128659916e+03
1.259999999999998863e+02 -1.128338185128659916e+03
1.263999999999999062e+02 -1.132177493344387358e+03
1.268999999999999062e+02 -1.139856109775842469e+03
1.272999999999998835e+02 -1.143695417991569911e+03
1.277999999999998835e+02 -1.139856109775842469e+03
1.281999999999999034e+02 -1.136016801560114800e+03
1.286999999999999034e+02 -1.147534726207297581e+03
1.290999999999998806e+02 -1.139856109775842469e+03
1.295999999999998806e+02 -1.143695417991569911e+03
1.300999999999998806e+02 -1.132177493344387358e+03
1.304999999999998579e+02 -1.143695417991569911e+03
1.309999999999998579e+02 -1.147534726207297581e+03
1.313999999999998920e+02 -1.147534726207297581e+03
1.318999999999999204e+02 -1.143695417991569911e+03
1.322999999999999261e+02 -1.143695417991569911e+03
1.327999999999999261e+02 -1.151374034423025023e+03
1.331999999999999318e+02 -1.136016801560114800e+03
1.336999999999999318e+02 -1.151374034423025023e+03
1.340999999999999375e+02 -1.136016801560114800e+03
1.345999999999999659e+02 -1.162891959070207577e+03
1.350999999999999943e+02 -1.162891959070207577e+03
1.355000000000000000e+02 -1.155213342638752692e+03
1.360000000000000000e+02 -1.166731267285914555e+03
1.364000000000000341e+02 -1.162891959070207577e+03
1.369000000000000341e+02 -1.162891959070207577e+03
1.373000000000000398e+02 -1.162891959070207577e+03
1.378000000000000682e+02 -1.178249191933097109e+03
1.382000000000000739e+02 -1.170570575501641997e+03
1.387000000000001023e+02 -1.174409883717369667e+03
1.391000000000001080e+02 -1.162891959070207577e+03
1.396000000000001080e+02 -1.178249191933097109e+03
1.400000000000001137e+02 -1.162891959070207577e+03
1.405000000000001137e+02 -1.178249191933097109e+03
1.410000000000001421e+02 -1.189767116580279890e+03
1.414000000000001762e+02 -1.178249191933097109e+03
1.419000000000002046e+02 -1.197445733011735001e+03
1.423000000000002103e+02 -1.178249191933097109e+03
1.428000000000002103e+02 -1.193606424796007332e+03
1.432000000000002160e+02 -1.182088500148824551e+03
1.437000000000002160e+02 -1.201285041227462443e+03
1.441000000000002217e+02 -1.182088500148824551e+03
1.446000000000002501e+02 -1.193606424796007332e+03
1.450000000000002558e+02 -1.185927808364552220e+03
1.455000000000002842e+02 -1.193606424796007332e+03
1.460000000000002842e+02 -1.205124349443189885e+03
1.464000000000003183e+02 -1.197445733011735001e+03
1.469000000000003183e+02 -1.212802965874624306e+03
1.473000000000003240e+02 -1.197445733011735001e+03
1.478000000000003524e+02 -1.216642274090351975e+03
1.482000000000003581e+02 -1.208963657658896636e+03
1.487000000000003865e+02 -1.212802965874624306e+03
1.491000000000003922e+02 -1.208963657658896636e+03
1.496000000000003922e+02 -1.212802965874624306e+03
1.500000000000003979e+02 -1.220481582306079190e+03
1.505000000000003979e+02 -1.224320890521806859e+03
1.510000000000004263e+02 -1.212802965874624306e+03
1.514000000000004604e+02 -1.224320890521806859e+03
1.519000000000004889e+02 -1.220481582306079190e+03
1.523000000000004945e+02 -1.216642274090351975e+03
1.528000000000004945e+02 -1.228160198737534529e+03
1.532000000000005002e+02 -1.224320890521806859e+03
1.537000000000005002e+02 -1.228160198737534529e+03
1.541000000000005059e+02 -1.235838815168989640e+03
1.546000000000005343e+02 -1.220481582306079190e+03
1.550000000000005400e+02 -1.239678123384717082e+03
1.555000000000005684e+02 -1.220481582306079190e+03
1.560000000000005684e+02 -1.212802965874624306e+03
1.564000000000006025e+02 -1.228160198737534529e+03
1.569000000000006025e+02 -1.228160198737534529e+03
1.573000000000006082e+02 -1.224320890521806859e+03
1.578000000000006366e+02 -1.224320890521806859e+03
1.582000000000006423e+02 -1.235838815168989640e+03
1.587000000000006708e+02 -1.228160198737534529e+03
1.591000000000006764e+02 -1.239678123384717082e+03
1.596000000000006764e+02 -1.224320890521806859e+03
1.600000000000007105e+02 -1.247356739816172421e+03
1.605000000000007105e+02 -1.231999506953261971e+03
1.610000000000007390e+02 -1.212802965874624306e+03
1.614000000000007446e+02 -1.228160198737534529e+03
1.619000000000007731e+02 -1.212802965874624306e+03
1.623000000000007788e+02 -1.235838815168989640e+03
1.628000000000007788e+02 -1.220481582306079190e+03
1.632000000000007844e+02 -1.228160198737534529e+03
1.637000000000007844e+02 -1.216642274090351975e+03
1.641000000000007901e+02 -1.243517431600444752e+03
1.646000000000008185e+02 -1.224320890521806859e+03
1.650000000000008527e+02 -1.231999506953261971e+03
1.655000000000008811e+02 -1.208963657658896636e+03
1.660000000000008811e+02 -1.208963657658896636e+03
1.664000000000008868e+02 -1.212802965874624306e+03
1.669000000000008868e+02 -1.216642274090351975e+03
1.673000000000008924e+02 -1.224320890521806859e+03
1.678000000000009209e+02 -1.216642274090351975e+03
1.682000000000009265e+02 -1.235838815168989640e+03
1.687000000000009550e+02 -1.208963657658896636e+03
1.691000000000009607e+02 -1.231999506953261971e+03
1.696000000000009607e+02 -1.216642274090351975e+03
1.700000000000009948e+02 -1.224320890521806859e+03
1.705000000000009948e+02 -1.208963657658896636e+03
1.710000000000010232e+02 -1.228160198737534529e+03
1.714000000000010289e+02 -1.220481582306079190e+03
1.719000000000010573e+02 -1.224320890521806859e+03
1.723000000000010630e+02 -1.216642274090351975e+03
1.728000000000010630e+02 -1.228160198737534529e+03
1.732000000000010687e+02 -1.228160198737534529e+03
1.737000000000010687e+02 -1.228160198737534529e+03
1.741000000000010743e+02 -1.239678123384717082e+03
1.746000000000011028e+02 -1.212802965874624306e+03
1.750000000000011369e+02 -1.220481582306079190e+03
1.755000000000011653e+02 -1.228160198737534529e+03
1.760000000000011653e+02 -1.251196048031899636e+03
1.764000000000011710e+02 -1.224320890521806859e+03
1.769000000000011710e+02 -1.239678123384717082e+03
1.773000000000011767e+02 -1.228160198737534529e+03
1.778000000000012051e+02 -1.247356739816172421e+03
1.782000000000012108e+02 -1.235838815168989640e+03
1.787000000000012392e+02 -1.251196048031899636e+03
1.791000000000012449e+02 -1.239678123384717082e+03
1.796000000000012449e+02 -1.235838815168989640e+03
1.800000000000012790e+02 -1.231999506953261971e+03
1.805000000000012790e+02 -1.247356739816172421e+03
1.810000000000013074e+02 -1.281910513757699391e+03
1.814000000000013131e+02 -1.262713972679061726e+03
1.819000000000013415e+02 -1.281910513757699391e+03
1.823000000000013472e+02 -1.262713972679061726e+03
1.828000000000013472e+02 -1.270392589110516610e+03
1.832000000000013529e+02 -1.270392589110516610e+03
1.837000000000013529e+02 -1.266553280894789168e+03
1.841000000000013870e+02 -1.270392589110516610e+03
1.846000000000014154e+02 -1.266553280894789168e+03
1.850000000000014211e+02 -1.243517431600444752e+03
1.855000000000014495e+02 -1.281910513757699391e+03
1.860000000000014495e+02 -1.293428438404881945e+03
1.864000000000014552e+02 -1.289589130189154503e+03
1.869000000000014552e+02 -1.293428438404881945e+03
1.873000000000014609e+02 -1.297267746620609614e+03
1.878000000000014893e+02 -1.293428438404881945e+03
1.882000000000014950e+02 -1.301107054836316365e+03
1.887000000000015234e+02 -1.289589130189154503e+03
1.891000000000015575e+02 -1.289589130189154503e+03
1.896000000000015575e+02 -1.289589130189154503e+03
1.900000000000015632e+02 -1.281910513757699391e+03
1.905000000000015632e+02 -1.304946363052044035e+03
1.910000000000015916e+02 -1.308785671267771249e+03
1.914000000000015973e+02 -1.327982212346409142e+03
1.919000000000016257e+02 -1.297267746620609614e+03
1.923000000000016314e+02 -1.331821520562136811e+03
1.928000000000016314e+02 -1.285749821973427061e+03
1.932000000000016371e+02 -1.324142904130681700e+03
1.937000000000016371e+02 -1.301107054836316365e+03
1.941000000000016712e+02 -1.304946363052044035e+03
1.946000000000016996e+02 -1.301107054836316365e+03
1.950000000000017053e+02 -1.301107054836316365e+03
1.955000000000017337e+02 -1.316464287699226588e+03
1.960000000000017337e+02 -1.297267746620609614e+03
1.964000000000017394e+02 -1.324142904130681700e+03
1.969000000000017394e+02 -1.281910513757699391e+03
1.973000000000017451e+02 -1.331821520562136811e+03
1.978000000000017735e+02 -1.274231897326244280e+03
1.982000000000017792e+02 -1.316464287699226588e+03
1.987000000000018076e+02 -1.285749821973427061e+03
1.991000000000018417e+02 -1.308785671267771249e+03
1.996000000000018417e+02 -1.301107054836316365e+03
2.005000000000000000e+02 -1.316464287699226588e+03
2.010000000000000000e+02 -1.304946363052044035e+03
2.014000000000000341e+02 -1.320303595914954030e+03
2.019000000000000341e+02 -1.316464287699226588e+03
2.023000000000000114e+02 -1.304946363052044035e+03
2.028000000000000114e+02 -1.316464287699226588e+03
2.032000000000000171e+02 -1.301107054836316365e+03
2.037000000000000171e+02 -1.312624979483498919e+03
2.040999999999999943e+02 -1.304946363052044035e+03
2.045999999999999943e+02 -1.316464287699226588e+03
2.050999999999999943e+02 -1.270392589110516610e+03
2.055000000000000284e+02 -1.308785671267771249e+03
2.060000000000000284e+02 -1.266553280894789168e+03
2.064000000000000341e+02 -1.285749821973427061e+03
2.069000000000000341e+02 -1.270392589110516610e+03
2.073000000000000114e+02 -1.262713972679061726e+03
2.078000000000000114e+02 -1.266553280894789168e+03
2.082000000000000171e+02 -1.266553280894789168e+03
2.087000000000000171e+02 -1.262713972679061726e+03
2.090999999999999943e+02 -1.270392589110516610e+03
2.096000000000000227e+02 -1.258874664463334057e+03
2.101000000000000227e+02 -1.205124349443189885e+03
2.105000000000000000e+02 -1.228160198737534529e+03
2.110000000000000000e+02 -1.189767116580279890e+03
2.114000000000000057e+02 -1.205124349443189885e+03
2.119000000000000057e+02 -1.189767116580279890e+03
2.122999999999999829e+02 -1.178249191933097109e+03
2.127999999999999829e+02 -1.182088500148824551e+03
2.131999999999999886e+02 -1.174409883717369667e+03
2.136999999999999602e+02 -1.174409883717369667e+03
2.140999999999999943e+02 -1.178249191933097109e+03
2.145999999999999943e+02 -1.159052650854480362e+03
2.150999999999999943e+02 -1.124498876912932246e+03
2.154999999999999716e+02 -1.128338185128659916e+03
2.159999999999999716e+02 -1.116820260481498053e+03
2.163999999999999773e+02 -1.109141644050042942e+03
2.168999999999999488e+02 -1.120659568697204577e+03
2.172999999999999545e+02 -1.089945102971405049e+03
2.177999999999999545e+02 -1.128338185128659916e+03
2.181999999999999602e+02 -1.093784411187132491e+03
2.186999999999999602e+02 -1.109141644050042942e+03
2.190999999999999659e+02 -1.116820260481498053e+03
2.195999999999999659e+02 -1.097623719402860161e+03
2.200999999999999375e+02 -1.078427178324222496e+03
2.204999999999999432e+02 -1.063069945461332964e+03
2.209999999999999432e+02 -1.082266486539949938e+03
2.213999999999999204e+02 -1.043873404382695298e+03
2.218999999999999204e+02 -1.105302335834315272e+03
2.222999999999999545e+02 -1.047712712598422740e+03
2.227999999999999545e+02 -1.116820260481498053e+03
2.231999999999999318e+02 -1.063069945461332964e+03
2.236999999999999318e+02 -1.105302335834315272e+03
2.240999999999999091e+02 -1.101463027618587830e+03
2.245999999999999091e+02 -1.082266486539949938e+03
2.250999999999999091e+02 -1.109141644050042942e+03
2.254999999999999147e+02 -1.059230637245605521e+03
2.259999999999999147e+02 -1.116820260481498053e+03
2.263999999999999204e+02 -1.055391329029877852e+03
2.268999999999999204e+02 -1.136016801560114800e+03
2.272999999999998977e+02 -1.066909253677060633e+03
2.277999999999998977e+02 -1.147534726207297581e+03
2.281999999999999034e+02 -1.093784411187132491e+03
2.286999999999999034e+02 -1.128338185128659916e+03
2.290999999999998806e+02 -1.116820260481498053e+03
2.295999999999998806e+02 -1.101463027618587830e+03
2.300999999999998806e+02 -1.155213342638752692e+03
2.304999999999998579e+02 -1.086105794755677607e+03
2.309999999999998863e+02 -1.166731267285914555e+03
2.313999999999998920e+02 -1.078427178324222496e+03
2.318999999999998920e+02 -1.182088500148824551e+03
2.322999999999998977e+02 -1.109141644050042942e+03
2.327999999999999261e+02 -1.182088500148824551e+03
2.331999999999999318e+02 -1.136016801560114800e+03
2.336999999999999602e+02 -1.162891959070207577e+03
2.340999999999999659e+02 -1.139856109775842469e+03
2.345999999999999659e+02 -1.128338185128659916e+03
2.350999999999999659e+02 -1.193606424796007332e+03
2.355000000000000000e+02 -1.124498876912932246e+03
2.360000000000000284e+02 -1.216642274090351975e+03
2.364000000000000341e+02 -1.132177493344387358e+03
2.369000000000000625e+02 -1.224320890521806859e+03
2.373000000000000682e+02 -1.170570575501641997e+03
2.378000000000000682e+02 -1.216642274090351975e+03
2.382000000000000739e+02 -1.174409883717369667e+03
2.387000000000000739e+02 -1.182088500148824551e+03
2.391000000000000796e+02 -1.182088500148824551e+03
2.396000000000001080e+02 -1.151374034423025023e+03
2.400000000000001421e+02 -1.182088500148824551e+03
2.405000000000001705e+02 -1.159052650854480362e+03
2.410000000000001705e+02 -1.235838815168989640e+03
2.414000000000001762e+02 -1.166731267285914555e+03
2.419000000000001762e+02 -1.228160198737534529e+03
2.423000000000001819e+02 -1.197445733011735001e+03
2.428000000000002103e+02 -1.212802965874624306e+03
2.432000000000002160e+02 -1.216642274090351975e+03
2.437000000000002444e+02 -1.166731267285914555e+03
2.441000000000002501e+02 -1.216642274090351975e+03
2.446000000000002501e+02 -1.143695417991569911e+03
2.450000000000002842e+02 -1.205124349443189885e+03
2.455000000000002842e+02 -1.159052650854480362e+03
2.460000000000003126e+02 -1.216642274090351975e+03
2.464000000000003183e+02 -1.193606424796007332e+03
2.469000000000003467e+02 -1.205124349443189885e+03
2.473000000000003524e+02 -1.197445733011735001e+03
2.478000000000003524e+02 -1.178249191933097109e+03
2.482000000000003581e+02 -1.216642274090351975e+03
2.487000000000003581e+02 -1.147534726207297581e+03
2.491000000000003638e+02 -1.201285041227462443e+03
2.496000000000003922e+02 -1.136016801560114800e+03
2.500000000000004547e+02 -1.193606424796007332e+03
2.505000000000004547e+02 -1.136016801560114800e+03
2.510000000000004547e+02 -1.178249191933097109e+03
2.514000000000004604e+02 -1.174409883717369667e+03
2.519000000000004604e+02 -1.162891959070207577e+03
2.523000000000004661e+02 -1.178249191933097109e+03
2.528000000000004661e+02 -1.128338185128659916e+03
2.532000000000005286e+02 -1.174409883717369667e+03
2.537000000000005286e+02 -1.105302335834315272e+03
2.541000000000005343e+02 -1.166731267285914555e+03
2.546000000000005343e+02 -1.086105794755677607e+03
2.550000000000005684e+02 -1.155213342638752692e+03
2.555000000000005684e+02 -1.109141644050042942e+03
2.560000000000005684e+02 -1.143695417991569911e+03
2.564000000000006025e+02 -1.143695417991569911e+03
2.569000000000006025e+02 -1.132177493344387358e+03
2.573000000000006366e+02 -1.136016801560114800e+03
2.578000000000006366e+02 -1.101463027618587830e+03
2.582000000000006708e+02 -1.139856109775842469e+03
2.587000000000006708e+02 -1.078427178324222496e+03
2.591000000000006480e+02 -1.124498876912932246e+03
2.596000000000007049e+02 -1.059230637245605521e+03
2.600000000000006821e+02 -1.101463027618587830e+03
2.605000000000007390e+02 -1.093784411187132491e+03
2.610000000000007390e+02 -1.139856109775842469e+03
2.614000000000007162e+02 -1.116820260481498053e+03
2.619000000000007162e+02 -1.116820260481498053e+03
2.623000000000007503e+02 -1.116820260481498053e+03
2.628000000000008072e+02 -1.097623719402860161e+03
2.632000000000007844e+02 -1.109141644050042942e+03
2.637000000000008413e+02 -1.078427178324222496e+03
2.641000000000008185e+02 -1.089945102971405049e+03
2.646000000000008185e+02 -1.086105794755677607e+03
2.650000000000008527e+02 -1.059230637245605521e+03
2.655000000000008527e+02 -1.109141644050042942e+03
2.660000000000009095e+02 -1.159052650854480362e+03
2.664000000000008868e+02 -1.139856109775842469e+03
2.669000000000008868e+02 -1.136016801560114800e+03
2.673000000000009209e+02 -1.136016801560114800e+03
2.678000000000009209e+02 -1.124498876912932246e+03
2.682000000000009550e+02 -1.116820260481498053e+03
2.687000000000009550e+02 -1.124498876912932246e+03
2.691000000000009322e+02 -1.093784411187132491e+03
2.696000000000009322e+02 -1.124498876912932246e+03
2.700000000000010232e+02 -1.051552020814150410e+03
2.705000000000010232e+02 -1.166731267285914555e+03
2.710000000000010232e+02 -1.212802965874624306e+03
2.714000000000010573e+02 -1.201285041227462443e+03
2.719000000000010573e+02 -1.174409883717369667e+03
2.723000000000010346e+02 -1.189767116580279890e+03
2.728000000000010346e+02 -1.185927808364552220e+03
2.732000000000011255e+02 -1.159052650854480362e+03
2.737000000000011255e+02 -1.178249191933097109e+03
2.741000000000011028e+02 -1.124498876912932246e+03
2.746000000000011028e+02 -1.189767116580279890e+03
2.750000000000011369e+02 -1.082266486539949938e+03
2.755000000000011369e+02 -1.239678123384717082e+03
2.760000000000011369e+02 -1.243517431600444752e+03
2.764000000000012278e+02 -1.266553280894789168e+03
2.769000000000012278e+02 -1.251196048031899636e+03
2.773000000000012051e+02 -1.251196048031899636e+03
2.778000000000012051e+02 -1.251196048031899636e+03
2.782000000000012392e+02 -1.185927808364552220e+03
2.787000000000012392e+02 -1.239678123384717082e+03
2.791000000000012164e+02 -1.151374034423025023e+03
2.796000000000012733e+02 -1.251196048031899636e+03
2.800000000000012506e+02 -1.124498876912932246e+03
2.805000000000013074e+02 -1.312624979483498919e+03
2.810000000000013074e+02 -1.239678123384717082e+03
2.814000000000013415e+02 -1.327982212346409142e+03
2.819000000000013415e+02 -1.224320890521806859e+03
2.823000000000013188e+02 -1.281910513757699391e+03
2.828000000000013756e+02 -1.231999506953261971e+03
2.832000000000013529e+02 -1.208963657658896636e+03
2.837000000000014097e+02 -1.243517431600444752e+03
2.841000000000013870e+02 -1.182088500148824551e+03
2.846000000000013870e+02 -1.293428438404881945e+03
2.850000000000014211e+02 -1.147534726207297581e+03
2.855000000000014211e+02 -1.351018061640753558e+03
2.860000000000014779e+02 -1.189767116580279890e+03
2.864000000000014552e+02 -1.354857369856481228e+03
2.869000000000015120e+02 -1.182088500148824551e+03
2.873000000000014893e+02 -1.281910513757699391e+03
2.878000000000014893e+02 -1.208963657658896636e+03
2.882000000000015234e+02 -1.178249191933097109e+03
2.887000000000015234e+02 -1.208963657658896636e+03
2.891000000000015007e+02 -1.162891959070207577e+03
2.896000000000015007e+02 -1.266553280894789168e+03
2.900000000000015916e+02 -1.139856109775842469e+03
2.905000000000015916e+02 -1.320303595914954030e+03
2.910000000000015916e+02 -1.112980952265770384e+03
2.914000000000016257e+02 -1.312624979483498919e+03
2.919000000000016257e+02 -1.105302335834315272e+03
2.923000000000016030e+02 -1.205124349443189885e+03
2.928000000000016030e+02 -1.162891959070207577e+03
2.932000000000016939e+02 -1.112980952265770384e+03
2.937000000000016939e+02 -1.193606424796007332e+03
2.941000000000016712e+02 -1.089945102971405049e+03
2.946000000000016712e+02 -1.247356739816172421e+03
2.950000000000017053e+02 -1.120659568697204577e+03
2.955000000000017053e+02 -1.301107054836316365e+03
2.960000000000017053e+02 -1.040034096166967856e+03
2.964000000000017963e+02 -1.243517431600444752e+03
2.969000000000017963e+02 -1.055391329029877852e+03
2.973000000000017735e+02 -1.105302335834315272e+03
2.978000000000017735e+02 -1.124498876912932246e+03
2.982000000000018076e+02 -1.009319630441168101e+03
2.987000000000018076e+02 -1.189767116580279890e+03
2.991000000000017849e+02 -1.001641014009713103e+03
2.996000000000018417e+02 -1.208963657658896636e+03
