0.000000000000000000e+00 0.000000000000000000e+00
5.000000000000000000e-01 -3.201457314172367207e-07
1.000000000000000222e+00 -1.560963102540572773e-06
1.400000000000000355e+00 -2.793027619268454078e-06
1.900000000000000577e+00 -5.233732263944900197e-06
2.299999999999999822e+00 -7.235584063386380979e-06
2.799999999999998934e+00 -1.070733778874276682e-05
3.199999999999998401e+00 -1.258304787778271476e-05
3.699999999999997513e+00 -1.635197850399356366e-05
4.099999999999997868e+00 -1.786142358531990666e-05
4.599999999999998757e+00 -2.207225866320651687e-05
5.100000000000000533e+00 -2.566593375823168812e-05
5.500000000000001776e+00 -2.704434994419610539e-05
6.000000000000002665e+00 -3.040365468518546529e-05
6.400000000000003908e+00 -3.150882428081682411e-05
6.900000000000004796e+00 -3.584336869400492792e-05
7.300000000000006040e+00 -3.625469765390145502e-05
7.800000000000007816e+00 -4.083946628033922286e-05
8.200000000000006395e+00 -3.932886229152928397e-05
8.700000000000002842e+00 -4.480835357417541271e-05
9.099999999999999645e+00 -4.406738004782408623e-05
9.599999999999997868e+00 -4.802536961871057918e-05
1.009999999999999432e+01 -5.029808300498478781e-05
1.049999999999999112e+01 -4.912191914559519909e-05
1.099999999999998934e+01 -5.200319263470352076e-05
1.139999999999998614e+01 -4.984263528336079673e-05
1.189999999999998437e+01 -5.300616210178294520e-05
1.229999999999998117e+01 -5.021714703940821390e-05
1.279999999999997762e+01 -5.517833057217019543e-05
1.319999999999997620e+01 -4.901466421158079867e-05
1.369999999999997264e+01 -5.450826541749246218e-05
1.409999999999996945e+01 -4.934530405698341066e-05
1.459999999999996767e+01 -5.389353289745964004e-05
1.509999999999996412e+01 -5.373739619114815719e-05
1.549999999999996092e+01 -4.920591377373182546e-05
1.599999999999995914e+01 -5.031447983628269311e-05
1.639999999999995595e+01 -4.652151037786668230e-05
1.689999999999995239e+01 -4.824556246027613185e-05
1.729999999999995097e+01 -4.282166057646822249e-05
1.779999999999994742e+01 -4.568498603431415397e-05
1.819999999999994600e+01 -3.796551031028439941e-05
1.869999999999994245e+01 -4.156710716538355868e-05
1.909999999999994102e+01 -3.372575263331829837e-05
1.959999999999993747e+01 -3.695843434390216783e-05
2.009999999999993392e+01 -3.331778576336705142e-05
2.049999999999993250e+01 -2.854813642412881453e-05
2.099999999999992895e+01 -2.726782372829247682e-05
2.139999999999992752e+01 -2.300638683721828047e-05
2.189999999999992397e+01 -2.243422755703020454e-05
2.229999999999991900e+01 -1.573343282439181251e-05
2.279999999999991900e+01 -1.626298790881600248e-05
2.319999999999991402e+01 -1.017045866603017053e-05
2.369999999999991047e+01 -1.130140685115145318e-05
2.409999999999990905e+01 -5.170448314776418568e-06
2.459999999999990550e+01 -7.805160443103297373e-06
2.509999999999990195e+01 -6.352897800182258882e-06
2.549999999999990052e+01 -5.581890253205413094e-06
2.599999999999989697e+01 -5.296910019504193058e-06
2.639999999999989555e+01 -4.506046678160235611e-06
2.689999999999989200e+01 -6.250645004186305016e-06
2.729999999999989058e+01 -4.128150894009749016e-06
2.779999999999988702e+01 -5.281362480593916852e-06
2.819999999999988560e+01 -4.042695042337311254e-06
2.869999999999988205e+01 -5.366340941552995565e-06
2.909999999999988063e+01 -3.746339948162670657e-06
2.959999999999987708e+01 -3.719250915596891458e-06
3.009999999999987352e+01 -3.159617842500232591e-06
3.049999999999987210e+01 -4.177036085118152116e-06
3.099999999999986855e+01 -4.687668395773903347e-06
3.139999999999987068e+01 -3.995222039902995880e-06
3.189999999999988844e+01 -4.821759296834849106e-06
3.229999999999989768e+01 -4.124872952624184744e-06
3.279999999999991189e+01 -4.518757334340931889e-06
3.319999999999992468e+01 -3.967592706341041236e-06
3.369999999999993889e+01 -3.810776307567815874e-06
3.409999999999995168e+01 -4.759638487073863483e-06
3.459999999999996589e+01 -2.098595733341893194e-06
3.509999999999998010e+01 -1.802021378758354641e-06
3.549999999999999289e+01 -3.215000883372162193e-06
3.600000000000000711e+01 -4.048788558677134539e-06
3.640000000000001279e+01 -2.768214994650564496e-06
3.690000000000002700e+01 -3.504425835129708352e-06
3.730000000000003979e+01 -3.702600554877276284e-06
3.780000000000005400e+01 -4.120934137766321998e-06
3.820000000000006679e+01 -4.192764628810268247e-06
3.870000000000008100e+01 -2.771839718528326378e-06
3.910000000000009379e+01 -5.144744045673348476e-06
3.960000000000010800e+01 -2.360954891860044097e-06
4.000000000000012079e+01 -5.943846565076895335e-06
4.050000000000013500e+01 -1.106895703893909149e-06
4.100000000000014921e+01 -1.847917204962274177e-06
4.140000000000016200e+01 -2.617683863975160189e-06
4.190000000000017621e+01 -3.134987175914966061e-06
4.230000000000018190e+01 -2.504434451917878610e-06
4.280000000000019611e+01 -3.269745861851659899e-06
4.320000000000020890e+01 -3.899095492338192965e-06
4.370000000000022311e+01 -2.900799130885694339e-06
4.410000000000023590e+01 -4.195616305565524375e-06
4.460000000000025011e+01 -2.322162972301594039e-06
4.500000000000026290e+01 -5.816696880073598955e-06
4.550000000000027711e+01 -2.026189698084074667e-06
4.600000000000029132e+01 -1.866015035813399828e-06
4.640000000000030411e+01 -2.041618791694302897e-06
4.690000000000031832e+01 -2.838338227744445681e-06
4.730000000000033111e+01 -2.737971863235187149e-06
4.780000000000034532e+01 -3.221075405158020769e-06
4.820000000000035101e+01 -3.469590325510168099e-06
4.870000000000036522e+01 -3.530771252094763127e-06
4.910000000000037801e+01 -4.256990714074767652e-06
4.960000000000039222e+01 -3.368739024541550232e-06
5.000000000000040501e+01 -5.259236584835715018e-06
5.050000000000041922e+01 -3.185788799323748465e-06
5.100000000000043343e+01 -4.198095538971586811e-06
5.140000000000044622e+01 -2.307541237885496623e-06
5.190000000000046043e+01 -4.107991742931717819e-06
5.230000000000047322e+01 -3.215483597454872432e-06
5.280000000000048743e+01 -4.037306570674362936e-06
5.320000000000050022e+01 -2.496819959673483993e-06
5.370000000000051443e+01 -4.251608277079629080e-06
5.410000000000052012e+01 -3.806044355576995166e-06
5.460000000000053433e+01 -4.000910980896765334e-06
5.500000000000054712e+01 -2.969949199254713390e-06
5.550000000000056133e+01 -3.691649884740049776e-06
5.600000000000057554e+01 -7.564032040567489302e-06
5.640000000000058833e+01 -2.240023728022041743e-06
5.690000000000060254e+01 -5.482407953477476457e-06
5.730000000000061533e+01 -2.605619989854915933e-06
5.780000000000062954e+01 -5.651124481032077307e-06
5.820000000000064233e+01 -2.564481145583357807e-06
5.870000000000065654e+01 -4.541684186387198334e-06
5.910000000000066933e+01 -3.711198694475354744e-06
5.960000000000068354e+01 -5.381594461935265391e-06
6.000000000000068923e+01 -2.450150812161646643e-06
6.050000000000070344e+01 -4.054425114339969306e-06
6.100000000000071765e+01 -8.557657484023255891e-06
6.140000000000073044e+01 -2.950569315714546764e-06
6.190000000000074465e+01 -7.510596246409332769e-06
6.230000000000075744e+01 -1.402418194139298850e-06
6.280000000000077165e+01 -6.189345816851294735e-06
6.320000000000078444e+01 -2.069333770959204811e-06
6.370000000000079865e+01 -5.503687213793362842e-06
6.410000000000080433e+01 -1.943804451868371482e-06
6.460000000000081855e+01 -4.587887591699234307e-06
6.500000000000083844e+01 -1.694076439083271160e-06
6.550000000000085265e+01 -4.099015625517331605e-06
6.600000000000086686e+01 -6.745656655317094040e-06
6.640000000000087255e+01 -3.588485312616042518e-06
6.690000000000088676e+01 -6.606028728704901632e-06
6.730000000000090665e+01 -1.942013493462521416e-06
6.780000000000092086e+01 -5.526253057377201772e-06
6.820000000000092655e+01 -2.453429993890589864e-06
6.870000000000094076e+01 -5.232682272957785852e-06
6.910000000000094644e+01 -1.718582841550297675e-06
6.960000000000096065e+01 -3.930334617982324420e-06
7.000000000000098055e+01 -2.407884399788520025e-06
7.050000000000099476e+01 -4.499646857674546667e-06
7.100000000000100897e+01 -3.239411995585322906e-06
7.140000000000101466e+01 -3.766917175093595057e-06
7.190000000000102887e+01 -3.586660474777374105e-06
7.230000000000104876e+01 -3.709134489229243378e-06
7.280000000000106297e+01 -3.039486277666394234e-06
7.320000000000106866e+01 -2.581301542218421893e-06
7.370000000000108287e+01 -3.050344805225407374e-06
7.410000000000108855e+01 -2.354887989057195526e-06
7.460000000000110276e+01 -2.207548634272263983e-06
7.500000000000112266e+01 -1.831709058527716144e-06
7.550000000000113687e+01 -3.183860990785164252e-06
7.600000000000115108e+01 -2.026883612371304809e-07
7.640000000000115676e+01 -4.377803779129242070e-06
7.690000000000117097e+01 -1.364203490857664224e-07
7.730000000000119087e+01 -4.893966779554993719e-06
7.780000000000120508e+01 -9.053631668230731897e-07
7.820000000000121076e+01 -4.421068428777493386e-06
7.870000000000122498e+01 1.058340040881990075e-07
7.910000000000124487e+01 -3.947717883807156422e-06
7.960000000000125908e+01 -1.051136141134394170e-06
8.000000000000126477e+01 -3.899573053029888704e-06
8.050000000000127898e+01 -1.902139016025612624e-06
8.100000000000129319e+01 1.220330019286026654e-06
8.140000000000129887e+01 -4.181411886203044410e-06
8.190000000000131308e+01 4.912948617592588984e-07
8.230000000000133298e+01 -4.150280644430240622e-06
8.280000000000134719e+01 6.373857514461539692e-07
8.320000000000135287e+01 -4.279116966494826653e-06
8.370000000000136708e+01 1.100846917563873592e-06
8.410000000000138698e+01 -3.917499886932571400e-06
8.460000000000140119e+01 1.746819151212349107e-07
8.500000000000140687e+01 -4.998649625308124970e-06
8.550000000000142109e+01 -5.934429287112484629e-07
8.600000000000143530e+01 -7.314563877556109703e-07
8.640000000000144098e+01 -2.783941296525778360e-06
8.690000000000145519e+01 -1.244771309545198188e-06
8.730000000000147509e+01 -2.988433937107789833e-06
8.780000000000148930e+01 -3.068187539488758677e-07
8.820000000000149498e+01 -3.599743149713364537e-06
8.870000000000150919e+01 -1.071203415561264581e-06
8.910000000000152909e+01 -2.819946979637156972e-06
8.960000000000154330e+01 -9.495050011356292530e-07
9.000000000000154898e+01 -4.851649634687286457e-06
9.050000000000156319e+01 -2.252437492776779055e-06
9.100000000000157740e+01 -4.807180146746912048e-06
9.140000000000159730e+01 -1.088338862333033838e-06
9.190000000000161151e+01 -4.364230612893941791e-06
9.230000000000161720e+01 -1.589196847932388524e-06
9.280000000000163141e+01 -3.346979726078217387e-06
9.320000000000163709e+01 1.723535903222416454e-08
9.370000000000165130e+01 -4.008998788367563505e-06
9.410000000000167120e+01 -1.078559334803451630e-06
9.460000000000168541e+01 -4.335067044043539714e-06
9.500000000000169109e+01 -1.008198030711676013e-06
9.550000000000170530e+01 -4.596234762466473570e-06
9.600000000000171951e+01 -8.163869374219467890e-06
9.640000000000173941e+01 -1.492739766294962875e-06
9.690000000000175362e+01 -5.892951456546701572e-06
9.730000000000175930e+01 -6.625453521677398280e-07
9.780000000000177351e+01 -6.364024827146305387e-06
9.820000000000177920e+01 9.603047470102883839e-07
9.870000000000179341e+01 -6.997100426718852250e-06
9.910000000000181331e+01 2.559509229731597745e-07
9.960000000000182752e+01 -7.736793483607004514e-06
1.005000000000000000e+02 2.321539185920192748e-06
1.010000000000000000e+02 -2.226200591043834897e-06
1.014000000000000057e+02 1.448546369555627085e-06
1.019000000000000057e+02 -3.405605252001348525e-06
1.022999999999999972e+02 9.456170630929970774e-07
1.027999999999999972e+02 -4.852583633489793575e-06
1.032000000000000028e+02 1.656508093276235833e-06
1.037000000000000028e+02 -3.644205099392545298e-06
1.040999999999999943e+02 2.452110030287889513e-07
1.045999999999999943e+02 -3.109659040606772606e-06
1.050999999999999943e+02 -4.508253237086104481e-06
1.055000000000000142e+02 1.595993126162047882e-06
1.060000000000000142e+02 -3.268431712112432363e-06
1.064000000000000057e+02 2.348579155232867710e-06
1.069000000000000057e+02 -3.023926547412814021e-06
1.073000000000000114e+02 3.968769564162466149e-06
1.078000000000000114e+02 -2.941398442156744692e-06
1.082000000000000171e+02 3.318156334200065844e-06
1.087000000000000028e+02 -2.729986495297143334e-06
1.091000000000000085e+02 4.319988395297767313e-06
1.096000000000000085e+02 -8.986942283329663159e-07
1.101000000000000085e+02 -3.788353509756991474e-06
1.105000000000000000e+02 3.098197968672535349e-06
1.109999999999999858e+02 -1.614050550647277922e-06
1.114000000000000057e+02 4.849432066642962128e-06
1.118999999999999915e+02 -1.568792463308803220e-06
1.122999999999999829e+02 5.771114999417611372e-06
1.127999999999999829e+02 -8.693896339682557204e-07
1.131999999999999744e+02 4.324919874278587202e-06
1.136999999999999886e+02 -6.177683219632763639e-07
1.140999999999999801e+02 4.103062780908030147e-06
1.145999999999999801e+02 1.070691432319224715e-06
1.150999999999999659e+02 -3.155525641085941502e-07
1.154999999999999574e+02 1.998567418195129272e-06
1.159999999999999574e+02 -4.164649068089466605e-07
1.163999999999999631e+02 3.899357004341651357e-06
1.168999999999999631e+02 -4.331774903490620847e-07
1.172999999999999545e+02 2.156342405691915367e-06
1.177999999999999545e+02 -1.049776440179101488e-06
1.181999999999999460e+02 1.783531579125959140e-06
1.186999999999999460e+02 -4.153225172587985434e-07
1.190999999999999375e+02 -1.577668027745413883e-07
1.195999999999999375e+02 1.713929335350023678e-06
1.200999999999999375e+02 3.496113726959072007e-06
1.204999999999999432e+02 4.892588084866299496e-07
1.209999999999999432e+02 1.323604963831973361e-07
1.213999999999999204e+02 7.278250883538797732e-07
1.218999999999999204e+02 2.123606131455092793e-08
1.222999999999999261e+02 -1.875661956728846602e-06
1.227999999999999261e+02 -1.945520224268796521e-06
1.231999999999999176e+02 -2.899024546026937767e-06
1.236999999999999176e+02 6.479933127952596113e-07
1.240999999999999233e+02 -5.242683282266004694e-06
1.245999999999999091e+02 1.298174960553400006e-06
1.250999999999999091e+02 5.803646666782962834e-06
1.254999999999999147e+02 -6.828338277791835365e-07
1.259999999999998863e+02 1.637943314448073883e-06
1.263999999999999062e+02 -3.303002663234970746e-06
1.268999999999999062e+02 -9.860176461845627832e-08
1.272999999999998835e+02 -4.450673033363591771e-06
1.277999999999998835e+02 -2.625772578557893772e-07
1.281999999999999034e+02 -6.579764037778874718e-06
1.286999999999999034e+02 2.277728481048283099e-06
1.290999999999998806e+02 -6.952267932990973119e-06
1.295999999999998806e+02 3.396724360905722462e-06
1.300999999999998806e+02 7.054230732451086800e-06
1.304999999999998579e+02 5.019458840525213529e-07
1.309999999999998579e+02 3.425813484550045072e-06
1.313999999999998920e+02 -2.591350550940668056e-06
1.318999999999999204e+02 7.747325961869846902e-07
1.322999999999999261e+02 -3.891048702863076123e-06
1.327999999999999261e+02 1.985855105373630469e-06
1.331999999999999318e+02 -6.873902848566792637e-06
1.336999999999999318e+02 3.345700745824162691e-06
1.340999999999999375e+02 -6.577688895307076325e-06
1.345999999999999659e+02 5.468200409869545929e-06
1.350999999999999943e+02 2.686545308244388545e-06
1.355000000000000000e+02 7.777734201467706139e-07
1.360000000000000000e+02 2.999348469374391718e-07
1.364000000000000341e+02 -2.153471033373568702e-06
1.369000000000000341e+02 -1.179860275147095235e-06
1.373000000000000398e+02 -4.931605589983783220e-06
1.378000000000000682e+02 1.331941263885940747e-06
1.382000000000000739e+02 -5.685344936305552701e-06
1.387000000000001023e+02 2.758273853116273314e-06
1.391000000000001080e+02 -5.950318739077763467e-06
1.396000000000001080e+02 4.273029129492279983e-06
1.400000000000001137e+02 -4.457222581699197677e-06
1.405000000000001137e+02 2.522059108796356091e-06
1.410000000000001421e+02 -7.672214182138500037e-06
1.414000000000001762e+02 7.423790218106146631e-07
1.419000000000002046e+02 -4.341525893132580638e-06
1.423000000000002103e+02 -1.974264854254716866e-06
1.428000000000002103e+02 -1.569398916190931016e-06
1.432000000000002160e+02 -3.120520619756985260e-06
1.437000000000002160e+02 1.767078623135812045e-06
1.441000000000002217e+02 -3.143516890572885356e-06
1.446000000000002501e+02 1.667113294517111750e-06
1.450000000000002558e+02 -1.430364693475327396e-06
1.455000000000002842e+02 -1.279093145927009137e-06
1.460000000000002842e+02 -1.512491827528871725e-05
1.464000000000003183e+02 -1.772421114455263589e-06
1.469000000000003183e+02 -9.782058991928758827e-06
1.473000000000003240e+02 -1.353869907632173795e-06
1.478000000000003524e+02 -4.981244541709434513e-06
1.482000000000003581e+02 -1.461793584615900254e-06
1.487000000000003865e+02 -1.597512747365110298e-06
1.491000000000003922e+02 5.757515959252271307e-07
1.496000000000003922e+02 -2.679867429714970206e-06
1.500000000000003979e+02 1.880583719553970731e-06
1.505000000000003979e+02 -5.686975683576001803e-06
1.510000000000004263e+02 -1.701618820747930960e-05
1.514000000000004604e+02 -3.543306045431266225e-06
1.519000000000004889e+02 -9.678134415528713455e-06
1.523000000000004945e+02 -9.935815477613616864e-07
1.528000000000004945e+02 -3.734659172620345463e-06
1.532000000000005002e+02 -1.315756986431566459e-06
1.537000000000005002e+02 -2.521726681671164813e-06
1.541000000000005059e+02 1.775690986283300245e-06
1.546000000000005343e+02 -3.582611324152287427e-06
1.550000000000005400e+02 1.906604812847291052e-06
1.555000000000005684e+02 -9.239776519010680327e-06
1.560000000000005684e+02 -1.159038413362778859e-05
1.564000000000006025e+02 -7.039006347003494131e-06
1.569000000000006025e+02 -4.171069726244649637e-06
1.573000000000006082e+02 -6.458021510691768565e-06
1.578000000000006366e+02 -1.129411865455005653e-07
1.582000000000006423e+02 -2.637587774071922277e-06
1.587000000000006708e+02 -8.567286118788249656e-07
1.591000000000006764e+02 1.663809595020134219e-07
1.596000000000006764e+02 -3.546699039661198018e-06
1.600000000000007105e+02 1.741035965840551298e-06
1.605000000000007105e+02 -8.591132831683680931e-06
1.610000000000007390e+02 -1.092848561504678552e-06
1.614000000000007446e+02 -7.953648139236718385e-06
1.619000000000007731e+02 5.793525209575991678e-06
1.623000000000007788e+02 -7.967376151297443811e-06
1.628000000000007788e+02 5.981215979227862085e-06
1.632000000000007844e+02 -4.258919856544554123e-06
1.637000000000007844e+02 4.047973591045342156e-06
1.641000000000007901e+02 -4.152714379976113810e-06
1.646000000000008185e+02 -1.976993423533857178e-06
1.650000000000008527e+02 -2.139149003241993472e-06
1.655000000000008811e+02 -5.435432629032263665e-06
1.660000000000008811e+02 1.077231040980734960e-05
1.664000000000008868e+02 -9.746881286691224517e-06
1.669000000000008868e+02 1.386170711823234408e-05
1.673000000000008924e+02 -1.022102014505221087e-05
1.678000000000009209e+02 9.958040790961220762e-06
1.682000000000009265e+02 -7.850757652643915700e-06
1.687000000000009550e+02 6.871368743204277863e-06
1.691000000000009607e+02 -6.431362460899957831e-06
1.696000000000009607e+02 1.516039183561946978e-06
1.700000000000009948e+02 -5.904154501832558174e-06
1.705000000000009948e+02 1.276344843875256189e-07
1.710000000000010232e+02 1.592465877309248544e-05
1.714000000000010289e+02 -6.436016946659954010e-06
1.719000000000010573e+02 1.480862062863840095e-05
1.723000000000010630e+02 -6.942888072846979566e-06
1.728000000000010630e+02 1.104420295782021895e-05
1.732000000000010687e+02 -6.848884960016514867e-06
1.737000000000010687e+02 5.004636841022653507e-06
1.741000000000010743e+02 -6.108689603846296172e-06
1.746000000000011028e+02 2.374721279448305852e-06
1.750000000000011369e+02 -8.046992532973422764e-06
1.755000000000011653e+02 1.498814381317761362e-06
1.760000000000011653e+02 1.351024545070046931e-05
1.764000000000011710e+02 -2.505994573902422894e-06
1.769000000000011710e+02 1.026462606977130774e-05
1.773000000000011767e+02 -4.380737629457940170e-06
1.778000000000012051e+02 3.180486799271269450e-06
1.782000000000012108e+02 -2.457926121184187313e-06
1.787000000000012392e+02 -2.567607384297263977e-06
1.791000000000012449e+02 -1.430195774199601201e-06
1.796000000000012449e+02 -2.407234607804113231e-06
1.800000000000012790e+02 -1.639436648869191208e-06
1.805000000000012790e+02 -1.314310101654456159e-06
1.810000000000013074e+02 3.115141021591498862e-06
1.814000000000013131e+02 5.502896810467077199e-07
1.819000000000013415e+02 1.500132966756351915e-06
1.823000000000013472e+02 1.114467171649048850e-06
1.828000000000013472e+02 -5.801087786304322616e-06
1.832000000000013529e+02 5.160012504441754977e-06
1.837000000000013529e+02 -8.710674419660342592e-06
1.841000000000013870e+02 3.700239459875978440e-06
1.846000000000014154e+02 -8.674328920424183921e-06
1.850000000000014211e+02 3.045070761617748749e-06
1.855000000000014495e+02 -7.148709888639930140e-06
1.860000000000014495e+02 -8.685450304407513731e-06
1.864000000000014552e+02 -1.344488490141873750e-06
1.869000000000014552e+02 -7.840766277668433429e-06
1.873000000000014609e+02 3.789318267062576848e-06
1.878000000000014893e+02 -1.392562633063082242e-05
1.882000000000014950e+02 7.173308855572587534e-06
1.887000000000015234e+02 -1.454595487361460990e-05
1.891000000000015575e+02 9.568309653359293284e-06
1.896000000000015575e+02 -1.377926085383538680e-05
1.900000000000015632e+02 7.347010223847914336e-06
1.905000000000015632e+02 -1.128884340342832193e-05
1.910000000000015916e+02 -1.332895274147986807e-05
1.914000000000015973e+02 -3.382122136986816279e-06
1.919000000000016257e+02 -1.210847042711962198e-05
1.923000000000016314e+02 5.430189904992566678e-06
1.928000000000016314e+02 -1.502924494338512228e-05
1.932000000000016371e+02 9.076282620287506577e-06
1.937000000000016371e+02 -1.678512323785185165e-05
1.941000000000016712e+02 1.207080588122823320e-05
1.946000000000016996e+02 -1.457502222358669148e-05
1.950000000000017053e+02 4.476119031092886812e-06
1.955000000000017337e+02 -1.268876702383711237e-05
1.960000000000017337e+02 -8.956094576073898031e-06
1.964000000000017394e+02 -6.082803643608894928e-06
1.969000000000017394e+02 -1.019677436002147704e-05
1.973000000000017451e+02 2.432136279228509128e-06
1.978000000000017735e+02 -1.194439830346581119e-05
1.982000000000017792e+02 6.515953020364807986e-06
1.987000000000018076e+02 -1.380638391619673204e-05
1.991000000000018417e+02 7.657038052352730024e-06
1.996000000000018417e+02 -1.069670143449016306e-05
2.005000000000000000e+02 2.350814598047755951e-05
2.010000000000000000e+02 -1.747740662242165579e-05
2.014000000000000341e+02 1.960530939643289136e-05
2.019000000000000341e+02 -2.233857112011819682e-05
2.023000000000000114e+02 7.776858130320537149e-06
2.028000000000000114e+02 -1.332267385563660293e-05
2.032000000000000171e+02 5.103535313804502592e-06
2.037000000000000171e+02 1.853842875866789708e-07
2.040999999999999943e+02 6.785620506371982505e-06
2.045999999999999943e+02 6.908059954243601783e-06
2.050999999999999943e+02 -1.045291717023661329e-05
2.055000000000000284e+02 1.303727666482751280e-05
2.060000000000000284e+02 -1.839635721183989549e-05
2.064000000000000341e+02 1.357689905716235657e-05
2.069000000000000341e+02 -1.260167452050304766e-05
2.073000000000000114e+02 8.883323155595076608e-06
2.078000000000000114e+02 1.816555370044285630e-06
2.082000000000000171e+02 8.548823080791457499e-06
2.087000000000000171e+02 1.656577798647259890e-05
2.090999999999999943e+02 1.128415558639965548e-05
2.096000000000000227e+02 1.715582851389984854e-05
2.101000000000000227e+02 6.014232226631696589e-06
2.105000000000000000e+02 1.695784827100648738e-05
2.110000000000000000e+02 -1.307750354630083783e-06
2.114000000000000057e+02 1.147851121804988443e-05
2.119000000000000057e+02 6.843096647670330842e-06
2.122999999999999829e+02 3.724654211576896478e-06
2.127999999999999829e+02 2.190453623112786292e-05
2.131999999999999886e+02 8.941603083109460727e-08
2.136999999999999602e+02 2.972028949506589618e-05
2.140999999999999943e+02 5.731113803937498875e-06
2.145999999999999943e+02 2.333853291300481422e-05
2.150999999999999943e+02 1.806381426664481615e-05
2.154999999999999716e+02 1.033736637978580308e-05
2.159999999999999716e+02 1.142974096924529638e-05
2.163999999999999773e+02 3.204127406424266150e-06
2.168999999999999488e+02 1.914125362569391123e-05
2.172999999999999545e+02 -2.727305109769371806e-06
2.177999999999999545e+02 3.382061531337839268e-05
2.181999999999999602e+02 -7.556123107577327944e-06
2.186999999999999602e+02 3.209182975690947102e-05
2.190999999999999659e+02 -3.662041566971151283e-07
2.195999999999999659e+02 2.392317818693117740e-05
2.200999999999999375e+02 1.751761177569909170e-05
2.204999999999999432e+02 4.699764160411231843e-06
2.209999999999999432e+02 1.258346448300427572e-05
2.213999999999999204e+02 -1.193066139503921657e-06
2.218999999999999204e+02 2.270550271561076785e-05
2.222999999999999545e+02 -1.609961800955859068e-05
2.227999999999999545e+02 3.052750685679712136e-05
2.231999999999999318e+02 -1.813014794943634017e-05
2.236999999999999318e+02 2.406380566866496461e-05
2.240999999999999091e+02 -1.063032856779864499e-05
2.245999999999999091e+02 1.342481548625204169e-05
2.250999999999999091e+02 2.729189748359427136e-06
2.254999999999999147e+02 -2.321476574536456954e-06
2.259999999999999147e+02 5.020820420917020127e-06
2.263999999999999204e+02 -5.367570178689515416e-06
2.268999999999999204e+02 1.779865136503175105e-05
2.272999999999998977e+02 -1.513393285950161623e-05
2.277999999999998977e+02 2.345105062633211915e-05
2.281999999999999034e+02 -1.239478988066621855e-05
2.286999999999999034e+02 1.689465220495558451e-05
2.290999999999998806e+02 -2.580535493406428438e-06
2.295999999999998806e+02 3.777156445692224438e-06
2.300999999999998806e+02 -1.720284731853338319e-05
2.304999999999998579e+02 2.762537748197487793e-06
2.309999999999998863e+02 -3.926426448183358513e-06
2.313999999999998920e+02 -1.706206732384266800e-06
2.318999999999998920e+02 9.717469391478551760e-06
2.322999999999998977e+02 -8.428042334492537871e-06
2.327999999999999261e+02 1.357107179536981610e-05
2.331999999999999318e+02 -1.196168550179870971e-05
2.336999999999999602e+02 6.012158326370561277e-06
2.340999999999999659e+02 5.678404596288552647e-06
2.345999999999999659e+02 -1.145281312393240807e-05
2.350999999999999659e+02 -3.151192288472028146e-05
2.355000000000000000e+02 -8.875905088935262272e-07
2.360000000000000284e+02 -8.572598365186109853e-06
2.364000000000000341e+02 -4.365761159157604046e-06
2.369000000000000625e+02 -1.285885761642108742e-06
2.373000000000000682e+02 -3.533802276656266883e-06
2.378000000000000682e+02 5.688342691880718800e-06
2.382000000000000739e+02 -4.112983135322694742e-06
2.387000000000000739e+02 -6.732000791979945222e-06
2.391000000000000796e+02 2.389999934051613065e-05
2.396000000000001080e+02 -2.079993033720491330e-05
2.400000000000001421e+02 3.746042397428669230e-05
2.405000000000001705e+02 -3.333330428026611838e-05
2.410000000000001705e+02 -2.343373198096338834e-05
2.414000000000001762e+02 -2.423825562372380844e-05
2.419000000000001762e+02 -3.674167578554903387e-06
2.423000000000001819e+02 -1.861905028572833921e-05
2.428000000000002103e+02 6.562786250966090172e-06
2.432000000000002160e+02 -6.268663358486984728e-06
2.437000000000002444e+02 -7.929047979582568402e-06
2.441000000000002501e+02 2.591599786754972070e-05
2.446000000000002501e+02 -3.086756988885983830e-05
2.450000000000002842e+02 4.193486528446936938e-05
2.455000000000002842e+02 -4.720014458632196860e-05
2.460000000000003126e+02 -1.156323633751813650e-05
2.464000000000003183e+02 -3.325148589589684548e-05
2.469000000000003467e+02 1.167586522322562506e-05
2.473000000000003524e+02 -2.798263068611857879e-05
2.478000000000003524e+02 1.117605861184595671e-05
2.482000000000003581e+02 -1.188802626673853198e-06
2.487000000000003581e+02 -4.420954680127542444e-07
2.491000000000003638e+02 2.301569211464780880e-05
2.496000000000003922e+02 -3.031474047463454173e-05
2.500000000000004547e+02 4.046653188412039433e-05
2.505000000000004547e+02 -4.354807237445165047e-05
2.510000000000004547e+02 1.757289230692320891e-05
2.514000000000004604e+02 -3.919003666624672866e-05
2.519000000000004604e+02 3.422396282506463854e-05
2.523000000000004661e+02 -3.359998754762971224e-05
2.528000000000004661e+02 2.748378238434330396e-05
2.532000000000005286e+02 -9.967221851021102776e-06
2.537000000000005286e+02 5.555602436976765949e-06
2.541000000000005343e+02 1.268219052758917022e-05
2.546000000000005343e+02 -3.429918100464822531e-05
2.550000000000005684e+02 2.585364511654614553e-05
2.555000000000005684e+02 -4.108427289746997715e-05
2.560000000000005684e+02 5.775728401866707439e-05
2.564000000000006025e+02 -4.589254170172762351e-05
2.569000000000006025e+02 6.182969206458934549e-05
2.573000000000006366e+02 -3.582861702789923679e-05
2.578000000000006366e+02 4.307364482309427228e-05
2.582000000000006708e+02 -1.283220162747134653e-05
2.587000000000006708e+02 5.334365918759075719e-06
2.591000000000006480e+02 1.662462905502056943e-05
2.596000000000007049e+02 -3.442974130339601294e-05
2.600000000000006821e+02 1.866849441946192290e-05
2.605000000000007390e+02 -3.511983995651953369e-05
2.610000000000007390e+02 8.071340078852778401e-05
2.614000000000007162e+02 -4.043501842702937424e-05
2.619000000000007162e+02 7.095487031287302378e-05
2.623000000000007503e+02 -2.884389579286787003e-05
2.628000000000008072e+02 3.741501607878136603e-05
2.632000000000007844e+02 -4.395002757424684535e-06
2.637000000000008413e+02 -1.010617702310280194e-05
2.641000000000008185e+02 1.119099594750761742e-05
2.646000000000008185e+02 -3.904713764137267219e-05
2.650000000000008527e+02 1.981675978394902764e-06
2.655000000000008527e+02 -2.777188857438919753e-05
2.660000000000009095e+02 8.380992463457330379e-05
2.664000000000008868e+02 -1.562587771405053570e-05
2.669000000000008868e+02 5.876004034329151249e-05
2.673000000000009209e+02 -8.768858383541738063e-06
2.678000000000009209e+02 8.704988752060126154e-06
2.682000000000009550e+02 1.807510575520832074e-05
2.687000000000009550e+02 -3.511418603089202177e-05
2.691000000000009322e+02 2.258599212775375616e-05
2.696000000000009322e+02 -5.388515610248629405e-05
2.700000000000010232e+02 7.948296587874139057e-06
2.705000000000010232e+02 -2.650587631777014030e-05
2.710000000000010232e+02 7.092078430059932468e-05
2.714000000000010573e+02 -1.166412005330600977e-06
2.719000000000010573e+02 3.824717122374927838e-05
2.723000000000010346e+02 7.827304880674236027e-06
2.728000000000010346e+02 -1.969472150164701675e-05
2.732000000000011255e+02 1.978231618377567576e-05
2.737000000000011255e+02 -6.413965993543345239e-05
2.741000000000011028e+02 2.827236744997697342e-05
2.746000000000011028e+02 -6.624120329726743953e-05
2.750000000000011369e+02 9.396502970478769413e-06
2.755000000000011369e+02 -2.457868313913322110e-05
2.760000000000011369e+02 4.815965441806263164e-05
2.764000000000012278e+02 5.632956644582021708e-06
2.769000000000012278e+02 6.204694451867854242e-06
2.773000000000012051e+02 1.448611136510184611e-05
2.778000000000012051e+02 -4.752894382559499995e-05
2.782000000000012392e+02 2.019676093354712734e-05
2.787000000000012392e+02 -8.287404222273975598e-05
2.791000000000012164e+02 3.854170983273304762e-05
2.796000000000012733e+02 -6.460709457301681683e-05
2.800000000000012506e+02 1.188721688665211450e-05
2.805000000000013074e+02 -8.367227216025179492e-06
2.810000000000013074e+02 2.850261889573796825e-05
2.814000000000013415e+02 2.170586708831159212e-05
2.819000000000013415e+02 -3.155845484825278344e-05
2.823000000000013188e+02 2.532794678046879978e-05
2.828000000000013756e+02 -7.801649839623127445e-05
2.832000000000013529e+02 2.129480572494353777e-05
2.837000000000014097e+02 -9.042620494011994635e-05
2.841000000000013870e+02 2.550078812793491313e-05
2.846000000000013870e+02 -4.743321506396418040e-05
2.850000000000014211e+02 -3.539278468975903472e-06
2.855000000000014211e+02 5.201985088687176263e-06
2.860000000000014779e+02 2.998844735975887148e-05
2.864000000000014552e+02 2.834598460233926634e-05
2.869000000000015120e+02 -3.378096194712668895e-05
2.873000000000014893e+02 1.489139939540079215e-05
2.878000000000014893e+02 -6.798857667588876380e-05
2.882000000000015234e+02 8.852113172864037397e-06
2.887000000000015234e+02 -6.884484357276010060e-05
2.891000000000015007e+02 1.093004301570484093e-05
2.896000000000015007e+02 -1.593633341212018282e-05
2.900000000000015916e+02 -2.609201076561410503e-05
2.905000000000015916e+02 2.776237305283003767e-05
2.910000000000015916e+02 4.948163556106498142e-05
2.914000000000016257e+02 3.574908182806617297e-05
2.919000000000016257e+02 -2.391823403697612943e-05
2.923000000000016030e+02 -1.372301640183161127e-06
2.928000000000016030e+02 -5.054213267352135086e-05
2.932000000000016939e+02 -2.547757898103714886e-05
2.937000000000016939e+02 -2.366282998356706809e-05
2.941000000000016712e+02 -3.392732598279678865e-05
2.946000000000016712e+02 2.958634854409937208e-05
2.950000000000017053e+02 -5.952136944507974126e-05
2.955000000000017053e+02 8.717866368547029434e-05
2.960000000000017053e+02 7.809469433024476283e-05
2.964000000000017963e+02 2.571673741740181240e-05
2.969000000000017963e+02 -1.258832986074345494e-05
2.973000000000017735e+02 -1.067807703463999417e-05
2.978000000000017735e+02 -2.392413547911432302e-05
2.982000000000018076e+02 -5.230588517952987565e-05
2.987000000000018076e+02 1.245601349162034127e-05
2.991000000000017849e+02 -4.873379543173771155e-05
2.996000000000018417e+02 6.242397844818671189e-05
