0.000000000000000000e+00 0.000000000000000000e+00
5.000000000000000000e-01 -7.437588487271350468e-01
1.000000000000000222e+00 -3.160022799943028371e+00
1.400000000000000355e+00 -6.012660922034911870e+00
1.900000000000000577e+00 -1.168743204508629319e+01
2.299999999999999822e+00 -1.746247454724746717e+01
2.799999999999998934e+00 -2.720524475277370868e+01
3.199999999999998401e+00 -3.505480352129048782e+01
3.699999999999997513e+00 -4.800294911416709454e+01
4.099999999999997868e+00 -5.810202832502577763e+01
4.599999999999998757e+00 -7.474618545530562130e+01
5.100000000000000533e+00 -9.152465386314294449e+01
5.500000000000001776e+00 -1.055873137715492049e+02
6.000000000000002665e+00 -1.258289452457795221e+02
6.400000000000003908e+00 -1.420159763648861997e+02
6.900000000000004796e+00 -1.658626504561275397e+02
7.300000000000006040e+00 -1.826398669308398723e+02
7.800000000000007816e+00 -2.096743790678185064e+02
8.200000000000006395e+00 -2.272028985084626811e+02
8.700000000000002842e+00 -2.560326003953429677e+02
9.099999999999999645e+00 -2.757418430505614992e+02
9.599999999999997868e+00 -3.060771854690950704e+02
1.009999999999999432e+01 -3.332120614736274433e+02
1.049999999999999112e+01 -3.563946745639896676e+02
1.099999999999998934e+01 -3.857177983798067089e+02
1.139999999999998614e+01 -4.097502994899004420e+02
1.189999999999998437e+01 -4.401152368843935960e+02
1.229999999999998117e+01 -4.608151439915374681e+02
1.279999999999997762e+01 -4.943563967271351203e+02
1.319999999999997620e+01 -5.130227010495850664e+02
1.369999999999997264e+01 -5.455693701255496535e+02
1.409999999999996945e+01 -5.637779723122112046e+02
1.459999999999996767e+01 -5.966661582672738859e+02
1.509999999999996412e+01 -6.221017941240505706e+02
1.549999999999996092e+01 -6.435101021513422666e+02
1.599999999999995914e+01 -6.678076277278081534e+02
1.639999999999995595e+01 -6.901336711158360231e+02
1.689999999999995239e+01 -7.140665954663262482e+02
1.729999999999995097e+01 -7.304828622747759255e+02
1.779999999999994742e+01 -7.536410948875695794e+02
1.819999999999994600e+01 -7.673133765888637754e+02
1.869999999999994245e+01 -7.894974725468650831e+02
1.909999999999994102e+01 -7.989121049365099907e+02
1.959999999999993747e+01 -8.189348809253549462e+02
2.009999999999993392e+01 -8.295746308573643546e+02
2.049999999999993250e+01 -8.426645211082909555e+02
2.099999999999992895e+01 -8.507793121786108941e+02
2.139999999999992752e+01 -8.622152930840903764e+02
2.189999999999992397e+01 -8.675662258592600438e+02
2.229999999999991900e+01 -8.738332229777241764e+02
2.279999999999991900e+01 -8.760024231161418129e+02
2.319999999999991402e+01 -8.797766284298064647e+02
2.369999999999991047e+01 -8.818567181976276288e+02
2.409999999999990905e+01 -8.826020766103151800e+02
2.459999999999990550e+01 -8.851341658783612729e+02
2.509999999999990195e+01 -8.841530715116899728e+02
2.549999999999990052e+01 -8.901931190760823256e+02
2.599999999999989697e+01 -8.891587518495955464e+02
2.639999999999989555e+01 -8.933392395315715930e+02
2.689999999999989200e+01 -8.932354729698516849e+02
2.729999999999989058e+01 -8.979170523503453296e+02
2.779999999999988702e+01 -8.965239772809115948e+02
2.819999999999988560e+01 -9.007997051536400477e+02
2.869999999999988205e+01 -9.008232459261845406e+02
2.909999999999988063e+01 -9.057785503940779108e+02
2.959999999999987708e+01 -9.042502739570243193e+02
3.009999999999987352e+01 -9.032881545223186777e+02
3.049999999999987210e+01 -9.083239834565156343e+02
3.099999999999986855e+01 -9.089682289379561553e+02
3.139999999999987068e+01 -9.121766993708553173e+02
3.189999999999988844e+01 -9.119475137894189629e+02
3.229999999999989768e+01 -9.156220819065647447e+02
3.279999999999991189e+01 -9.168031950755641901e+02
3.319999999999992468e+01 -9.196906927259097984e+02
3.369999999999993889e+01 -9.200900670287104504e+02
3.409999999999995168e+01 -9.246969952222730171e+02
3.459999999999996589e+01 -9.237470330694710583e+02
3.509999999999998010e+01 -9.244362907307864816e+02
3.549999999999999289e+01 -9.269005124594165181e+02
3.600000000000000711e+01 -9.285361859434789267e+02
3.640000000000001279e+01 -9.296316497272058541e+02
3.690000000000002700e+01 -9.312879805464920082e+02
3.730000000000003979e+01 -9.321026173454308719e+02
3.780000000000005400e+01 -9.360666838326420702e+02
3.820000000000006679e+01 -9.364886307478002436e+02
3.870000000000008100e+01 -9.398090179021688755e+02
3.910000000000009379e+01 -9.411486577073214903e+02
3.960000000000010800e+01 -9.440389920014446261e+02
4.000000000000012079e+01 -9.471079843707192367e+02
4.050000000000013500e+01 -9.464575403910793057e+02
4.100000000000014921e+01 -9.483287455332349509e+02
4.140000000000016200e+01 -9.492536553102912649e+02
4.190000000000017621e+01 -9.528594573257026923e+02
4.230000000000018190e+01 -9.520196255191948467e+02
4.280000000000019611e+01 -9.573654600713447280e+02
4.320000000000020890e+01 -9.570182817527887664e+02
4.370000000000022311e+01 -9.629750227826001492e+02
4.410000000000023590e+01 -9.606021927160762743e+02
4.460000000000025011e+01 -9.663253688800136842e+02
4.500000000000026290e+01 -9.658645515701119848e+02
4.550000000000027711e+01 -9.700554173405214442e+02
4.600000000000029132e+01 -9.722627196946061758e+02
4.640000000000030411e+01 -9.710082041144924005e+02
4.690000000000031832e+01 -9.759459406318421770e+02
4.730000000000033111e+01 -9.750050896648394883e+02
4.780000000000034532e+01 -9.810768089255072937e+02
4.820000000000035101e+01 -9.783247358776158080e+02
4.870000000000036522e+01 -9.853476058358734235e+02
4.910000000000037801e+01 -9.837189792610461154e+02
4.960000000000039222e+01 -9.902424431340916726e+02
5.000000000000040501e+01 -9.875552531535659000e+02
5.050000000000041922e+01 -9.934556647254562449e+02
5.100000000000043343e+01 -9.971609301505526446e+02
5.140000000000044622e+01 -9.962207295015316504e+02
5.190000000000046043e+01 -1.001018842432268684e+03
5.230000000000047322e+01 -1.000664924080900732e+03
5.280000000000048743e+01 -1.006554542517026448e+03
5.320000000000050022e+01 -1.004013269734401661e+03
5.370000000000051443e+01 -1.010523989753466935e+03
5.410000000000052012e+01 -1.008990557874102365e+03
5.460000000000053433e+01 -1.014858494737708725e+03
5.500000000000054712e+01 -1.011486111951932571e+03
5.550000000000056133e+01 -1.016661410405107858e+03
5.600000000000057554e+01 -1.021002593238369741e+03
5.640000000000058833e+01 -1.020654794974336824e+03
5.690000000000060254e+01 -1.025072833312248576e+03
5.730000000000061533e+01 -1.023685795912278650e+03
5.780000000000062954e+01 -1.029429895738635196e+03
5.820000000000064233e+01 -1.028195083240773556e+03
5.870000000000065654e+01 -1.032314030112568162e+03
5.910000000000066933e+01 -1.032006174359468332e+03
5.960000000000068354e+01 -1.036570769475470797e+03
6.000000000000068923e+01 -1.036391760439891641e+03
6.050000000000070344e+01 -1.038204645989790379e+03
6.100000000000071765e+01 -1.039801841848058530e+03
6.140000000000073044e+01 -1.042492569057856826e+03
6.190000000000074465e+01 -1.045944512121242497e+03
6.230000000000075744e+01 -1.044930502916976366e+03
6.280000000000077165e+01 -1.048075275868779954e+03
6.320000000000078444e+01 -1.049448735589781563e+03
6.370000000000079865e+01 -1.052656373614597214e+03
6.410000000000080433e+01 -1.052527408951814778e+03
6.460000000000081855e+01 -1.053995558160323753e+03
6.500000000000083844e+01 -1.056511710112703440e+03
6.550000000000085265e+01 -1.056917716880156377e+03
6.600000000000086686e+01 -1.054383965016390221e+03
6.640000000000087255e+01 -1.059069858371741020e+03
6.690000000000088676e+01 -1.059400397910494121e+03
6.730000000000090665e+01 -1.061446075273968745e+03
6.780000000000092086e+01 -1.062328018230464295e+03
6.820000000000092655e+01 -1.064404126837881677e+03
6.870000000000094076e+01 -1.065447587268068219e+03
6.910000000000094644e+01 -1.067711626249785013e+03
6.960000000000096065e+01 -1.067019437788803998e+03
7.000000000000098055e+01 -1.072311348348874617e+03
7.050000000000099476e+01 -1.070603422370282260e+03
7.100000000000100897e+01 -1.066454057836521315e+03
7.140000000000101466e+01 -1.072729477013529731e+03
7.190000000000102887e+01 -1.069984881586153278e+03
7.230000000000104876e+01 -1.075387668619272517e+03
7.280000000000106297e+01 -1.073629914644661312e+03
7.320000000000106866e+01 -1.076986136154594305e+03
7.370000000000108287e+01 -1.076130476725893686e+03
7.410000000000108855e+01 -1.080888425786332846e+03
7.460000000000110276e+01 -1.078774196833132464e+03
7.500000000000112266e+01 -1.083672846227451600e+03
7.550000000000113687e+01 -1.080941435083070019e+03
7.600000000000115108e+01 -1.080477365794080242e+03
7.640000000000115676e+01 -1.083439105725281252e+03
7.690000000000117097e+01 -1.082385605495747996e+03
7.730000000000119087e+01 -1.085423168983244523e+03
7.780000000000120508e+01 -1.085291422966336768e+03
7.820000000000121076e+01 -1.089275117962319655e+03
7.870000000000122498e+01 -1.086802689964732508e+03
7.910000000000124487e+01 -1.091446791791596979e+03
7.960000000000125908e+01 -1.089938453412478566e+03
8.000000000000126477e+01 -1.096326219036157909e+03
8.050000000000127898e+01 -1.092618816371329331e+03
8.100000000000129319e+01 -1.097115944684581109e+03
8.140000000000129887e+01 -1.095858692975936947e+03
8.190000000000131308e+01 -1.100956555838215309e+03
8.230000000000133298e+01 -1.098613750733877851e+03
8.280000000000134719e+01 -1.101976293032315880e+03
8.320000000000135287e+01 -1.102862862697077389e+03
8.370000000000136708e+01 -1.104195490543659844e+03
8.410000000000138698e+01 -1.106173212473085869e+03
8.460000000000140119e+01 -1.106165650375723999e+03
8.500000000000140687e+01 -1.110536049849602250e+03
8.550000000000142109e+01 -1.109127873797754319e+03
8.600000000000143530e+01 -1.119643938372176535e+03
8.640000000000144098e+01 -1.111166550105298484e+03
8.690000000000145519e+01 -1.122338584951174653e+03
8.730000000000147509e+01 -1.115532539742470135e+03
8.780000000000148930e+01 -1.123806519894061012e+03
8.820000000000149498e+01 -1.119331880146487720e+03
8.870000000000150919e+01 -1.126053280385734524e+03
8.910000000000152909e+01 -1.123692753973935396e+03
8.960000000000154330e+01 -1.127077378125496807e+03
9.000000000000154898e+01 -1.127557341414024677e+03
9.050000000000156319e+01 -1.130352888222116690e+03
9.100000000000157740e+01 -1.142111278429349795e+03
9.140000000000159730e+01 -1.132597014394681310e+03
9.190000000000161151e+01 -1.144940802252971935e+03
9.230000000000161720e+01 -1.138708834960882086e+03
9.280000000000163141e+01 -1.148373118912476230e+03
9.320000000000163709e+01 -1.141112549635997084e+03
9.370000000000165130e+01 -1.149735922623009628e+03
9.410000000000167120e+01 -1.146153166475717853e+03
9.460000000000168541e+01 -1.152838766794993262e+03
9.500000000000169109e+01 -1.147013600375593569e+03
9.550000000000170530e+01 -1.153705104662904205e+03
9.600000000000171951e+01 -1.162548512647051211e+03
9.640000000000173941e+01 -1.157250487745839109e+03
9.690000000000175362e+01 -1.164175524443927998e+03
9.730000000000175930e+01 -1.160868969086337756e+03
9.780000000000177351e+01 -1.167136809492775910e+03
9.820000000000177920e+01 -1.164952576096232860e+03
9.870000000000179341e+01 -1.169077091109889579e+03
9.910000000000181331e+01 -1.167986600152397614e+03
9.960000000000182752e+01 -1.172742144139986522e+03
1.005000000000000000e+02 -1.165706044465862533e+03
1.010000000000000000e+02 -1.170701397058176781e+03
1.014000000000000057e+02 -1.168399776761928706e+03
1.019000000000000057e+02 -1.173051870950597504e+03
1.022999999999999972e+02 -1.167718748526635181e+03
1.027999999999999972e+02 -1.176383110259906289e+03
1.032000000000000028e+02 -1.167433359067210631e+03
1.037000000000000028e+02 -1.178473173563717182e+03
1.040999999999999943e+02 -1.167357787840166338e+03
1.045999999999999943e+02 -1.180401166925987127e+03
1.050999999999999943e+02 -1.180168886881510616e+03
1.055000000000000142e+02 -1.179207511703250020e+03
1.060000000000000142e+02 -1.176910899468392245e+03
1.064000000000000057e+02 -1.178280101428855232e+03
1.069000000000000057e+02 -1.176297591239199619e+03
1.073000000000000114e+02 -1.173997642960544454e+03
1.078000000000000114e+02 -1.175632774424372428e+03
1.082000000000000171e+02 -1.172213921038321132e+03
1.087000000000000028e+02 -1.178082214483521511e+03
1.091000000000000085e+02 -1.169297055295060773e+03
1.096000000000000085e+02 -1.175670461071510317e+03
1.101000000000000085e+02 -1.167704359077682966e+03
1.105000000000000000e+02 -1.174082421077222307e+03
1.109999999999999858e+02 -1.164311350026214313e+03
1.114000000000000057e+02 -1.168950166428862531e+03
1.118999999999999915e+02 -1.162093138273807654e+03
1.122999999999999829e+02 -1.164695925730576846e+03
1.127999999999999829e+02 -1.161333422677685121e+03
1.131999999999999744e+02 -1.159932302320859890e+03
1.136999999999999886e+02 -1.160120446152757495e+03
1.140999999999999801e+02 -1.157269403124456858e+03
1.145999999999999801e+02 -1.157275611786265699e+03
1.150999999999999659e+02 -1.142797819519910263e+03
1.154999999999999574e+02 -1.154292919143465042e+03
1.159999999999999574e+02 -1.141149317129793872e+03
1.163999999999999631e+02 -1.149415623012692095e+03
1.168999999999999631e+02 -1.139526393166381240e+03
1.172999999999999545e+02 -1.145870975512180621e+03
1.177999999999999545e+02 -1.141715350766067104e+03
1.181999999999999460e+02 -1.143121867233973035e+03
1.186999999999999460e+02 -1.140917384838272937e+03
1.190999999999999375e+02 -1.145071954865225962e+03
1.195999999999999375e+02 -1.141226351180204119e+03
1.200999999999999375e+02 -1.125420209444188686e+03
1.204999999999999432e+02 -1.138619600868612224e+03
1.209999999999999432e+02 -1.126829614296183763e+03
1.213999999999999204e+02 -1.137127699822533714e+03
1.218999999999999204e+02 -1.129606953309059008e+03
1.222999999999999261e+02 -1.134875045315048055e+03
1.227999999999999261e+02 -1.135351654406080570e+03
1.231999999999999176e+02 -1.136208250530592522e+03
1.236999999999999176e+02 -1.136750143278845144e+03
1.240999999999999233e+02 -1.138497779816573257e+03
1.245999999999999091e+02 -1.138393590802432300e+03
1.250999999999999091e+02 -1.126743265411034827e+03
1.254999999999999147e+02 -1.135799861356924566e+03
1.259999999999998863e+02 -1.128332464805093196e+03
1.263999999999999062e+02 -1.136029876562091431e+03
1.268999999999999062e+02 -1.135407318538678510e+03
1.272999999999998835e+02 -1.134580006915501372e+03
1.277999999999998835e+02 -1.138996850236319005e+03
1.281999999999999034e+02 -1.137809384785325165e+03
1.286999999999999034e+02 -1.143260170248574696e+03
1.290999999999998806e+02 -1.140995978844513729e+03
1.295999999999998806e+02 -1.143923836173472864e+03
1.300999999999998806e+02 -1.139450507379715646e+03
1.304999999999998579e+02 -1.144179231704698623e+03
1.309999999999998579e+02 -1.143512118304390469e+03
1.313999999999998920e+02 -1.142515910431303155e+03
1.318999999999999204e+02 -1.149349937872037117e+03
1.322999999999999261e+02 -1.142685753188966828e+03
1.327999999999999261e+02 -1.152513894198606522e+03
1.331999999999999318e+02 -1.143784815606768689e+03
1.336999999999999318e+02 -1.155404687903200056e+03
1.340999999999999375e+02 -1.147605516811754796e+03
1.345999999999999659e+02 -1.154635832345212521e+03
1.350999999999999943e+02 -1.159530285646609627e+03
1.355000000000000000e+02 -1.155838084804245909e+03
1.360000000000000000e+02 -1.165020636342673697e+03
1.364000000000000341e+02 -1.155317065402648723e+03
1.369000000000000341e+02 -1.169979378040832216e+03
1.373000000000000398e+02 -1.158009207162812345e+03
1.378000000000000682e+02 -1.174216217576399686e+03
1.382000000000000739e+02 -1.158966930291942845e+03
1.387000000000001023e+02 -1.174844101521933226e+03
1.391000000000001080e+02 -1.166005784437068087e+03
1.396000000000001080e+02 -1.175940457141919978e+03
1.400000000000001137e+02 -1.169142970386874140e+03
1.405000000000001137e+02 -1.176459084196537106e+03
1.410000000000001421e+02 -1.192120172554374449e+03
1.414000000000001762e+02 -1.178440736795667135e+03
1.419000000000002046e+02 -1.195707943822260859e+03
1.423000000000002103e+02 -1.179152439915108062e+03
1.428000000000002103e+02 -1.199125260780686858e+03
1.432000000000002160e+02 -1.182307808588604075e+03
1.437000000000002160e+02 -1.198912713884740242e+03
1.441000000000002217e+02 -1.187400825381388131e+03
1.446000000000002501e+02 -1.198947498730105735e+03
1.450000000000002558e+02 -1.191571644061766619e+03
1.455000000000002842e+02 -1.198440255526641067e+03
1.460000000000002842e+02 -1.209939588303755954e+03
1.464000000000003183e+02 -1.201359345763700048e+03
1.469000000000003183e+02 -1.215816834132087934e+03
1.473000000000003240e+02 -1.203150976016866025e+03
1.478000000000003524e+02 -1.216766669909403163e+03
1.482000000000003581e+02 -1.208769249408830319e+03
1.487000000000003865e+02 -1.219077887848977298e+03
1.491000000000003922e+02 -1.212623576518967184e+03
1.496000000000003922e+02 -1.218106921495274491e+03
1.500000000000003979e+02 -1.218144457769656356e+03
1.505000000000003979e+02 -1.220336561611242360e+03
1.510000000000004263e+02 -1.221005631972602714e+03
1.514000000000004604e+02 -1.221114425876137375e+03
1.519000000000004889e+02 -1.226004008523177390e+03
1.523000000000004945e+02 -1.222040367423308226e+03
1.528000000000004945e+02 -1.226856967488856981e+03
1.532000000000005002e+02 -1.225903115219896108e+03
1.537000000000005002e+02 -1.228667340689923776e+03
1.541000000000005059e+02 -1.231180543397098972e+03
1.546000000000005343e+02 -1.225965692709590712e+03
1.550000000000005400e+02 -1.234908404499928793e+03
1.555000000000005684e+02 -1.228337194176520370e+03
1.560000000000005684e+02 -1.218587396352434780e+03
1.564000000000006025e+02 -1.226822677167843040e+03
1.569000000000006025e+02 -1.221595441097371804e+03
1.573000000000006082e+02 -1.231118556998431814e+03
1.578000000000006366e+02 -1.225375082629916960e+03
1.582000000000006423e+02 -1.233874887293264237e+03
1.587000000000006708e+02 -1.225716191960198330e+03
1.591000000000006764e+02 -1.240727186333688451e+03
1.596000000000006764e+02 -1.225292765836051785e+03
1.600000000000007105e+02 -1.241640464891073407e+03
1.605000000000007105e+02 -1.225401223121301427e+03
1.610000000000007390e+02 -1.214082285285827311e+03
1.614000000000007446e+02 -1.226795915687474235e+03
1.619000000000007731e+02 -1.216225541925115976e+03
1.623000000000007788e+02 -1.229077941864698914e+03
1.628000000000007788e+02 -1.218191244315792801e+03
1.632000000000007844e+02 -1.234103413350137316e+03
1.637000000000007844e+02 -1.215676911569062895e+03
1.641000000000007901e+02 -1.237890567438464814e+03
1.646000000000008185e+02 -1.215487304156696609e+03
1.650000000000008527e+02 -1.236326748539071787e+03
1.655000000000008811e+02 -1.214095424060689311e+03
1.660000000000008811e+02 -1.211581519896443069e+03
1.664000000000008868e+02 -1.218441282335472124e+03
1.669000000000008868e+02 -1.215270640341772832e+03
1.673000000000008924e+02 -1.223176522349157494e+03
1.678000000000009209e+02 -1.215545368590340559e+03
1.682000000000009265e+02 -1.231042401422386774e+03
1.687000000000009550e+02 -1.213986527513472083e+03
1.691000000000009607e+02 -1.233836685700909129e+03
1.696000000000009607e+02 -1.211951529001434892e+03
1.700000000000009948e+02 -1.230789931215812658e+03
1.705000000000009948e+02 -1.211289208997201513e+03
1.710000000000010232e+02 -1.223026791829743615e+03
1.714000000000010289e+02 -1.217116211578689899e+03
1.719000000000010573e+02 -1.229036904239846081e+03
1.723000000000010630e+02 -1.223699254871322410e+03
1.728000000000010630e+02 -1.226651565988926222e+03
1.732000000000010687e+02 -1.229635230586071430e+03
1.737000000000010687e+02 -1.222986397886820669e+03
1.741000000000010743e+02 -1.230874881009155160e+03
1.746000000000011028e+02 -1.218297657519718086e+03
1.750000000000011369e+02 -1.225418728941707968e+03
1.755000000000011653e+02 -1.221759314949825239e+03
1.760000000000011653e+02 -1.246751844058278039e+03
1.764000000000011710e+02 -1.229444462087924421e+03
1.769000000000011710e+02 -1.248296740696524466e+03
1.773000000000011767e+02 -1.238724981207229575e+03
1.778000000000012051e+02 -1.246709615983817230e+03
1.782000000000012108e+02 -1.241922418327643982e+03
1.787000000000012392e+02 -1.242147123257468365e+03
1.791000000000012449e+02 -1.243354192608524272e+03
1.796000000000012449e+02 -1.243082477571888603e+03
1.800000000000012790e+02 -1.233655890113544274e+03
1.805000000000012790e+02 -1.248106009838372074e+03
1.810000000000013074e+02 -1.278488155904550240e+03
1.814000000000013131e+02 -1.259036556721514216e+03
1.819000000000013415e+02 -1.276440679998603855e+03
1.823000000000013472e+02 -1.266718193263474632e+03
1.828000000000013472e+02 -1.271336344475128726e+03
1.832000000000013529e+02 -1.267523417516478730e+03
1.837000000000013529e+02 -1.264950667068762414e+03
1.841000000000013870e+02 -1.263627521994511426e+03
1.846000000000014154e+02 -1.269811641720040825e+03
1.850000000000014211e+02 -1.254413527984718939e+03
1.855000000000014495e+02 -1.279185475516107317e+03
1.860000000000014495e+02 -1.297629005266482409e+03
1.864000000000014552e+02 -1.294733359665904800e+03
1.869000000000014552e+02 -1.293967643858523843e+03
1.873000000000014609e+02 -1.297861312775957458e+03
1.878000000000014893e+02 -1.287452488495722946e+03
1.882000000000014950e+02 -1.297515285959388393e+03
1.887000000000015234e+02 -1.285585888407856146e+03
1.891000000000015575e+02 -1.290792511968278404e+03
1.896000000000015575e+02 -1.295330833776623876e+03
1.900000000000015632e+02 -1.284930365245299981e+03
1.905000000000015632e+02 -1.309396573866850758e+03
1.910000000000015916e+02 -1.306392297055457448e+03
1.914000000000015973e+02 -1.322319010650384598e+03
1.919000000000016257e+02 -1.298994920901583100e+03
1.923000000000016314e+02 -1.323069884894000097e+03
1.928000000000016314e+02 -1.288633191291944513e+03
1.932000000000016371e+02 -1.315980701573262877e+03
1.937000000000016371e+02 -1.291937508325240515e+03
1.941000000000016712e+02 -1.307813769058246180e+03
1.946000000000016996e+02 -1.301015284927501625e+03
1.950000000000017053e+02 -1.304866298412077640e+03
1.955000000000017337e+02 -1.321389940627037276e+03
1.960000000000017337e+02 -1.294831689152360696e+03
1.964000000000017394e+02 -1.327584666599521370e+03
1.969000000000017394e+02 -1.282595710546409009e+03
1.973000000000017451e+02 -1.326774615409304715e+03
1.978000000000017735e+02 -1.277315083137080819e+03
1.982000000000017792e+02 -1.317556484856253519e+03
1.987000000000018076e+02 -1.285086693662738980e+03
1.991000000000018417e+02 -1.314272912771735719e+03
1.996000000000018417e+02 -1.300688943347198347e+03
2.005000000000000000e+02 -1.323827714690375387e+03
2.010000000000000000e+02 -1.310800176739522385e+03
2.014000000000000341e+02 -1.319341805186676993e+03
2.019000000000000341e+02 -1.316333126609895999e+03
2.023000000000000114e+02 -1.308734417946765689e+03
2.028000000000000114e+02 -1.320958860189343568e+03
2.032000000000000171e+02 -1.302149878848808612e+03
2.037000000000000171e+02 -1.319616312705478094e+03
2.040999999999999943e+02 -1.307280205232421167e+03
2.045999999999999943e+02 -1.312929481749300066e+03
2.050999999999999943e+02 -1.279861213542984387e+03
2.055000000000000284e+02 -1.303305346024020537e+03
2.060000000000000284e+02 -1.273446956170636895e+03
2.064000000000000341e+02 -1.288460376202793213e+03
2.069000000000000341e+02 -1.271072186022707911e+03
2.073000000000000114e+02 -1.268216507849042728e+03
2.078000000000000114e+02 -1.271394128680945187e+03
2.082000000000000171e+02 -1.258371036708290603e+03
2.087000000000000171e+02 -1.263156993791097193e+03
2.090999999999999943e+02 -1.261200943731655116e+03
2.096000000000000227e+02 -1.249798203382353222e+03
2.101000000000000227e+02 -1.207447422932820928e+03
2.105000000000000000e+02 -1.228376571158327579e+03
2.110000000000000000e+02 -1.192999332510506747e+03
2.114000000000000057e+02 -1.203502688388526622e+03
2.119000000000000057e+02 -1.189474670842198066e+03
2.122999999999999829e+02 -1.178550502932708923e+03
2.127999999999999829e+02 -1.187447183297488209e+03
2.131999999999999886e+02 -1.172886051813065933e+03
2.136999999999999602e+02 -1.179129211547868408e+03
2.140999999999999943e+02 -1.180089485950278913e+03
2.145999999999999943e+02 -1.158119710198627899e+03
2.150999999999999943e+02 -1.125788251401927937e+03
2.154999999999999716e+02 -1.132278863621787195e+03
2.159999999999999716e+02 -1.115975963467148631e+03
2.163999999999999773e+02 -1.109621842974990386e+03
2.168999999999999488e+02 -1.119695350908258888e+03
2.172999999999999545e+02 -1.095247729132163613e+03
2.177999999999999545e+02 -1.125651070898561329e+03
2.181999999999999602e+02 -1.095197168416132627e+03
2.186999999999999602e+02 -1.115398777865146030e+03
2.190999999999999659e+02 -1.112290718249760857e+03
2.195999999999999659e+02 -1.093015159840507295e+03
2.200999999999999375e+02 -1.085912616999593411e+03
2.204999999999999432e+02 -1.069802258529588016e+03
2.209999999999999432e+02 -1.086810699673965928e+03
2.213999999999999204e+02 -1.051675957080356966e+03
2.218999999999999204e+02 -1.099896540523733165e+03
2.222999999999999545e+02 -1.049895262250945052e+03
2.227999999999999545e+02 -1.115112336500206084e+03
2.231999999999999318e+02 -1.065031527741008858e+03
2.236999999999999318e+02 -1.103099758512976223e+03
2.240999999999999091e+02 -1.095910398189416355e+03
2.245999999999999091e+02 -1.080132378933613836e+03
2.250999999999999091e+02 -1.108359038748702460e+03
2.254999999999999147e+02 -1.058165008182571910e+03
2.259999999999999147e+02 -1.121525735333992998e+03
2.263999999999999204e+02 -1.055346509912693136e+03
2.268999999999999204e+02 -1.140020227023954703e+03
2.272999999999998977e+02 -1.067879552123848725e+03
2.277999999999998977e+02 -1.152508919659080448e+03
2.281999999999999034e+02 -1.092269459580215653e+03
2.286999999999999034e+02 -1.129297803663158675e+03
2.290999999999998806e+02 -1.115533596166768120e+03
2.295999999999998806e+02 -1.099766897658389553e+03
2.300999999999998806e+02 -1.151570100663875564e+03
2.304999999999998579e+02 -1.080599146826060633e+03
2.309999999999998863e+02 -1.168637693933148967e+03
2.313999999999998920e+02 -1.086735306006673000e+03
2.318999999999998920e+02 -1.187038993161666440e+03
2.322999999999998977e+02 -1.106018103516496240e+03
2.327999999999999261e+02 -1.189243672536603299e+03
2.331999999999999318e+02 -1.132168890274394016e+03
2.336999999999999602e+02 -1.162883860076244900e+03
2.340999999999999659e+02 -1.145227533783581748e+03
2.345999999999999659e+02 -1.126982927972341486e+03
2.350999999999999659e+02 -1.185197730317586775e+03
2.355000000000000000e+02 -1.124289917330126627e+03
2.360000000000000284e+02 -1.209966498848915990e+03
2.364000000000000341e+02 -1.135173609400000259e+03
2.369000000000000625e+02 -1.223009875703448870e+03
2.373000000000000682e+02 -1.162157092390412345e+03
2.378000000000000682e+02 -1.219296852260453079e+03
2.382000000000000739e+02 -1.176659640481321048e+03
2.387000000000000739e+02 -1.183313548712887723e+03
2.391000000000000796e+02 -1.185919316694618374e+03
2.396000000000001080e+02 -1.146040821442616107e+03
2.400000000000001421e+02 -1.181822814203851749e+03
2.405000000000001705e+02 -1.154796123118301921e+03
2.410000000000001705e+02 -1.229351253387059160e+03
2.414000000000001762e+02 -1.170124977431992647e+03
2.419000000000001762e+02 -1.231671886154618733e+03
2.423000000000001819e+02 -1.196926387849475304e+03
2.428000000000002103e+02 -1.215119041161216501e+03
2.432000000000002160e+02 -1.206597763468793573e+03
2.437000000000002444e+02 -1.171183900810020759e+03
2.441000000000002501e+02 -1.211674413918540040e+03
2.446000000000002501e+02 -1.144287560340882465e+03
2.450000000000002842e+02 -1.199808675647204382e+03
2.455000000000002842e+02 -1.159835932281404666e+03
2.460000000000003126e+02 -1.213999993176098087e+03
2.464000000000003183e+02 -1.188105820324145952e+03
2.469000000000003467e+02 -1.208682528276081030e+03
2.473000000000003524e+02 -1.200776783943500959e+03
2.478000000000003524e+02 -1.178892659378962435e+03
2.482000000000003581e+02 -1.208637203241060206e+03
2.487000000000003581e+02 -1.142287913551980182e+03
2.491000000000003638e+02 -1.202368213941939530e+03
2.496000000000003922e+02 -1.125217210310412838e+03
2.500000000000004547e+02 -1.187919100699918545e+03
2.505000000000004547e+02 -1.141677293709398327e+03
2.510000000000004547e+02 -1.172596748566774522e+03
2.514000000000004604e+02 -1.175263668297552613e+03
2.519000000000004604e+02 -1.158420913631022813e+03
2.523000000000004661e+02 -1.177159552961090867e+03
2.528000000000004661e+02 -1.125350513131714479e+03
2.532000000000005286e+02 -1.179761049582191617e+03
2.537000000000005286e+02 -1.096992733850551531e+03
2.541000000000005343e+02 -1.162757497270773229e+03
2.546000000000005343e+02 -1.087360364370090792e+03
2.550000000000005684e+02 -1.152835853613923746e+03
2.555000000000005684e+02 -1.114703156400921671e+03
2.560000000000005684e+02 -1.147741600896048112e+03
2.564000000000006025e+02 -1.146165483303741667e+03
2.569000000000006025e+02 -1.132701298203036458e+03
2.573000000000006366e+02 -1.140435217940068696e+03
2.578000000000006366e+02 -1.097562947998720347e+03
2.582000000000006708e+02 -1.137701756433070841e+03
2.587000000000006708e+02 -1.071847307766745416e+03
2.591000000000006480e+02 -1.126474597045511928e+03
2.596000000000007049e+02 -1.059073203723345159e+03
2.600000000000006821e+02 -1.107158289185931380e+03
2.605000000000007390e+02 -1.090554172606487100e+03
2.610000000000007390e+02 -1.144886510996238712e+03
2.614000000000007162e+02 -1.115831794359646437e+03
2.619000000000007162e+02 -1.119432680317964923e+03
2.623000000000007503e+02 -1.114350954986586430e+03
2.628000000000008072e+02 -1.092733475010071970e+03
2.632000000000007844e+02 -1.104168061707923243e+03
2.637000000000008413e+02 -1.074632711466136698e+03
2.641000000000008185e+02 -1.088557008438036974e+03
2.646000000000008185e+02 -1.079154501461726340e+03
2.650000000000008527e+02 -1.061050241097383378e+03
2.655000000000008527e+02 -1.112881472296607853e+03
2.660000000000009095e+02 -1.164532917165238359e+03
2.664000000000008868e+02 -1.142007192176626631e+03
2.669000000000008868e+02 -1.142539027317797490e+03
2.673000000000009209e+02 -1.129730537776298661e+03
2.678000000000009209e+02 -1.131105303489010339e+03
2.682000000000009550e+02 -1.114415135059680324e+03
2.687000000000009550e+02 -1.115382230592936367e+03
2.691000000000009322e+02 -1.089942389344886351e+03
2.696000000000009322e+02 -1.130195594292356873e+03
2.700000000000010232e+02 -1.046096781873126702e+03
2.705000000000010232e+02 -1.161771977341244337e+03
2.710000000000010232e+02 -1.209936638555496984e+03
2.714000000000010573e+02 -1.199598480061278678e+03
2.719000000000010573e+02 -1.183655364024836445e+03
2.723000000000010346e+02 -1.190740831300889340e+03
2.728000000000010346e+02 -1.182599513481724216e+03
2.732000000000011255e+02 -1.157534531882979081e+03
2.737000000000011255e+02 -1.170495686957351609e+03
2.741000000000011028e+02 -1.124064366671793778e+03
2.746000000000011028e+02 -1.195530407685821729e+03
2.750000000000011369e+02 -1.078968596767654617e+03
2.755000000000011369e+02 -1.242314694589652390e+03
2.760000000000011369e+02 -1.248542140211685592e+03
2.764000000000012278e+02 -1.276144855958262269e+03
2.769000000000012278e+02 -1.241603658573720850e+03
2.773000000000012051e+02 -1.246374712099814133e+03
2.778000000000012051e+02 -1.239676105818351061e+03
2.782000000000012392e+02 -1.196642252459322663e+03
2.787000000000012392e+02 -1.234181001186737149e+03
2.791000000000012164e+02 -1.154232051190728725e+03
2.796000000000012733e+02 -1.253579264202023751e+03
2.800000000000012506e+02 -1.126534826051642540e+03
2.805000000000013074e+02 -1.317068193760359918e+03
2.810000000000013074e+02 -1.244218968887065330e+03
2.814000000000013415e+02 -1.329866878485221378e+03
2.819000000000013415e+02 -1.222539723824144630e+03
2.823000000000013188e+02 -1.284413557105153131e+03
2.828000000000013756e+02 -1.236136897842409098e+03
2.832000000000013529e+02 -1.209116337434356637e+03
2.837000000000014097e+02 -1.240074513549528547e+03
2.841000000000013870e+02 -1.177522207973915783e+03
2.846000000000013870e+02 -1.287974627596217260e+03
2.850000000000014211e+02 -1.151204858936703658e+03
2.855000000000014211e+02 -1.346984081237363398e+03
2.860000000000014779e+02 -1.194875732873861125e+03
2.864000000000014552e+02 -1.351250664134558519e+03
2.869000000000015120e+02 -1.180863741234967620e+03
2.873000000000014893e+02 -1.287856202407145702e+03
2.878000000000014893e+02 -1.212602373094424820e+03
2.882000000000015234e+02 -1.186865966764438326e+03
2.887000000000015234e+02 -1.210336132565942762e+03
2.891000000000015007e+02 -1.162139021451355120e+03
2.896000000000015007e+02 -1.275648639069928549e+03
2.900000000000015916e+02 -1.139063794498375728e+03
2.905000000000015916e+02 -1.315346853878937509e+03
2.910000000000015916e+02 -1.112796656209085086e+03
2.914000000000016257e+02 -1.310228317605002758e+03
2.919000000000016257e+02 -1.100350436959463650e+03
2.923000000000016030e+02 -1.207331121863570388e+03
2.928000000000016030e+02 -1.154768524517550986e+03
2.932000000000016939e+02 -1.107395022843622655e+03
2.937000000000016939e+02 -1.193970418705557222e+03
2.941000000000016712e+02 -1.085344537210589579e+03
2.946000000000016712e+02 -1.247166800192385153e+03
2.950000000000017053e+02 -1.119484453159421946e+03
2.955000000000017053e+02 -1.295449791735668214e+03
2.960000000000017053e+02 -1.036703284837120009e+03
2.964000000000017963e+02 -1.235769531368606977e+03
2.969000000000017963e+02 -1.057950206946780554e+03
2.973000000000017735e+02 -1.107359037067574945e+03
2.978000000000017735e+02 -1.123693682546726450e+03
2.982000000000018076e+02 -1.009571511469536290e+03
2.987000000000018076e+02 -1.195762723203664791e+03
2.991000000000017849e+02 -9.970389843541155415e+02
2.996000000000018417e+02 -1.208984545730828813e+03
