0.00001250 
0.00002500 
0.00003500 
0.00004750 
0.00005750 
0.00007000 
0.00008000 
0.00009250 
0.00010250 
0.00011500 
0.00012500 
0.00013750 
0.00015000 
0.00016000 
0.00017250 
0.00018250 
0.00019500 
0.00020500 
0.00021750 
0.00022750 
0.00024000 
0.00025000 
0.00026250 
0.00027500 
0.00028500 
0.00029750 
0.00030750 
0.00032000 
0.00033000 
0.00034250 
0.00035250 
0.00036500 
0.00037500 
0.00038750 
0.00040000 
0.00041000 
0.00042250 
0.00043250 
0.00044500 
0.00045500 
0.00046750 
0.00047750 
0.00049000 
0.00050000 
0.00051250 
0.00052500 
0.00053500 
0.00054750 
0.00055750 
0.00057000 
0.00058000 
0.00059250 
0.00060250 
0.00061500 
0.00062500 
0.00063750 
0.00065000 
0.00066000 
0.00067250 
0.00068250 
0.00069500 
0.00070500 
0.00071750 
0.00072750 
0.00074000 
0.00075000 
0.00076250 
0.00077500 
0.00078500 
0.00079750 
0.00080750 
0.00082000 
0.00083000 
0.00084250 
0.00085250 
0.00086500 
0.00087500 
0.00088750 
0.00090000 
0.00091000 
0.00092250 
0.00093250 
0.00094500 
0.00095500 
0.00096750 
0.00097750 
0.00099000 
0.00101250 
0.00102500 
0.00103500 
0.00104750 
0.00105750 
0.00107000 
0.00108000 
0.00109250 
0.00110250 
0.00111500 
0.00112500 
0.00113750 
0.00115000 
0.00116000 
0.00117250 
0.00118250 
0.00119500 
0.00120500 
0.00121750 
0.00122750 
0.00124000 
0.00125000 
0.00126250 
0.00127500 
0.00128500 
0.00129750 
0.00130750 
0.00132000 
0.00133000 
0.00134250 
0.00135250 
0.00136500 
0.00137500 
0.00138750 
0.00140000 
0.00141000 
0.00142250 
0.00143250 
0.00144500 
0.00145500 
0.00146750 
0.00147750 
0.00149000 
0.00150000 
0.00151250 
0.00152500 
0.00153500 
0.00154750 
0.00155750 
0.00157000 
0.00158000 
0.00159250 
0.00160250 
0.00161500 
0.00162500 
0.00163750 
0.00165000 
0.00166000 
0.00167250 
0.00168250 
0.00169500 
0.00170500 
0.00171750 
0.00172750 
0.00174000 
0.00175000 
0.00176250 
0.00177500 
0.00178500 
0.00179750 
0.00180750 
0.00182000 
0.00183000 
0.00184250 
0.00185250 
0.00186500 
0.00187500 
0.00188750 
0.00190000 
0.00191000 
0.00192250 
0.00193250 
0.00194500 
0.00195500 
0.00196750 
0.00197750 
0.00199000 
0.00201250 
0.00202500 
0.00203500 
0.00204750 
0.00205750 
0.00207000 
0.00208000 
0.00209250 
0.00210250 
0.00211500 
0.00212500 
0.00213750 
0.00215000 
0.00216000 
0.00217250 
0.00218250 
0.00219500 
0.00220500 
0.00221750 
0.00222750 
0.00224000 
0.00225000 
0.00226250 
0.00227500 
0.00228500 
0.00229750 
0.00230750 
0.00232000 
0.00233000 
0.00234250 
0.00235250 
0.00236500 
0.00237500 
0.00238750 
0.00240000 
0.00241000 
0.00242250 
0.00243250 
0.00244500 
0.00245500 
0.00246750 
0.00247750 
0.00249000 
0.00250000 
0.00251250 
0.00252500 
0.00253500 
0.00254750 
0.00255750 
0.00257000 
0.00258000 
0.00259250 
0.00260250 
0.00261500 
0.00262500 
0.00263750 
0.00265000 
0.00266000 
0.00267250 
0.00268250 
0.00269500 
0.00270500 
0.00271750 
0.00272750 
0.00274000 
0.00275000 
0.00276250 
0.00277500 
0.00278500 
0.00279750 
0.00280750 
0.00282000 
0.00283000 
0.00284250 
0.00285250 
0.00286500 
0.00287500 
0.00288750 
0.00290000 
0.00291000 
0.00292250 
0.00293250 
0.00294500 
0.00295500 
0.00296750 
0.00297750 
0.00299000 
0.00301250 
0.00302500 
0.00303500 
0.00304750 
0.00305750 
0.00307000 
0.00308000 
0.00309250 
0.00310250 
0.00311500 
0.00312500 
0.00313750 
0.00315000 
0.00316000 
0.00317250 
0.00318250 
0.00319500 
0.00320500 
0.00321750 
0.00322750 
0.00324000 
0.00325000 
0.00326250 
0.00327500 
0.00328500 
0.00329750 
0.00330750 
0.00332000 
0.00333000 
0.00334250 
0.00335250 
0.00336500 
0.00337500 
0.00338750 
0.00340000 
0.00341000 
0.00342250 
0.00343250 
0.00344500 
0.00345500 
0.00346750 
0.00347750 
0.00349000 
0.00350000 
0.00351250 
0.00352500 
0.00353500 
0.00354750 
0.00355750 
0.00357000 
0.00358000 
0.00359250 
0.00360250 
0.00361500 
0.00362500 
0.00363750 
0.00365000 
0.00366000 
0.00367250 
0.00368250 
0.00369500 
0.00370500 
0.00371750 
0.00372750 
0.00374000 
0.00375000 
0.00376250 
0.00377500 
0.00378500 
0.00379750 
0.00380750 
0.00382000 
0.00383000 
0.00384250 
0.00385250 
0.00386500 
0.00387500 
0.00388750 
0.00390000 
0.00391000 
0.00392250 
0.00393250 
0.00394500 
0.00395500 
0.00396750 
0.00397750 
0.00399000 
0.00401250 
0.00402500 
0.00403500 
0.00404750 
0.00405750 
0.00407000 
0.00408000 
0.00409250 
0.00410250 
0.00411500 
0.00412500 
0.00413750 
0.00415000 
0.00416000 
0.00417250 
0.00418250 
0.00419500 
0.00420500 
0.00421750 
0.00422750 
0.00424000 
0.00425000 
0.00426250 
0.00427500 
0.00428500 
0.00429750 
0.00430750 
0.00432000 
0.00433000 
0.00434250 
0.00435250 
0.00436500 
0.00437500 
0.00438750 
0.00440000 
0.00441000 
0.00442250 
0.00443250 
0.00444500 
0.00445500 
0.00446750 
0.00447750 
0.00449000 
0.00450000 
0.00451250 
0.00452500 
0.00453500 
0.00454750 
0.00455750 
0.00457000 
0.00458000 
0.00459250 
0.00460250 
0.00461500 
0.00462500 
0.00463750 
0.00465000 
0.00466000 
0.00467250 
0.00468250 
0.00469500 
0.00470500 
0.00471750 
0.00472750 
0.00474000 
0.00475000 
0.00476250 
0.00477500 
0.00478500 
0.00479750 
0.00480750 
0.00482000 
0.00483000 
0.00484250 
0.00485250 
0.00486500 
0.00487500 
0.00488750 
0.00490000 
0.00491000 
0.00492250 
0.00493250 
0.00494500 
0.00495500 
0.00496750 
0.00497750 
0.00499000 
0.00501250 
0.00502500 
0.00503500 
0.00504750 
0.00505750 
0.00507000 
0.00508000 
0.00509250 
0.00510250 
0.00511500 
0.00512500 
0.00513750 
0.00515000 
0.00516000 
0.00517250 
0.00518250 
0.00519500 
0.00520500 
0.00521750 
0.00522750 
0.00524000 
0.00525000 
0.00526250 
0.00527500 
0.00528500 
0.00529750 
0.00530750 
0.00532000 
0.00533000 
0.00534250 
0.00535250 
0.00536500 
0.00537500 
0.00538750 
0.00540000 
0.00541000 
0.00542250 
0.00543250 
0.00544500 
0.00545500 
0.00546750 
0.00547750 
0.00549000 
0.00550000 
0.00551250 
0.00552500 
0.00553500 
0.00554750 
0.00555750 
0.00557000 
0.00558000 
0.00559250 
0.00560250 
0.00561500 
0.00562500 
0.00563750 
0.00565000 
0.00566000 
0.00567250 
0.00568250 
0.00569500 
0.00570500 
0.00571750 
0.00572750 
0.00574000 
0.00575000 
0.00576250 
0.00577500 
0.00578500 
0.00579750 
0.00580750 
0.00582000 
0.00583000 
0.00584250 
0.00585250 
0.00586500 
0.00587500 
0.00588750 
0.00590000 
0.00591000 
0.00592250 
0.00593250 
0.00594500 
0.00595500 
0.00596750 
0.00597750 
0.00599000 
0.00601250 
0.00602500 
0.00603500 
0.00604750 
0.00605750 
0.00607000 
0.00608000 
0.00609250 
0.00610250 
0.00611500 
0.00612500 
0.00613750 
0.00615000 
0.00616000 
0.00617250 
0.00618250 
0.00619500 
0.00620500 
0.00621750 
0.00622750 
0.00624000 
0.00625000 
0.00626250 
0.00627500 
0.00628500 
0.00629750 
0.00630750 
0.00632000 
0.00633000 
0.00634250 
0.00635250 
0.00636500 
0.00637500 
0.00638750 
0.00640000 
0.00641000 
0.00642250 
0.00643250 
0.00644500 
0.00645500 
0.00646750 
0.00647750 
0.00649000 
0.00650000 
0.00651250 
0.00652500 
0.00653500 
0.00654750 
0.00655750 
0.00657000 
0.00658000 
0.00659250 
0.00660250 
0.00661500 
0.00662500 
0.00663750 
0.00665000 
0.00666000 
0.00667250 
0.00668250 
0.00669500 
0.00670500 
0.00671750 
0.00672750 
0.00674000 
0.00675000 
0.00676250 
0.00677500 
0.00678500 
0.00679750 
0.00680750 
0.00682000 
0.00683000 
0.00684250 
0.00685250 
0.00686500 
0.00687500 
0.00688750 
0.00690000 
0.00691000 
0.00692250 
0.00693250 
0.00694500 
0.00695500 
0.00696750 
0.00697750 
0.00699000 
0.00701250 
0.00702500 
0.00703500 
0.00704750 
0.00705750 
0.00707000 
0.00708000 
0.00709250 
0.00710250 
0.00711500 
0.00712500 
0.00713750 
0.00715000 
0.00716000 
0.00717250 
0.00718250 
0.00719500 
0.00720500 
0.00721750 
0.00722750 
0.00724000 
0.00725000 
0.00726250 
0.00727500 
0.00728500 
0.00729750 
0.00730750 
0.00732000 
0.00733000 
0.00734250 
0.00735250 
0.00736500 
0.00737500 
0.00738750 
0.00740000 
0.00741000 
0.00742250 
0.00743250 
0.00744500 
0.00745500 
0.00746750 
0.00747750 
0.00749000 
0.00750000 
0.00751250 
0.00752500 
0.00753500 
0.00754750 
0.00755750 
0.00757000 
0.00758000 
0.00759250 
0.00760250 
0.00761500 
0.00762500 
0.00763750 
0.00765000 
0.00766000 
0.00767250 
0.00768250 
0.00769500 
0.00770500 
0.00771750 
0.00772750 
0.00774000 
0.00775000 
0.00776250 
0.00777500 
0.00778500 
0.00779750 
0.00780750 
0.00782000 
0.00783000 
0.00784250 
0.00785250 
0.00786500 
0.00787500 
0.00788750 
0.00790000 
0.00791000 
0.00792250 
0.00793250 
0.00794500 
0.00795500 
0.00796750 
0.00797750 
0.00799000 
0.00801250 
0.00802500 
0.00803500 
0.00804750 
0.00805750 
0.00807000 
0.00808000 
0.00809250 
0.00810250 
0.00811500 
0.00812500 
0.00813750 
0.00815000 
0.00816000 
0.00817250 
0.00818250 
0.00819500 
0.00820500 
0.00821750 
0.00822750 
0.00824000 
0.00825000 
0.00826250 
0.00827500 
0.00828500 
0.00829750 
0.00830750 
0.00832000 
0.00833000 
0.00834250 
0.00835250 
0.00836500 
0.00837500 
0.00838750 
0.00840000 
0.00841000 
0.00842250 
0.00843250 
0.00844500 
0.00845500 
0.00846750 
0.00847750 
0.00849000 
0.00850000 
0.00851250 
0.00852500 
0.00853500 
0.00854750 
0.00855750 
0.00857000 
0.00858000 
0.00859250 
0.00860250 
0.00861500 
0.00862500 
0.00863750 
0.00865000 
0.00866000 
0.00867250 
0.00868250 
0.00869500 
