0.000000000000000000e+00
-6.161953985327444899e-09
-2.449608818383831501e-08
-5.455095536406226371e-08
-9.558650494963682246e-08
-1.465923055205840816e-07
-2.063124249883004182e-07
-2.732763558117774065e-07
-3.458352237735962638e-07
-4.222023887354602212e-07
-5.004974376479187239e-07
-5.787924865603772266e-07
-6.551596515222412899e-07
-7.277185194840600414e-07
-7.946824503075368708e-07
-8.544025697752532868e-07
-9.054083703462004930e-07
-9.464439199317751246e-07
-9.764987871119991791e-07
-9.948329213105098673e-07
-1.000994875295837236e-06
-1.000994875295837236e-06
-1.000994875295837236e-06
-1.000994875295837236e-06
-1.000994875295837236e-06
-1.000994875295837236e-06
-1.000994875295837236e-06
-1.000994875295837236e-06
-1.000994875295837236e-06
-1.000994875295837236e-06
-1.000994875295837236e-06
-1.000994875295837236e-06
-1.000994875295837236e-06
-1.000994875295837236e-06
-1.000994875295837236e-06
-1.000994875295837236e-06
-1.000994875295837236e-06
-1.000994875295837236e-06
-1.000994875295837236e-06
-1.000994875295837236e-06
-1.000994875295837236e-06
-1.000994875295837236e-06
-1.000994875295837236e-06
-1.000994875295837236e-06
-1.000994875295837236e-06
-1.000994875295837236e-06
-1.000994875295837236e-06
-1.000994875295837236e-06
-1.000994875295837236e-06
-1.000994875295837236e-06
-1.000994875295837236e-06
-1.000994875295837236e-06
-1.000994875295837236e-06
-1.000994875295837236e-06
-1.000994875295837236e-06
-1.000994875295837236e-06
-1.000994875295837236e-06
-1.000994875295837236e-06
-1.000994875295837236e-06
-1.000994875295837236e-06
-1.000994875295837236e-06
-1.000994875295837236e-06
-1.000994875295837236e-06
-1.000994875295837236e-06
-1.000994875295837236e-06
-1.000994875295837236e-06
-1.000994875295837236e-06
-1.000994875295837236e-06
-1.000994875295837236e-06
-1.000994875295837236e-06
-1.000994875295837236e-06
-1.000994875295837236e-06
-1.000994875295837236e-06
-1.000994875295837236e-06
-1.000994875295837236e-06
-1.000994875295837236e-06
-1.000994875295837236e-06
-1.000994875295837236e-06
-1.000994875295837236e-06
-1.000994875295837236e-06
-1.000994875295837236e-06
-1.000994875295837236e-06
-1.000994875295837236e-06
-1.000994875295837236e-06
-1.000994875295837236e-06
-1.000994875295837236e-06
-1.000994875295837236e-06
-1.000994875295837236e-06
-1.000994875295837236e-06
-1.000994875295837236e-06
-1.000994875295837236e-06
-1.000994875295837236e-06
-1.000994875295837236e-06
-1.000994875295837236e-06
-1.000994875295837236e-06
-1.000994875295837236e-06
-1.000994875295837236e-06
-1.000994875295837236e-06
-1.000994875295837236e-06
-1.000994875295837236e-06
-1.000994875295837236e-06
-1.000994875295837236e-06
-1.000994875295837236e-06
-1.000994875295837236e-06
-1.000994875295837236e-06
-1.000994875295837236e-06
-1.000994875295837236e-06
-1.000994875295837236e-06
-1.000994875295837236e-06
-1.000994875295837236e-06
-1.000994875295837236e-06
-1.000994875295837236e-06
-1.000994875295837236e-06
-1.000994875295837236e-06
-1.000994875295837236e-06
-1.000994875295837236e-06
-1.000994875295837236e-06
-1.000994875295837236e-06
-1.000994875295837236e-06
-1.000994875295837236e-06
-1.000994875295837236e-06
-1.000994875295837236e-06
-1.000994875295837236e-06
-1.000994875295837236e-06
-1.000994875295837236e-06
-1.000994875295837236e-06
-1.000994875295837236e-06
-1.000994875295837236e-06
-1.000994875295837236e-06
-1.000994875295837236e-06
-1.000994875295837236e-06
-1.000994875295837236e-06
-1.000994875295837236e-06
-1.000994875295837236e-06
-1.000994875295837236e-06
-1.000994875295837236e-06
-1.000994875295837236e-06
-1.000994875295837236e-06
-1.000994875295837236e-06
-1.000994875295837236e-06
-1.000994875295837236e-06
-1.000994875295837236e-06
-1.000994875295837236e-06
-1.000994875295837236e-06
-1.000994875295837236e-06
-1.000994875295837236e-06
-1.000994875295837236e-06
-1.000994875295837236e-06
-1.000994875295837236e-06
-1.000994875295837236e-06
-1.000994875295837236e-06
-1.000994875295837236e-06
-1.000994875295837236e-06
-1.000994875295837236e-06
-1.000994875295837236e-06
-1.000994875295837236e-06
-1.000994875295837236e-06
-1.000994875295837236e-06
-1.000994875295837236e-06
-1.000994875295837236e-06
-1.000994875295837236e-06
-1.000994875295837236e-06
-1.000994875295837236e-06
-1.000994875295837236e-06
-1.000994875295837236e-06
-1.000994875295837236e-06
-1.000994875295837236e-06
-1.000994875295837236e-06
-1.000994875295837236e-06
-1.000994875295837236e-06
-1.000994875295837236e-06
-1.000994875295837236e-06
-1.000994875295837236e-06
-1.000994875295837236e-06
-1.000994875295837236e-06
