0.000000000000000000e+00
1.250000000000000060e-05
2.500000000000000120e-05
3.500000000000000371e-05
4.750000000000000262e-05
5.750000000000000174e-05
7.000000000000002097e-05
8.000000000000004720e-05
9.250000000000007999e-05
1.025000000000001062e-04
1.150000000000001390e-04
1.250000000000001652e-04
1.375000000000001980e-04
1.500000000000002308e-04
1.600000000000002570e-04
1.725000000000002898e-04
1.825000000000003160e-04
1.950000000000003488e-04
2.050000000000003751e-04
2.175000000000004079e-04
2.275000000000004341e-04
2.400000000000004669e-04
2.500000000000004931e-04
2.625000000000005259e-04
2.750000000000005587e-04
2.850000000000005849e-04
2.975000000000006177e-04
3.075000000000006439e-04
3.200000000000006767e-04
3.300000000000007029e-04
3.425000000000007357e-04
3.525000000000007619e-04
3.650000000000007947e-04
3.750000000000008210e-04
3.875000000000008537e-04
4.000000000000008865e-04
4.100000000000009128e-04
4.225000000000009455e-04
4.325000000000009718e-04
4.450000000000010046e-04
4.550000000000010308e-04
4.675000000000010636e-04
4.775000000000010898e-04
4.900000000000010684e-04
5.000000000000010946e-04
5.125000000000011274e-04
5.250000000000011602e-04
5.350000000000011864e-04
5.475000000000012192e-04
5.575000000000012454e-04
5.700000000000012782e-04
5.800000000000013044e-04
5.925000000000013372e-04
6.025000000000013635e-04
6.150000000000013962e-04
6.250000000000014225e-04
6.375000000000014553e-04
6.500000000000014880e-04
6.600000000000015143e-04
6.725000000000015471e-04
6.825000000000015733e-04
6.950000000000016061e-04
7.050000000000016323e-04
7.175000000000016651e-04
7.275000000000016913e-04
7.400000000000017241e-04
7.500000000000017503e-04
7.625000000000017831e-04
7.750000000000018159e-04
7.850000000000018421e-04
7.975000000000018749e-04
8.075000000000019012e-04
8.200000000000019339e-04
8.300000000000019602e-04
8.425000000000019930e-04
8.525000000000020192e-04
8.650000000000020520e-04
8.750000000000020782e-04
8.875000000000021110e-04
9.000000000000021438e-04
9.100000000000021700e-04
9.225000000000022028e-04
9.325000000000022290e-04
9.450000000000022618e-04
9.550000000000022880e-04
9.675000000000023208e-04
9.775000000000022386e-04
9.900000000000017293e-04
1.012499999999999945e-03
1.025000000000000086e-03
1.035000000000000113e-03
1.047500000000000037e-03
1.057500000000000063e-03
1.069999999999999988e-03
1.080000000000000014e-03
1.092500000000000155e-03
1.102500000000000181e-03
1.115000000000000106e-03
1.125000000000000132e-03
1.137500000000000273e-03
1.150000000000000197e-03
1.160000000000000224e-03
1.172500000000000365e-03
1.182500000000000391e-03
1.195000000000000315e-03
1.205000000000000342e-03
1.217500000000000483e-03
1.227500000000000509e-03
1.240000000000000433e-03
1.250000000000000460e-03
1.262500000000000601e-03
1.275000000000000525e-03
1.285000000000000552e-03
1.297500000000000693e-03
1.307500000000000719e-03
1.320000000000000643e-03
1.330000000000000670e-03
1.342500000000000811e-03
1.352500000000000837e-03
1.365000000000000761e-03
1.375000000000000788e-03
1.387500000000000929e-03
1.400000000000000853e-03
1.410000000000000879e-03
1.422500000000001021e-03
1.432500000000001047e-03
1.445000000000000971e-03
1.455000000000000997e-03
1.467500000000001139e-03
1.477500000000001165e-03
1.490000000000001089e-03
1.500000000000001115e-03
1.512500000000001257e-03
1.525000000000001181e-03
1.535000000000001207e-03
1.547500000000001132e-03
1.557500000000001158e-03
1.570000000000001299e-03
1.580000000000001325e-03
1.592500000000001466e-03
1.602500000000001493e-03
1.615000000000001417e-03
1.625000000000001443e-03
1.637500000000001368e-03
1.650000000000001509e-03
1.660000000000001535e-03
1.672500000000001676e-03
1.682500000000001703e-03
1.695000000000001627e-03
1.705000000000001653e-03
1.717500000000001577e-03
1.727500000000001604e-03
1.740000000000001745e-03
1.750000000000001771e-03
1.762500000000001912e-03
1.775000000000001837e-03
1.785000000000001863e-03
1.797500000000001787e-03
1.807500000000001814e-03
1.820000000000001955e-03
1.830000000000001981e-03
1.842500000000002122e-03
1.852500000000002148e-03
1.865000000000002073e-03
1.875000000000002099e-03
1.887500000000002023e-03
1.900000000000002165e-03
1.910000000000002191e-03
1.922500000000002332e-03
1.932500000000002358e-03
1.945000000000002283e-03
1.955000000000002309e-03
1.967500000000002233e-03
1.977500000000002259e-03
1.990000000000001750e-03
