0.000000000000000000e+00
-7.260186136735107472e-09
-3.029603543107958781e-08
-5.333188472544491475e-08
-9.940358331415471707e-08
-1.377966654714094126e-07
-2.030649051387361336e-07
-2.568152201589010692e-07
-3.220834598262486483e-07
-3.873516994935753693e-07
-4.756557884552882358e-07
-5.639598774169802969e-07
-6.752998156730168930e-07
-7.943183703605293019e-07
-8.864617675379489462e-07
-1.016998246872623246e-06
-1.105302335834315308e-06
-1.231999506953262025e-06
-1.320303595914954086e-06
-1.423964917739556268e-06
-1.493072465622610625e-06
-1.600573095662940390e-06
-1.681198568193177497e-06
-1.800217122880689800e-06
-1.903878444705271230e-06
-1.984503917235529300e-06
-2.084325930844382935e-06
-2.157272786943185839e-06
-2.234058951257695151e-06
-2.307005807356497632e-06
-2.391470588102462110e-06
-2.472096060632699005e-06
-2.579596690673028982e-06
-2.675579396066155457e-06
-2.779240717890757427e-06
-2.894419964362542571e-06
-2.975045436892779465e-06
-3.067188834070199110e-06
-3.132457073737525672e-06
-3.213082546267783743e-06
-3.293708018798020637e-06
-3.385851415975440282e-06
-3.466476888505677177e-06
-3.570138210330279570e-06
-3.639245758213333716e-06
-3.727549847175046529e-06
-3.800496703273828258e-06
-3.858086326509720829e-06
-3.915675949745592649e-06
-3.965586956550029631e-06
-4.034694504433104952e-06
-4.088444819453269940e-06
-4.149873750904868919e-06
-4.207463374140761914e-06
-4.268892305592381222e-06
-4.311124695965363885e-06
-4.349517778122618541e-06
-4.395589476711328363e-06
-4.433982558868583019e-06
-4.483893565673020000e-06
-4.526125956046002663e-06
-4.587554887497622818e-06
-4.625947969654877474e-06
-4.672019668243587296e-06
-4.695055517537931619e-06
-4.744966524342368601e-06
-4.752645140773823767e-06
-4.779520298283917273e-06
-4.806395455793988756e-06
-4.833270613304061085e-06
-4.860145770814153744e-06
-4.887020928324226074e-06
-4.910056777618591573e-06
-4.933092626912935896e-06
-4.952289167991573388e-06
-4.944610551560118222e-06
-4.963807092638756561e-06
-4.963807092638756561e-06
-4.979164325501645718e-06
-4.994521558364556051e-06
-5.021396715874627534e-06
-5.029075332306082700e-06
-5.040593256953265873e-06
-5.052111181600448199e-06
-5.048271873384721040e-06
-5.032914640521810707e-06
-5.025236024090355541e-06
-5.029075332306082700e-06
-5.021396715874627534e-06
-5.025236024090355541e-06
-5.021396715874627534e-06
-5.009878791227465537e-06
-4.994521558364556051e-06
-4.963807092638756561e-06
-4.940771243344391063e-06
-4.921574702265752723e-06
-4.894699544755681240e-06
-4.879342311892770908e-06
-4.852467154382698578e-06
-4.852467154382698578e-06
-4.833270613304061085e-06
-4.806395455793988756e-06
-4.771841681852462106e-06
-4.741127216126641441e-06
-4.687376901106497628e-06
-4.656662435380676963e-06
-4.614430045007694301e-06
-4.591394195713349977e-06
-4.556840421771802152e-06
-4.533804572477457829e-06
-4.491572182104475167e-06
-4.414786017789945526e-06
-4.368714319201256033e-06
-4.299606771318180712e-06
-4.242017148082288564e-06
-4.176748908414961578e-06
-4.122998593394797436e-06
-4.076926894806087614e-06
-4.019337271570194619e-06
-3.957908340118574464e-06
-3.915675949745592649e-06
-3.842729093646810497e-06
-3.762103621116573602e-06
-3.689156765017771121e-06
-3.616209908918988969e-06
-3.550941669251641655e-06
-3.489512737800042252e-06
-3.424244498132694938e-06
-3.362815566681074783e-06
-3.320583176308092544e-06
-3.243797011993583232e-06
-3.182368080541963077e-06
-3.086385375148837026e-06
-2.990402669755689798e-06
-2.928973738304069643e-06
-2.836830341126649999e-06
-2.779240717890757427e-06
-2.706293861791975699e-06
-2.641025622124628384e-06
-2.560400149594391066e-06
-2.475935368848426588e-06
-2.376113355239552201e-06
-2.299327190925042466e-06
-2.207183793747622821e-06
-2.103522471923020851e-06
-2.030575615824239122e-06
-1.949950143293981052e-06
-1.877003287195199323e-06
-1.796377814664962428e-06
-1.727270266781887319e-06
-1.623608944957284925e-06
-1.531465547779865281e-06
-1.427804225955283851e-06
-1.358696678072208742e-06
-1.235838815168989608e-06
-1.143695417991569963e-06
-1.078427178324222437e-06
-9.747658564996410074e-07
-9.018190004008383148e-07
-7.981576785762360269e-07
-7.136928978302715489e-07
-6.100315760056901191e-07
-5.255667952597047829e-07
-4.142268570036682397e-07
-3.412800009048655472e-07
-2.529759119431734860e-07
-1.646718229814814513e-07
-9.940358331415471707e-08
-3.420877921007553257e-09
6.568666996206758014e-08
1.693479917866490099e-07
2.384555396697241193e-07
3.382775532785988241e-07
4.073851011616531283e-07
4.841712654761834040e-07
