0.000000000000000000e+00
-1.047503574011238257e-03
-2.120481917367607241e-03
-3.047283328145997811e-03
-4.133884693452590485e-03
-4.648947531745405148e-03
-4.935043249279656881e-03
-5.301586996008183540e-03
-6.099204073593387891e-03
-6.793483608936485771e-03
-7.593004948667055054e-03
-8.391223716361518453e-03
-9.458484810950660432e-03
-9.893325215091248320e-03
-1.006279619102439481e-02
-1.001979571217979231e-02
-9.641109407228801165e-03
-8.889217218888511088e-03
-8.450103845298644056e-03
-8.137778872189237525e-03
-7.806204895854202200e-03
-8.037569442390929061e-03
-8.602441872568740086e-03
-9.021516140557886768e-03
-8.522408631682774210e-03
-7.973598750802815896e-03
-7.334917205179058465e-03
-6.813637865174637653e-03
-6.458840856772785077e-03
-6.776909992310743355e-03
-7.678031211990869395e-03
-8.288606336546615674e-03
-8.762089413287309572e-03
-9.023943869638114540e-03
-8.979615595139897252e-03
-8.112256078339106016e-03
-7.483528678750094899e-03
-7.116778320654141947e-03
-7.017992108719436906e-03
-7.081400403770511665e-03
-7.459847537848516945e-03
-8.115884744015469318e-03
-8.263445247180582764e-03
-7.735103135119507714e-03
-7.110889666487934732e-03
-6.387419954028979163e-03
-5.427783385667153855e-03
-4.998633971435656465e-03
-4.986114691147257305e-03
-5.111199910709904488e-03
-5.246323700100116554e-03
-5.410171258710597293e-03
-5.532146232016941188e-03
-5.273175852838227727e-03
-4.528334238368769346e-03
-3.999849635282385490e-03
-3.679174506177282714e-03
-3.391013818327534221e-03
-3.565950224766765118e-03
-4.092429678166398764e-03
-4.303088229728945988e-03
-4.140097926143047370e-03
-3.898193848295572559e-03
-3.502374600348583285e-03
-2.979905717613178656e-03
-2.297139942949533685e-03
-2.079218047472991548e-03
-2.214710596099792733e-03
-2.191116011939510909e-03
-2.329024040953405449e-03
-2.529514768554352172e-03
-2.353818186991864844e-03
-1.714399467622502267e-03
-1.246269589985504397e-03
-8.935444397730942651e-04
-6.477945144338353046e-04
-5.178807627603778307e-04
-8.135091222832881164e-04
-1.465270112268806518e-03
-1.584057627300465305e-03
-1.542255899293947657e-03
-1.303127798985345828e-03
-7.670961084765677779e-04
1.256646493099156710e-04
5.497962788328172607e-04
5.523419704508328960e-04
4.332801225391196107e-04
2.959363349061517549e-04
-4.120272162790403490e-05
-5.514649444853488079e-06
4.424418918811143329e-04
1.387439990470125265e-03
1.991144396522207677e-03
2.316227333393408062e-03
2.407874436244055588e-03
2.294159421679562404e-03
1.848875795869227767e-03
1.155834533415305530e-03
1.001716260813936788e-03
1.432851101073649627e-03
1.905553653873391998e-03
2.533183064449879944e-03
3.384057932090201674e-03
3.678513347601491870e-03
3.465231757278523783e-03
3.181288552926282449e-03
2.939872832757849282e-03
2.756665073321595914e-03
2.705580307438817857e-03
3.123790618160638983e-03
4.136432371834051179e-03
4.889650581667259223e-03
5.454317444138936759e-03
5.901427608034330238e-03
5.760190188215795482e-03
5.105639094632428987e-03
4.660074513658099722e-03
4.487250194798280724e-03
4.540771271340024971e-03
4.856065048255886821e-03
5.433316478872043248e-03
6.279081343456448770e-03
6.471457887856920700e-03
6.449120709787483155e-03
6.228343803709824288e-03
5.757951688581205811e-03
5.086400405960950222e-03
4.941085473402570191e-03
5.335657777757488347e-03
5.782845221482576202e-03
6.330155714532729495e-03
6.858775550034192786e-03
7.395616272617477026e-03
7.133328807588962261e-03
6.809702571748408977e-03
6.506355161651985325e-03
6.254905949817955030e-03
6.090335762801157848e-03
6.381968650728860569e-03
7.159638677042582007e-03
7.658855407578417200e-03
7.887045707048522675e-03
7.936296316778250134e-03
7.854540789964810713e-03
7.234346194802008731e-03
6.900079021141478260e-03
6.877815418679223899e-03
6.982703485805102570e-03
7.233449506980277506e-03
7.689336076496480765e-03
8.374588236228344695e-03
8.609080079557789034e-03
8.415843040133669933e-03
8.171559364698341085e-03
7.905770308984448602e-03
7.384106657037927193e-03
7.307719674307824702e-03
7.675851877764441888e-03
7.997991628261013827e-03
8.262275534827570600e-03
8.497794735796888183e-03
8.686175558757305154e-03
8.464823221471070441e-03
7.833662956445858194e-03
7.451491608532570879e-03
7.280907208275518017e-03
7.007513479020329415e-03
7.100422966357849107e-03
7.500251730137399639e-03
7.650421172810073674e-03
7.486636791795233184e-03
7.311371118072763041e-03
7.075804115791288658e-03
6.683126693928845979e-03
6.088244148390500876e-03
