0.000000000000000000e+00
-6.939950530690319331e-09
-2.620196531456189512e-08
-5.300581004358593049e-08
-9.865871146324674665e-08
-1.418270499667041798e-07
-2.013959281271979211e-07
-2.533939916040006588e-07
-3.247892008945981834e-07
-3.882796679865586394e-07
-4.776620173271445206e-07
-5.584763842191867364e-07
-6.706212272183037995e-07
-7.915045115970150980e-07
-8.924112032815151106e-07
-1.018721372120469585e-06
-1.116265389502539279e-06
-1.231636126758944656e-06
-1.319181779693080983e-06
-1.423184612269861379e-06
-1.502016615044562194e-06
-1.599512982062489404e-06
-1.683699045477144564e-06
-1.794958876396973505e-06
-1.904633361763466945e-06
-1.988131660999537142e-06
-2.084239759868264470e-06
-2.153924547379156124e-06
-2.235810410295864068e-06
-2.302565987527899049e-06
-2.393180534612776799e-06
-2.472175838932155142e-06
-2.578507683726934672e-06
-2.668577648285371728e-06
-2.782139702995437600e-06
-2.888836715036832878e-06
-2.967629301196665444e-06
-3.058906275923558615e-06
-3.128476977471158277e-06
-3.215819811865336226e-06
-3.289317793179176754e-06
-3.387242052666271902e-06
-3.468532380116815639e-06
-3.568694017224064807e-06
-3.643942384831809194e-06
-3.728736579451654273e-06
-3.801937788650816745e-06
-3.854766297452396864e-06
-3.917192160580465637e-06
-3.966651211423296893e-06
-4.030930521096807278e-06
-4.085202543825220035e-06
-4.154331612894699814e-06
-4.207639202755089923e-06
-4.268686928797781697e-06
-4.312173914388460331e-06
-4.360299025710513846e-06
-4.403632128043745165e-06
-4.439142981966478508e-06
-4.487426899861716974e-06
-4.528639468390888507e-06
-4.581307316914297889e-06
-4.622543635371773133e-06
-4.669453219681537702e-06
-4.700969255498329320e-06
-4.733276550652485489e-06
-4.755891714433115768e-06
-4.782920035785687775e-06
-4.809905628490168627e-06
-4.833414104739586486e-06
-4.864446181952924013e-06
-4.888145691715780625e-06
-4.913358208850904162e-06
-4.929048119650329353e-06
-4.942701127689446366e-06
-4.949370067658139034e-06
-4.955805325069648760e-06
-4.963195577651195247e-06
-4.977901283759920600e-06
-4.996847588121641130e-06
-5.013560539117867022e-06
-5.032141486190332113e-06
-5.041717214463788149e-06
-5.045212787358885639e-06
-5.042536119654875739e-06
-5.035668749879864740e-06
-5.029729073231754355e-06
-5.024653377519786115e-06
-5.024753587097919583e-06
-5.025890809888909023e-06
-5.023007683294802237e-06
-5.011255738810175096e-06
-4.995149117390635520e-06
-4.968285691173398035e-06
-4.943563527766021790e-06
-4.913332971590083274e-06
-4.893410919903265698e-06
-4.875289180915384131e-06
-4.863873237760847702e-06
-4.848706810376582994e-06
-4.828552333441924632e-06
-4.805497903027020034e-06
-4.767836898205302284e-06
-4.733176763792206562e-06
-4.688522579102853454e-06
-4.654306583375507822e-06
-4.615697353369526327e-06
-4.588246001735016089e-06
-4.554980658842863367e-06
-4.525179515520071255e-06
-4.479624317812307425e-06
-4.423554467516338989e-06
-4.370765926893022601e-06
-4.298830440823817172e-06
-4.241169443486355681e-06
-4.173467851742877854e-06
-4.123806666972196096e-06
-4.066575144487084387e-06
-4.022563649528038636e-06
-3.964661276800964576e-06
-3.912395424221887412e-06
-3.838567480477756822e-06
-3.758910013428488056e-06
-3.693209162719985680e-06
-3.613202292965873189e-06
-3.554107649251731940e-06
-3.487013333717735705e-06
-3.436224760542177163e-06
-3.371995776094528873e-06
-3.317421029093647264e-06
-3.242213683640044180e-06
-3.175294518976328004e-06
-3.085344836528057635e-06
-2.994534200956723135e-06
-2.923833051604818370e-06
-2.840234016181752597e-06
-2.777444884017541684e-06
-2.701124959757410375e-06
-2.638075322769051964e-06
-2.553164204569507397e-06
-2.479878286616914396e-06
-2.382810972794728946e-06
-2.302626953567720052e-06
-2.203204405479256032e-06
-2.109257271178498194e-06
-2.037789412339736362e-06
-1.951570399142041459e-06
-1.883326787555550813e-06
-1.795170695840106633e-06
-1.719711578493730520e-06
-1.618712904486095129e-06
-1.534506302104092170e-06
-1.428177911271082056e-06
-1.344243443007206895e-06
-1.243286294825969423e-06
-1.148373695371979246e-06
-1.074210605121267649e-06
-9.804253301701807234e-07
-9.029997388369124671e-07
-8.017448697963781650e-07
-7.169469825150937932e-07
-6.087697429981686472e-07
-5.237426177991517303e-07
-4.221973664131386618e-07
-3.449385392644254861e-07
-2.526364249573025180e-07
-1.640323480239316068e-07
-9.272248837022584385e-08
-1.077296161864186597e-09
7.387275617259400499e-08
1.682887674425666491e-07
2.432741290758141371e-07
3.337906945600842337e-07
4.017198296898432613e-07
4.809517559813818379e-07
