0.00001250 
0.00002500 
0.00003750 
0.00004583 
0.00005833 
0.00007083 
0.00008333 
0.00009167 
0.00010417 
0.00011667 
0.00012500 
0.00013750 
0.00015000 
0.00016250 
0.00017083 
0.00018333 
0.00019583 
0.00020833 
0.00021667 
0.00022917 
0.00024167 
0.00025000 
0.00026250 
0.00027500 
0.00028750 
0.00029583 
0.00030833 
0.00032083 
0.00033333 
0.00034167 
0.00035417 
0.00036667 
0.00037917 
0.00038750 
0.00040000 
0.00041250 
0.00042083 
0.00043333 
0.00044583 
0.00045833 
0.00046667 
0.00047917 
0.00049167 
0.00050417 
0.00051250 
0.00052500 
0.00053750 
0.00054583 
0.00055833 
0.00057083 
0.00058333 
0.00059167 
0.00060417 
0.00061667 
0.00062917 
0.00063750 
0.00065000 
0.00066250 
0.00067083 
0.00068333 
0.00069583 
0.00070833 
0.00071667 
0.00072917 
0.00074167 
0.00075417 
0.00076250 
0.00077500 
0.00078750 
0.00079583 
0.00080833 
0.00082083 
0.00083333 
0.00084167 
0.00085417 
0.00086667 
0.00087917 
0.00088750 
0.00090000 
0.00091250 
0.00092083 
0.00093333 
0.00094583 
0.00095833 
0.00096667 
0.00097917 
0.00099167 
0.00101250 
0.00102500 
0.00103750 
0.00104583 
0.00105833 
0.00107083 
0.00108333 
0.00109167 
0.00110417 
0.00111667 
0.00112500 
0.00113750 
0.00115000 
0.00116250 
0.00117083 
0.00118333 
0.00119583 
0.00120833 
0.00121667 
0.00122917 
0.00124167 
0.00125000 
0.00126250 
0.00127500 
0.00128750 
0.00129583 
0.00130833 
0.00132083 
0.00133333 
0.00134167 
0.00135417 
0.00136667 
0.00137917 
0.00138750 
0.00140000 
0.00141250 
0.00142083 
0.00143333 
0.00144583 
0.00145833 
0.00146667 
0.00147917 
0.00149167 
0.00150417 
0.00151250 
0.00152500 
0.00153750 
0.00154583 
0.00155833 
0.00157083 
0.00158333 
0.00159167 
0.00160417 
0.00161667 
0.00162917 
0.00163750 
0.00165000 
0.00166250 
0.00167083 
0.00168333 
0.00169583 
0.00170833 
0.00171667 
0.00172917 
0.00174167 
0.00175417 
0.00176250 
0.00177500 
0.00178750 
0.00179583 
0.00180833 
0.00182083 
0.00183333 
0.00184167 
0.00185417 
0.00186667 
0.00187917 
0.00188750 
0.00190000 
0.00191250 
0.00192083 
0.00193333 
0.00194583 
0.00195833 
0.00196667 
0.00197917 
0.00199167 
0.00201250 
0.00202500 
0.00203750 
0.00204583 
0.00205833 
0.00207083 
0.00208333 
0.00209167 
0.00210417 
0.00211667 
0.00212500 
0.00213750 
0.00215000 
0.00216250 
0.00217083 
0.00218333 
0.00219583 
0.00220833 
0.00221667 
0.00222917 
0.00224167 
0.00225000 
0.00226250 
0.00227500 
0.00228750 
0.00229583 
0.00230833 
0.00232083 
0.00233333 
0.00234167 
0.00235417 
0.00236667 
0.00237917 
0.00238750 
0.00240000 
0.00241250 
0.00242083 
0.00243333 
0.00244583 
0.00245833 
0.00246667 
0.00247917 
0.00249167 
0.00250417 
0.00251250 
0.00252500 
0.00253750 
0.00254583 
0.00255833 
0.00257083 
0.00258333 
0.00259167 
0.00260417 
0.00261667 
0.00262917 
0.00263750 
0.00265000 
0.00266250 
0.00267083 
0.00268333 
0.00269583 
0.00270833 
0.00271667 
0.00272917 
0.00274167 
0.00275417 
0.00276250 
0.00277500 
0.00278750 
0.00279583 
0.00280833 
0.00282083 
0.00283333 
0.00284167 
0.00285417 
0.00286667 
0.00287917 
0.00288750 
0.00290000 
0.00291250 
0.00292083 
0.00293333 
0.00294583 
0.00295833 
0.00296667 
0.00297917 
0.00299167 
0.00301250 
0.00302500 
0.00303750 
0.00304583 
0.00305833 
0.00307083 
0.00308333 
0.00309167 
0.00310417 
0.00311667 
0.00312500 
0.00313750 
0.00315000 
0.00316250 
0.00317083 
0.00318333 
0.00319583 
0.00320833 
0.00321667 
0.00322917 
0.00324167 
0.00325000 
0.00326250 
0.00327500 
0.00328750 
0.00329583 
0.00330833 
0.00332083 
0.00333333 
0.00334167 
0.00335417 
0.00336667 
0.00337917 
0.00338750 
0.00340000 
0.00341250 
0.00342083 
0.00343333 
0.00344583 
0.00345833 
0.00346667 
0.00347917 
0.00349167 
0.00350417 
0.00351250 
0.00352500 
0.00353750 
0.00354583 
0.00355833 
0.00357083 
0.00358333 
0.00359167 
0.00360417 
0.00361667 
0.00362917 
0.00363750 
0.00365000 
0.00366250 
0.00367083 
0.00368333 
0.00369583 
0.00370833 
0.00371667 
0.00372917 
0.00374167 
0.00375417 
0.00376250 
0.00377500 
0.00378750 
0.00379583 
0.00380833 
0.00382083 
0.00383333 
0.00384167 
0.00385417 
0.00386667 
0.00387917 
0.00388750 
0.00390000 
0.00391250 
0.00392083 
0.00393333 
0.00394583 
0.00395833 
0.00396667 
0.00397917 
0.00399167 
0.00401250 
0.00402500 
0.00403750 
0.00404583 
0.00405833 
0.00407083 
0.00408333 
0.00409167 
0.00410417 
0.00411667 
0.00412500 
0.00413750 
0.00415000 
0.00416250 
0.00417083 
0.00418333 
0.00419583 
0.00420833 
0.00421667 
0.00422917 
0.00424167 
0.00425000 
0.00426250 
0.00427500 
0.00428750 
0.00429583 
0.00430833 
0.00432083 
0.00433333 
0.00434167 
0.00435417 
0.00436667 
0.00437917 
0.00438750 
0.00440000 
0.00441250 
0.00442083 
0.00443333 
0.00444583 
0.00445833 
0.00446667 
0.00447917 
0.00449167 
0.00450417 
0.00451250 
0.00452500 
0.00453750 
0.00454583 
0.00455833 
0.00457083 
0.00458333 
0.00459167 
0.00460417 
0.00461667 
0.00462917 
0.00463750 
0.00465000 
0.00466250 
0.00467083 
0.00468333 
0.00469583 
0.00470833 
0.00471667 
0.00472917 
0.00474167 
0.00475417 
0.00476250 
0.00477500 
0.00478750 
0.00479583 
0.00480833 
0.00482083 
0.00483333 
0.00484167 
0.00485417 
0.00486667 
0.00487917 
0.00488750 
0.00490000 
0.00491250 
0.00492083 
0.00493333 
0.00494583 
0.00495833 
0.00496667 
0.00497917 
0.00499167 
0.00501250 
0.00502500 
0.00503750 
0.00504583 
0.00505833 
0.00507083 
0.00508333 
0.00509167 
0.00510417 
0.00511667 
0.00512500 
0.00513750 
0.00515000 
0.00516250 
0.00517083 
0.00518333 
0.00519583 
0.00520833 
0.00521667 
0.00522917 
0.00524167 
0.00525000 
0.00526250 
0.00527500 
0.00528750 
0.00529583 
0.00530833 
0.00532083 
0.00533333 
0.00534167 
0.00535417 
0.00536667 
0.00537917 
0.00538750 
0.00540000 
0.00541250 
0.00542083 
0.00543333 
0.00544583 
0.00545833 
0.00546667 
0.00547917 
0.00549167 
0.00550417 
0.00551250 
0.00552500 
0.00553750 
0.00554583 
0.00555833 
0.00557083 
0.00558333 
0.00559167 
0.00560417 
0.00561667 
0.00562917 
0.00563750 
0.00565000 
0.00566250 
0.00567083 
0.00568333 
0.00569583 
0.00570833 
0.00571667 
0.00572917 
0.00574167 
0.00575417 
0.00576250 
0.00577500 
0.00578750 
0.00579583 
0.00580833 
0.00582083 
0.00583333 
0.00584167 
0.00585417 
0.00586667 
0.00587917 
0.00588750 
0.00590000 
0.00591250 
0.00592083 
0.00593333 
0.00594583 
0.00595833 
0.00596667 
0.00597917 
0.00599167 
0.00601250 
0.00602500 
0.00603750 
0.00604583 
0.00605833 
0.00607083 
0.00608333 
0.00609167 
0.00610417 
0.00611667 
0.00612500 
0.00613750 
0.00615000 
0.00616250 
0.00617083 
0.00618333 
0.00619583 
0.00620833 
0.00621667 
0.00622917 
0.00624167 
0.00625000 
0.00626250 
0.00627500 
0.00628750 
0.00629583 
0.00630833 
0.00632083 
0.00633333 
0.00634167 
0.00635417 
0.00636667 
0.00637917 
0.00638750 
0.00640000 
0.00641250 
0.00642083 
0.00643333 
0.00644583 
0.00645833 
0.00646667 
0.00647917 
0.00649167 
0.00650417 
0.00651250 
0.00652500 
0.00653750 
0.00654583 
0.00655833 
0.00657083 
0.00658333 
0.00659167 
0.00660417 
0.00661667 
0.00662917 
0.00663750 
0.00665000 
0.00666250 
0.00667083 
0.00668333 
0.00669583 
0.00670833 
0.00671667 
0.00672917 
0.00674167 
0.00675417 
0.00676250 
0.00677500 
0.00678750 
0.00679583 
0.00680833 
0.00682083 
0.00683333 
0.00684167 
0.00685417 
0.00686667 
0.00687917 
0.00688750 
0.00690000 
0.00691250 
0.00692083 
0.00693333 
0.00694583 
0.00695833 
0.00696667 
0.00697917 
0.00699167 
0.00701250 
0.00702500 
0.00703750 
0.00704583 
0.00705833 
0.00707083 
0.00708333 
0.00709167 
0.00710417 
0.00711667 
0.00712500 
0.00713750 
0.00715000 
0.00716250 
0.00717083 
0.00718333 
0.00719583 
0.00720833 
0.00721667 
0.00722917 
0.00724167 
0.00725000 
0.00726250 
0.00727500 
0.00728750 
0.00729583 
0.00730833 
0.00732083 
0.00733333 
0.00734167 
0.00735417 
0.00736667 
0.00737917 
0.00738750 
0.00740000 
0.00741250 
0.00742083 
0.00743333 
0.00744583 
0.00745833 
0.00746667 
0.00747917 
0.00749167 
0.00750417 
0.00751250 
0.00752500 
0.00753750 
0.00754583 
0.00755833 
0.00757083 
0.00758333 
0.00759167 
0.00760417 
0.00761667 
0.00762917 
0.00763750 
0.00765000 
0.00766250 
0.00767083 
0.00768333 
0.00769583 
0.00770833 
0.00771667 
0.00772917 
0.00774167 
0.00775417 
0.00776250 
0.00777500 
0.00778750 
0.00779583 
0.00780833 
0.00782083 
0.00783333 
0.00784167 
0.00785417 
0.00786667 
0.00787917 
0.00788750 
0.00790000 
0.00791250 
0.00792083 
0.00793333 
0.00794583 
0.00795833 
0.00796667 
0.00797917 
0.00799167 
0.00801250 
0.00802500 
0.00803750 
0.00804583 
0.00805833 
0.00807083 
0.00808333 
0.00809167 
0.00810417 
0.00811667 
0.00812500 
0.00813750 
0.00815000 
0.00816250 
0.00817083 
0.00818333 
0.00819583 
0.00820833 
0.00821667 
0.00822917 
0.00824167 
0.00825000 
0.00826250 
0.00827500 
0.00828750 
0.00829583 
0.00830833 
0.00832083 
0.00833333 
0.00834167 
0.00835417 
0.00836667 
0.00837917 
0.00838750 
0.00840000 
0.00841250 
0.00842083 
0.00843333 
0.00844583 
0.00845833 
0.00846667 
0.00847917 
0.00849167 
0.00850417 
0.00851250 
0.00852500 
0.00853750 
0.00854583 
0.00855833 
0.00857083 
0.00858333 
0.00859167 
0.00860417 
0.00861667 
0.00862917 
0.00863750 
0.00865000 
0.00866250 
0.00867083 
0.00868333 
0.00869583 
0.00870833 
0.00871667 
0.00872917 
0.00874167 
0.00875417 
0.00876250 
0.00877500 
0.00878750 
0.00879583 
0.00880833 
0.00882083 
0.00883333 
0.00884167 
0.00885417 
0.00886667 
0.00887917 
0.00888750 
0.00890000 
0.00891250 
0.00892083 
0.00893333 
0.00894583 
0.00895833 
0.00896667 
0.00897917 
0.00899167 
0.00901250 
0.00902500 
0.00903750 
0.00904583 
0.00905833 
0.00907083 
0.00908333 
0.00909167 
0.00910417 
0.00911667 
0.00912500 
0.00913750 
0.00915000 
0.00916250 
0.00917083 
0.00918333 
0.00919583 
0.00920833 
0.00921667 
0.00922917 
0.00924167 
0.00925000 
0.00926250 
0.00927500 
0.00928750 
0.00929583 
0.00930833 
0.00932083 
0.00933333 
0.00934167 
0.00935417 
0.00936667 
0.00937917 
0.00938750 
0.00940000 
0.00941250 
0.00942083 
0.00943333 
0.00944583 
0.00945833 
0.00946667 
0.00947917 
0.00949167 
0.00950417 
0.00951250 
0.00952500 
0.00953750 
0.00954583 
0.00955833 
0.00957083 
0.00958333 
0.00959167 
0.00960417 
0.00961667 
0.00962917 
0.00963750 
0.00965000 
0.00966250 
0.00967083 
0.00968333 
0.00969583 
0.00970833 
0.00971667 
0.00972917 
0.00974167 
0.00975417 
0.00976250 
0.00977500 
0.00978750 
0.00979583 
0.00980833 
0.00982083 
0.00983333 
0.00984167 
0.00985417 
0.00986667 
0.00987917 
0.00988750 
0.00990000 
0.00991250 
0.00992083 
0.00993333 
0.00994583 
0.00995833 
0.00996667 
0.00997917 
0.00999167 
0.01001250 
0.01002500 
0.01003750 
0.01004583 
0.01005833 
0.01007083 
0.01008333 
0.01009167 
0.01010417 
0.01011667 
0.01012500 
0.01013750 
0.01015000 
0.01016250 
0.01017083 
0.01018333 
0.01019583 
0.01020833 
0.01021667 
0.01022917 
0.01024167 
0.01025000 
0.01026250 
0.01027500 
0.01028750 
0.01029583 
0.01030833 
0.01032083 
0.01033333 
0.01034167 
0.01035417 
0.01036667 
0.01037917 
0.01038750 
0.01040000 
0.01041250 
0.01042083 
0.01043333 
0.01044583 
0.01045833 
0.01046667 
0.01047917 
0.01049167 
0.01050417 
0.01051250 
0.01052500 
0.01053750 
0.01054583 
0.01055833 
0.01057083 
0.01058333 
0.01059167 
0.01060417 
0.01061667 
0.01062917 
0.01063750 
0.01065000 
0.01066250 
0.01067083 
0.01068333 
0.01069583 
0.01070833 
0.01071667 
0.01072917 
0.01074167 
0.01075417 
0.01076250 
0.01077500 
0.01078750 
0.01079583 
0.01080833 
0.01082083 
0.01083333 
0.01084167 
0.01085417 
0.01086667 
0.01087917 
0.01088750 
0.01090000 
0.01091250 
0.01092083 
0.01093333 
0.01094583 
0.01095833 
0.01096667 
0.01097917 
0.01099167 
0.01101250 
0.01102500 
0.01103750 
0.01104583 
0.01105833 
0.01107083 
0.01108333 
0.01109167 
0.01110417 
0.01111667 
0.01112500 
0.01113750 
0.01115000 
0.01116250 
0.01117083 
0.01118333 
0.01119583 
0.01120833 
0.01121667 
0.01122917 
0.01124167 
0.01125000 
0.01126250 
0.01127500 
0.01128750 
0.01129583 
0.01130833 
0.01132083 
0.01133333 
0.01134167 
0.01135417 
0.01136667 
0.01137917 
0.01138750 
0.01140000 
0.01141250 
0.01142083 
0.01143333 
0.01144583 
0.01145833 
0.01146667 
0.01147917 
0.01149167 
0.01150417 
0.01151250 
0.01152500 
0.01153750 
0.01154583 
0.01155833 
0.01157083 
0.01158333 
0.01159167 
0.01160417 
0.01161667 
0.01162917 
0.01163750 
0.01165000 
0.01166250 
0.01167083 
0.01168333 
0.01169583 
0.01170833 
0.01171667 
0.01172917 
0.01174167 
0.01175417 
0.01176250 
0.01177500 
0.01178750 
0.01179583 
0.01180833 
0.01182083 
0.01183333 
0.01184167 
0.01185417 
0.01186667 
0.01187917 
0.01188750 
0.01190000 
0.01191250 
0.01192083 
0.01193333 
0.01194583 
0.01195833 
0.01196667 
0.01197917 
0.01199167 
0.01201250 
0.01202500 
0.01203750 
0.01204583 
0.01205833 
0.01207083 
0.01208333 
0.01209167 
0.01210417 
0.01211667 
0.01212500 
0.01213750 
0.01215000 
0.01216250 
0.01217083 
0.01218333 
0.01219583 
0.01220833 
0.01221667 
0.01222917 
0.01224167 
0.01225000 
0.01226250 
0.01227500 
0.01228750 
0.01229583 
0.01230833 
0.01232083 
0.01233333 
0.01234167 
0.01235417 
0.01236667 
0.01237917 
0.01238750 
0.01240000 
0.01241250 
0.01242083 
0.01243333 
0.01244583 
0.01245833 
0.01246667 
0.01247917 
0.01249167 
0.01250417 
0.01251250 
0.01252500 
0.01253750 
0.01254583 
0.01255833 
0.01257083 
0.01258333 
0.01259167 
0.01260417 
0.01261667 
0.01262917 
0.01263750 
0.01265000 
0.01266250 
0.01267083 
0.01268333 
0.01269583 
0.01270833 
0.01271667 
0.01272917 
0.01274167 
0.01275417 
0.01276250 
0.01277500 
0.01278750 
0.01279583 
0.01280833 
0.01282083 
0.01283333 
0.01284167 
0.01285417 
0.01286667 
0.01287917 
0.01288750 
0.01290000 
0.01291250 
0.01292083 
0.01293333 
0.01294583 
0.01295833 
0.01296667 
0.01297917 
0.01299167 
0.01301250 
0.01302500 
0.01303750 
0.01304583 
0.01305833 
0.01307083 
0.01308333 
0.01309167 
0.01310417 
0.01311667 
0.01312500 
0.01313750 
0.01315000 
0.01316250 
0.01317083 
0.01318333 
0.01319583 
0.01320833 
0.01321667 
0.01322917 
0.01324167 
0.01325000 
0.01326250 
0.01327500 
0.01328750 
0.01329583 
0.01330833 
0.01332083 
0.01333333 
0.01334167 
0.01335417 
0.01336667 
0.01337917 
0.01338750 
0.01340000 
0.01341250 
0.01342083 
0.01343333 
0.01344583 
0.01345833 
0.01346667 
0.01347917 
0.01349167 
0.01350417 
0.01351250 
0.01352500 
0.01353750 
0.01354583 
0.01355833 
0.01357083 
0.01358333 
0.01359167 
0.01360417 
0.01361667 
0.01362917 
0.01363750 
0.01365000 
0.01366250 
0.01367083 
0.01368333 
0.01369583 
0.01370833 
0.01371667 
0.01372917 
0.01374167 
0.01375417 
0.01376250 
0.01377500 
0.01378750 
0.01379583 
0.01380833 
0.01382083 
0.01383333 
0.01384167 
0.01385417 
0.01386667 
0.01387917 
0.01388750 
0.01390000 
0.01391250 
0.01392083 
0.01393333 
0.01394583 
0.01395833 
0.01396667 
0.01397917 
0.01399167 
0.01401250 
0.01402500 
0.01403750 
0.01404583 
0.01405833 
0.01407083 
0.01408333 
0.01409167 
0.01410417 
0.01411667 
0.01412500 
0.01413750 
0.01415000 
0.01416250 
0.01417083 
0.01418333 
0.01419583 
0.01420833 
0.01421667 
0.01422917 
0.01424167 
0.01425000 
0.01426250 
0.01427500 
0.01428750 
0.01429583 
0.01430833 
0.01432083 
0.01433333 
0.01434167 
0.01435417 
0.01436667 
0.01437917 
0.01438750 
0.01440000 
0.01441250 
0.01442083 
0.01443333 
0.01444583 
0.01445833 
0.01446667 
0.01447917 
0.01449167 
0.01450417 
0.01451250 
0.01452500 
0.01453750 
0.01454583 
0.01455833 
0.01457083 
0.01458333 
0.01459167 
0.01460417 
0.01461667 
0.01462917 
0.01463750 
0.01465000 
0.01466250 
0.01467083 
0.01468333 
0.01469583 
0.01470833 
0.01471667 
0.01472917 
0.01474167 
0.01475417 
0.01476250 
0.01477500 
0.01478750 
0.01479583 
0.01480833 
0.01482083 
0.01483333 
0.01484167 
0.01485417 
0.01486667 
0.01487917 
0.01488750 
0.01490000 
0.01491250 
0.01492083 
0.01493333 
0.01494583 
0.01495833 
0.01496667 
0.01497917 
0.01499167 
0.01501250 
0.01502500 
0.01503750 
0.01504583 
0.01505833 
0.01507083 
0.01508333 
0.01509167 
0.01510417 
0.01511667 
0.01512500 
0.01513750 
0.01515000 
0.01516250 
0.01517083 
0.01518333 
0.01519583 
0.01520833 
0.01521667 
0.01522917 
0.01524167 
0.01525000 
0.01526250 
0.01527500 
0.01528750 
0.01529583 
0.01530833 
0.01532083 
0.01533333 
0.01534167 
0.01535417 
0.01536667 
0.01537917 
0.01538750 
0.01540000 
0.01541250 
0.01542083 
0.01543333 
0.01544583 
0.01545833 
0.01546667 
0.01547917 
0.01549167 
0.01550417 
0.01551250 
0.01552500 
0.01553750 
0.01554583 
0.01555833 
0.01557083 
0.01558333 
0.01559167 
0.01560417 
0.01561667 
0.01562917 
0.01563750 
0.01565000 
0.01566250 
0.01567083 
0.01568333 
0.01569583 
0.01570833 
0.01571667 
0.01572917 
0.01574167 
0.01575417 
0.01576250 
0.01577500 
0.01578750 
0.01579583 
0.01580833 
0.01582083 
0.01583333 
0.01584167 
0.01585417 
0.01586667 
0.01587917 
0.01588750 
0.01590000 
0.01591250 
0.01592083 
0.01593333 
0.01594583 
0.01595833 
0.01596667 
0.01597917 
0.01599167 
0.01601250 
0.01602500 
0.01603750 
0.01604583 
0.01605833 
0.01607083 
0.01608333 
0.01609167 
0.01610417 
0.01611667 
0.01612500 
0.01613750 
0.01615000 
0.01616250 
0.01617083 
0.01618333 
0.01619583 
0.01620833 
0.01621667 
0.01622917 
0.01624167 
0.01625000 
0.01626250 
0.01627500 
0.01628750 
0.01629583 
0.01630833 
0.01632083 
0.01633333 
0.01634167 
0.01635417 
0.01636667 
0.01637917 
0.01638750 
0.01640000 
0.01641250 
0.01642083 
0.01643333 
0.01644583 
0.01645833 
0.01646667 
0.01647917 
0.01649167 
0.01650417 
0.01651250 
0.01652500 
0.01653750 
0.01654583 
0.01655833 
0.01657083 
0.01658333 
0.01659167 
0.01660417 
0.01661667 
0.01662917 
0.01663750 
0.01665000 
0.01666250 
0.01667083 
0.01668333 
0.01669583 
0.01670833 
0.01671667 
0.01672917 
0.01674167 
0.01675417 
0.01676250 
0.01677500 
0.01678750 
0.01679583 
0.01680833 
0.01682083 
0.01683333 
0.01684167 
0.01685417 
0.01686667 
0.01687917 
0.01688750 
0.01690000 
0.01691250 
0.01692083 
0.01693333 
0.01694583 
0.01695833 
0.01696667 
0.01697917 
0.01699167 
0.01701250 
0.01702500 
0.01703750 
0.01704583 
0.01705833 
0.01707083 
0.01708333 
0.01709167 
0.01710417 
0.01711667 
0.01712500 
0.01713750 
0.01715000 
0.01716250 
0.01717083 
0.01718333 
0.01719583 
0.01720833 
0.01721667 
0.01722917 
0.01724167 
0.01725000 
0.01726250 
0.01727500 
0.01728750 
0.01729583 
0.01730833 
0.01732083 
0.01733333 
0.01734167 
0.01735417 
0.01736667 
0.01737917 
0.01738750 
0.01740000 
0.01741250 
0.01742083 
0.01743333 
0.01744583 
0.01745833 
0.01746667 
0.01747917 
0.01749167 
0.01750417 
0.01751250 
0.01752500 
0.01753750 
0.01754583 
0.01755833 
0.01757083 
0.01758333 
0.01759167 
0.01760417 
0.01761667 
0.01762917 
0.01763750 
0.01765000 
0.01766250 
0.01767083 
0.01768333 
0.01769583 
0.01770833 
0.01771667 
0.01772917 
0.01774167 
0.01775417 
0.01776250 
0.01777500 
0.01778750 
0.01779583 
0.01780833 
0.01782083 
0.01783333 
0.01784167 
0.01785417 
0.01786667 
0.01787917 
0.01788750 
0.01790000 
0.01791250 
0.01792083 
0.01793333 
0.01794583 
0.01795833 
0.01796667 
0.01797917 
0.01799167 
0.01801250 
0.01802500 
0.01803750 
0.01804583 
0.01805833 
0.01807083 
0.01808333 
0.01809167 
0.01810417 
0.01811667 
0.01812500 
0.01813750 
0.01815000 
0.01816250 
0.01817083 
0.01818333 
0.01819583 
0.01820833 
0.01821667 
0.01822917 
0.01824167 
0.01825000 
0.01826250 
0.01827500 
0.01828750 
0.01829583 
0.01830833 
0.01832083 
0.01833333 
0.01834167 
0.01835417 
0.01836667 
0.01837917 
0.01838750 
0.01840000 
0.01841250 
0.01842083 
0.01843333 
0.01844583 
0.01845833 
0.01846667 
0.01847917 
0.01849167 
0.01850417 
0.01851250 
0.01852500 
0.01853750 
0.01854583 
0.01855833 
0.01857083 
0.01858333 
0.01859167 
0.01860417 
0.01861667 
0.01862917 
0.01863750 
0.01865000 
0.01866250 
0.01867083 
0.01868333 
0.01869583 
0.01870833 
0.01871667 
0.01872917 
0.01874167 
0.01875417 
0.01876250 
0.01877500 
0.01878750 
0.01879583 
0.01880833 
0.01882083 
0.01883333 
0.01884167 
0.01885417 
0.01886667 
0.01887917 
0.01888750 
0.01890000 
0.01891250 
0.01892083 
0.01893333 
0.01894583 
0.01895833 
0.01896667 
0.01897917 
0.01899167 
0.01901250 
0.01902500 
0.01903750 
0.01904583 
0.01905833 
0.01907083 
0.01908333 
0.01909167 
0.01910417 
0.01911667 
0.01912500 
0.01913750 
0.01915000 
0.01916250 
0.01917083 
0.01918333 
0.01919583 
0.01920833 
0.01921667 
0.01922917 
0.01924167 
0.01925000 
0.01926250 
0.01927500 
0.01928750 
0.01929583 
0.01930833 
0.01932083 
0.01933333 
0.01934167 
0.01935417 
0.01936667 
0.01937917 
0.01938750 
0.01940000 
0.01941250 
0.01942083 
0.01943333 
0.01944583 
0.01945833 
0.01946667 
0.01947917 
0.01949167 
0.01950417 
0.01951250 
0.01952500 
0.01953750 
0.01954583 
0.01955833 
0.01957083 
0.01958333 
0.01959167 
0.01960417 
0.01961667 
0.01962917 
0.01963750 
0.01965000 
0.01966250 
0.01967083 
0.01968333 
0.01969583 
0.01970833 
0.01971667 
0.01972917 
0.01974167 
0.01975417 
0.01976250 
0.01977500 
0.01978750 
0.01979583 
0.01980833 
0.01982083 
0.01983333 
0.01984167 
0.01985417 
0.01986667 
0.01987917 
0.01988750 
0.01990000 
0.01991250 
0.01992083 
0.01993333 
0.01994583 
0.01995833 
0.01996667 
0.01997917 
0.01999167 
