0.000000000000000000e+00 0.000000000000000000e+00
1.250000000000000069e-02 6.142893145164086688e-01
2.500000000000000486e-02 -2.150012600805762730e+00
3.750000000000001249e-02 -1.842867943549226117e+00
4.583333333333334397e-02 -1.842867943547557896e+00
5.833333333333335508e-02 -4.300025201613192571e+00
7.083333333333334536e-02 -3.378591229838581178e+00
8.333333333333335646e-02 -4.914314516129601351e+00
9.166666666666668795e-02 -2.150012600805763174e+00
1.041666666666666990e-01 -5.221459173387806629e+00
1.166666666666667102e-01 -5.221459173386137742e+00
1.250000000000000278e-01 -3.992880544354988182e+00
1.375000000000000389e-01 -5.221459173387802188e+00
1.500000000000000500e-01 -6.757182459677166797e+00
1.625000000000000333e-01 -6.757182459677157915e+00
1.708333333333333925e-01 -3.685735887096785568e+00
1.833333333333333759e-01 -5.221459173387802188e+00
1.958333333333333870e-01 -4.607169858871396961e+00
2.083333333333333981e-01 -3.992880544353323735e+00
2.166666666666667296e-01 -1.535723286291016176e+00
2.291666666666667407e-01 -1.842867943549231446e+00
2.416666666666667518e-01 -1.228578629031149339e+00
2.500000000000000555e-01 -1.535723286291016176e+00
2.625000000000000111e-01 -2.150012600805769392e+00
2.749999999999999112e-01 -2.457157258065636452e+00
2.874999999999998113e-01 -1.228578629031149339e+00
2.958333333333331150e-01 -9.214339717746029557e-01
3.083333333333330151e-01 0.000000000000000000e+00
3.208333333333329707e-01 3.071446572582066659e-01
3.333333333333328707e-01 -6.142893145164133317e-01
3.416666666666661745e-01 3.071446572582066659e-01
3.541666666666660745e-01 -3.071446572582066659e-01
3.666666666666660301e-01 -3.071446572580372347e+00
3.791666666666659302e-01 -1.228578629032826663e+00
3.874999999999992339e-01 -1.535723286289356171e+00
3.999999999999991340e-01 -1.842867943549222787e+00
4.124999999999990896e-01 -1.535723286289356171e+00
4.208333333333323378e-01 3.071446572582066659e-01
4.333333333333322934e-01 -1.535723286291016176e+00
4.458333333333321935e-01 6.142893145164133317e-01
4.583333333333321491e-01 -9.214339717746199421e-01
4.666666666666653973e-01 0.000000000000000000e+00
4.791666666666653529e-01 -2.457157258063958682e+00
4.916666666666653085e-01 -2.764301915322182612e+00
5.041666666666652086e-01 -9.214339717746029557e-01
5.124999999999985123e-01 -3.071446572582066659e-01
5.249999999999984679e-01 -3.071446572582066659e-01
5.374999999999984235e-01 3.071446572582066659e-01
5.458333333333316162e-01 0.000000000000000000e+00
5.583333333333315718e-01 3.071446572582066659e-01
5.708333333333315274e-01 0.000000000000000000e+00
5.833333333333314830e-01 -9.214339717746199421e-01
5.916666666666646757e-01 -6.142893145164133317e-01
6.041666666666646313e-01 -1.228578629031149339e+00
6.166666666666645868e-01 -9.214339717746029557e-01
6.291666666666644314e-01 3.071446572582066659e-01
6.374999999999977351e-01 -9.214339717746199421e-01
6.499999999999976907e-01 9.214339717746199421e-01
6.624999999999976463e-01 0.000000000000000000e+00
6.708333333333309501e-01 -6.142893145164133317e-01
6.833333333333307946e-01 -6.142893145164133317e-01
6.958333333333307502e-01 -3.071446572582066659e-01
7.083333333333307058e-01 -9.214339717746029557e-01
7.166666666666640095e-01 -3.071446572582066659e-01
7.291666666666638541e-01 0.000000000000000000e+00
7.416666666666638097e-01 3.071446572582066659e-01
7.541666666666637653e-01 3.071446572582066659e-01
7.624999999999969580e-01 -3.071446572582066659e-01
7.749999999999969136e-01 9.214339717746029557e-01
7.874999999999968692e-01 0.000000000000000000e+00
7.958333333333301729e-01 -1.228578629032809788e+00
8.083333333333300175e-01 3.071446572582066659e-01
8.208333333333299731e-01 3.071446572582066659e-01
8.333333333333299286e-01 0.000000000000000000e+00
8.416666666666632324e-01 3.071446572581896794e-01
8.541666666666630769e-01 3.071446572582066659e-01
8.666666666666630325e-01 1.228578629032826663e+00
8.791666666666629881e-01 0.000000000000000000e+00
8.874999999999962919e-01 6.142893145163962343e-01
8.999999999999961364e-01 -9.214339717746029557e-01
9.124999999999960920e-01 -9.214339717746199421e-01
9.208333333333293957e-01 0.000000000000000000e+00
9.333333333333293513e-01 -6.142893145163962343e-01
9.458333333333291959e-01 6.142893145163962343e-01
9.583333333333291515e-01 1.842867943549222787e+00
9.666666666666624552e-01 -6.142893145163962343e-01
9.791666666666625218e-01 1.535723286289356171e+00
9.916666666666623664e-01 0.000000000000000000e+00
1.012499999999999956e+00 0.000000000000000000e+00
1.025000000000000133e+00 -6.142893145147531042e-01
1.037500000000000089e+00 3.071446572565464939e-01
1.045833333333333393e+00 9.214339717746029557e-01
1.058333333333333348e+00 1.535723286291033052e+00
1.070833333333333304e+00 2.457157258063958682e+00
1.083333333333333259e+00 1.228578629032826663e+00
1.091666666666666785e+00 9.214339717746029557e-01
1.104166666666666741e+00 1.842867943547562781e+00
1.116666666666666696e+00 9.214339717746029557e-01
1.125000000000000222e+00 -3.071446572581896794e-01
1.137499999999999956e+00 9.214339717746029557e-01
1.149999999999999911e+00 1.228578629031149339e+00
1.162500000000000089e+00 2.150012600807429397e+00
1.170833333333333393e+00 3.071446572582066659e-01
1.183333333333333348e+00 2.457157258063976002e+00
1.195833333333333526e+00 2.150012600805752516e+00
1.208333333333333481e+00 6.142893145164133317e-01
1.216666666666666785e+00 9.214339717746029557e-01
1.229166666666666741e+00 -6.142893145163962343e-01
1.241666666666666696e+00 -6.142893145164133317e-01
1.250000000000000000e+00 3.071446572582066659e-01
1.262499999999999956e+00 0.000000000000000000e+00
1.274999999999999911e+00 1.228578629032809788e+00
1.287499999999999867e+00 6.142893145164133317e-01
1.295833333333333171e+00 1.228578629031149339e+00
1.308333333333332904e+00 9.214339717746199421e-01
1.320833333333332860e+00 0.000000000000000000e+00
1.333333333333332815e+00 3.071446572581896794e-01
1.341666666666666119e+00 -9.214339717746029557e-01
1.354166666666666075e+00 3.071446572582066659e-01
1.366666666666666030e+00 -3.071446572582066659e-01
1.379166666666665986e+00 3.071446572582066659e-01
1.387499999999999289e+00 -3.071446572582066659e-01
1.399999999999999023e+00 1.535723286291016176e+00
1.412499999999998979e+00 9.214339717746199421e-01
1.420833333333332282e+00 0.000000000000000000e+00
1.433333333333332238e+00 -6.142893145164133317e-01
1.445833333333332194e+00 0.000000000000000000e+00
1.458333333333332149e+00 -6.142893145164133317e-01
1.466666666666665453e+00 0.000000000000000000e+00
1.479166666666665408e+00 -6.142893145163962343e-01
1.491666666666665364e+00 6.142893145163962343e-01
1.504166666666665320e+00 3.071446572582066659e-01
1.512499999999998623e+00 1.228578629031149339e+00
1.524999999999998579e+00 3.071446572582066659e-01
1.537499999999998535e+00 0.000000000000000000e+00
1.545833333333331838e+00 3.071446572582066659e-01
1.558333333333331794e+00 -3.071446572582066659e-01
1.570833333333331527e+00 -6.142893145147361178e-01
1.583333333333331483e+00 -6.142893145164133317e-01
1.591666666666664787e+00 1.228578629031149339e+00
1.604166666666664742e+00 0.000000000000000000e+00
1.616666666666664698e+00 1.842867943549231446e+00
1.629166666666664653e+00 -9.214339717746113934e-01
1.637499999999997957e+00 6.142893145163962343e-01
1.649999999999997913e+00 6.142893145164133317e-01
1.662499999999997646e+00 -1.228578629032809788e+00
1.670833333333330950e+00 6.142893145163962343e-01
1.683333333333330906e+00 -1.228578629032809788e+00
1.695833333333330861e+00 -9.214339717729427282e-01
1.708333333333330817e+00 6.142893145147361178e-01
1.716666666666664121e+00 3.071446572582066659e-01
1.729166666666664076e+00 1.228578629032809788e+00
1.741666666666664032e+00 3.071446572582151036e-01
1.754166666666663765e+00 -3.071446572582151036e-01
1.762499999999997069e+00 -3.071446572581896794e-01
1.774999999999997025e+00 3.071446572581896794e-01
1.787499999999996980e+00 -6.142893145163962343e-01
1.795833333333330284e+00 0.000000000000000000e+00
1.808333333333330240e+00 3.071446572582066659e-01
1.820833333333330195e+00 6.142893145164048940e-01
1.833333333333330151e+00 3.071446572581981171e-01
1.841666666666663232e+00 0.000000000000000000e+00
1.854166666666663188e+00 -3.071446572581981171e-01
1.866666666666663144e+00 6.142893145164048940e-01
1.879166666666663099e+00 6.142893145164048940e-01
1.887499999999996403e+00 0.000000000000000000e+00
1.899999999999996358e+00 -1.228578629032809788e+00
1.912499999999996314e+00 3.071446572581981171e-01
1.920833333333329618e+00 6.142893145164133317e-01
1.933333333333329351e+00 -3.071446572582066659e-01
1.945833333333329307e+00 1.228578629031149339e+00
1.958333333333329263e+00 -3.071446572582066659e-01
1.966666666666662566e+00 -9.214339717729427282e-01
1.979166666666662522e+00 3.071446572582066659e-01
1.991666666666662477e+00 0.000000000000000000e+00
2.012500000000000178e+00 -9.214339717746113934e-01
2.024999999999999911e+00 0.000000000000000000e+00
2.037500000000000089e+00 6.142893145164048940e-01
2.045833333333333393e+00 6.142893145164048940e-01
2.058333333333333570e+00 -6.142893145164048940e-01
2.070833333333333304e+00 -6.142893145164048940e-01
2.083333333333333481e+00 -6.142893145164048940e-01
2.091666666666666785e+00 -6.142893145164133317e-01
2.104166666666666963e+00 -6.142893145164133317e-01
2.116666666666666696e+00 0.000000000000000000e+00
2.125000000000000000e+00 -6.142893145147361178e-01
2.137500000000000178e+00 3.071446572565295074e-01
2.149999999999999911e+00 9.214339717746199421e-01
2.162500000000000089e+00 -9.214339717746199421e-01
2.170833333333333837e+00 -3.071446572565295074e-01
2.183333333333333570e+00 3.071446572565295074e-01
2.195833333333333304e+00 -3.071446572565295074e-01
2.208333333333333481e+00 -9.214339717746199421e-01
2.216666666666666785e+00 6.142893145164133317e-01
2.229166666666666519e+00 -6.142893145164133317e-01
2.241666666666667140e+00 6.142893145164133317e-01
2.250000000000000444e+00 -3.071446572582066659e-01
2.262500000000000178e+00 6.142893145164133317e-01
2.274999999999999911e+00 -3.071446572582066659e-01
2.287500000000000089e+00 3.071446572582066659e-01
2.295833333333333393e+00 -9.214339717746199421e-01
2.308333333333333126e+00 3.071446572582066659e-01
2.320833333333333304e+00 -3.071446572582066659e-01
2.333333333333333037e+00 6.142893145164133317e-01
2.341666666666666341e+00 -3.071446572582066659e-01
2.354166666666666519e+00 3.071446572582066659e-01
2.366666666666666252e+00 0.000000000000000000e+00
2.379166666666665986e+00 0.000000000000000000e+00
2.387499999999999289e+00 -6.142893145164133317e-01
2.399999999999999467e+00 3.071446572582066659e-01
2.412499999999999201e+00 -3.071446572582066659e-01
2.420833333333332504e+00 -3.071446572582066659e-01
2.433333333333332682e+00 3.071446572582066659e-01
2.445833333333332416e+00 -6.142893145164133317e-01
2.458333333333332149e+00 -3.071446572581896794e-01
2.466666666666665453e+00 1.228578629032809788e+00
2.479166666666665630e+00 0.000000000000000000e+00
2.491666666666665364e+00 6.142893145164133317e-01
2.504166666666665542e+00 -3.071446572582066659e-01
2.512499999999998845e+00 0.000000000000000000e+00
2.524999999999998579e+00 -1.228578629032826663e+00
2.537499999999998312e+00 3.071446572582066659e-01
2.545833333333331616e+00 -3.071446572582066659e-01
2.558333333333331794e+00 3.071446572582066659e-01
2.570833333333331527e+00 6.142893145164133317e-01
2.583333333333331705e+00 -6.142893145164133317e-01
2.591666666666665009e+00 0.000000000000000000e+00
2.604166666666664742e+00 0.000000000000000000e+00
2.616666666666664920e+00 9.214339717746199421e-01
2.629166666666664653e+00 -9.214339717746199421e-01
2.637499999999997957e+00 0.000000000000000000e+00
2.649999999999997691e+00 0.000000000000000000e+00
2.662499999999997868e+00 -6.142893145163962343e-01
2.670833333333331172e+00 3.071446572581896794e-01
2.683333333333330906e+00 1.228578629032826663e+00
2.695833333333331083e+00 3.071446572582066659e-01
2.708333333333330817e+00 -3.071446572582066659e-01
2.716666666666664121e+00 3.071446572582066659e-01
2.729166666666663854e+00 0.000000000000000000e+00
2.741666666666664032e+00 -9.214339717746199421e-01
2.754166666666663765e+00 3.071446572582066659e-01
2.762499999999997069e+00 -9.214339717746199421e-01
2.774999999999997247e+00 3.071446572582066659e-01
2.787499999999996980e+00 0.000000000000000000e+00
2.795833333333330284e+00 -6.142893145163962343e-01
2.808333333333330017e+00 9.214339717746029557e-01
2.820833333333330195e+00 -3.071446572582066659e-01
2.833333333333329929e+00 3.071446572582066659e-01
2.841666666666663232e+00 -9.214339717746029557e-01
2.854166666666663410e+00 0.000000000000000000e+00
2.866666666666663144e+00 -9.214339717746199421e-01
2.879166666666663321e+00 3.071446572582066659e-01
2.887499999999996625e+00 -3.071446572582066659e-01
2.899999999999996358e+00 1.228578629032809788e+00
2.912499999999996092e+00 0.000000000000000000e+00
2.920833333333329396e+00 -6.142893145163962343e-01
2.933333333333329573e+00 3.071446572582066659e-01
2.945833333333329307e+00 3.071446572581896794e-01
2.958333333333329485e+00 0.000000000000000000e+00
2.966666666666662788e+00 -3.071446572581896794e-01
2.979166666666662522e+00 0.000000000000000000e+00
2.991666666666662255e+00 -6.142893145164133317e-01
3.012500000000000178e+00 3.071446572582066659e-01
3.024999999999999911e+00 -3.071446572582066659e-01
3.037500000000000089e+00 6.142893145164133317e-01
3.045833333333333393e+00 -3.071446572582066659e-01
3.058333333333333570e+00 9.214339717746029557e-01
3.070833333333333304e+00 -9.214339717746029557e-01
3.083333333333333481e+00 3.071446572582066659e-01
3.091666666666666785e+00 -3.071446572582066659e-01
3.104166666666666963e+00 3.071446572582066659e-01
3.116666666666666696e+00 -9.214339717746199421e-01
3.125000000000000000e+00 6.142893145164133317e-01
3.137500000000000178e+00 -3.071446572582066659e-01
3.149999999999999911e+00 0.000000000000000000e+00
3.162500000000000089e+00 0.000000000000000000e+00
3.170833333333333837e+00 3.071446572582066659e-01
3.183333333333333570e+00 0.000000000000000000e+00
3.195833333333333304e+00 0.000000000000000000e+00
3.208333333333333481e+00 -9.214339717746199421e-01
3.216666666666666785e+00 6.142893145164133317e-01
3.229166666666666519e+00 -9.214339717746199421e-01
3.241666666666667140e+00 0.000000000000000000e+00
3.250000000000000444e+00 3.071446572582066659e-01
3.262500000000000178e+00 -3.071446572582066659e-01
3.275000000000000355e+00 3.071446572582066659e-01
3.287500000000000089e+00 -9.214339717729427282e-01
3.295833333333333393e+00 3.071446572582066659e-01
3.308333333333333126e+00 -3.071446572582066659e-01
3.320833333333333304e+00 6.142893145147361178e-01
3.333333333333333037e+00 3.071446572582066659e-01
3.341666666666666341e+00 -3.071446572582066659e-01
3.354166666666666519e+00 3.071446572582066659e-01
3.366666666666666252e+00 0.000000000000000000e+00
3.379166666666665986e+00 0.000000000000000000e+00
3.387499999999999289e+00 9.214339717746199421e-01
3.399999999999999467e+00 -6.142893145164133317e-01
3.412499999999999201e+00 6.142893145164133317e-01
3.420833333333332504e+00 -9.214339717746199421e-01
3.433333333333332682e+00 6.142893145164133317e-01
3.445833333333332416e+00 -3.071446572582066659e-01
3.458333333333332149e+00 -9.214339717729427282e-01
3.466666666666665453e+00 6.142893145147361178e-01
3.479166666666665630e+00 0.000000000000000000e+00
3.491666666666665364e+00 3.071446572582066659e-01
3.504166666666665542e+00 -3.071446572582066659e-01
3.512499999999998845e+00 -3.071446572582066659e-01
3.524999999999998579e+00 -6.142893145147361178e-01
3.537499999999998757e+00 0.000000000000000000e+00
3.545833333333331616e+00 9.214339717729427282e-01
3.558333333333331794e+00 0.000000000000000000e+00
3.570833333333331527e+00 0.000000000000000000e+00
3.583333333333331705e+00 3.071446572582066659e-01
3.591666666666665009e+00 -3.071446572582066659e-01
3.604166666666664742e+00 0.000000000000000000e+00
3.616666666666664920e+00 3.071446572582066659e-01
3.629166666666664653e+00 0.000000000000000000e+00
3.637499999999997957e+00 -3.071446572582066659e-01
3.649999999999997691e+00 6.142893145164133317e-01
3.662499999999997868e+00 0.000000000000000000e+00
3.670833333333331172e+00 -6.142893145164133317e-01
3.683333333333330906e+00 3.071446572582066659e-01
3.695833333333331083e+00 3.071446572582066659e-01
3.708333333333330817e+00 -6.142893145164133317e-01
3.716666666666664121e+00 -3.071446572582066659e-01
3.729166666666663854e+00 -3.071446572565295074e-01
3.741666666666664032e+00 -3.071446572582066659e-01
3.754166666666663765e+00 3.071446572582066659e-01
3.762499999999997069e+00 0.000000000000000000e+00
3.774999999999997247e+00 3.071446572565295074e-01
3.787499999999996980e+00 0.000000000000000000e+00
3.795833333333330284e+00 -3.071446572565295074e-01
3.808333333333330017e+00 3.071446572565295074e-01
3.820833333333330195e+00 3.071446572582066659e-01
3.833333333333329929e+00 3.071446572582066659e-01
3.841666666666663232e+00 -6.142893145164133317e-01
3.854166666666663410e+00 1.228578629032826663e+00
3.866666666666663144e+00 -3.071446572582066659e-01
3.879166666666663321e+00 6.142893145164133317e-01
3.887499999999996625e+00 0.000000000000000000e+00
3.899999999999996358e+00 0.000000000000000000e+00
3.912499999999995648e+00 0.000000000000000000e+00
3.920833333333328952e+00 3.071446572581896794e-01
3.933333333333329573e+00 0.000000000000000000e+00
3.945833333333328863e+00 -9.214339717746029557e-01
3.958333333333329485e+00 3.071446572582066659e-01
3.966666666666662788e+00 -6.142893145164133317e-01
3.979166666666662078e+00 0.000000000000000000e+00
3.991666666666662255e+00 -3.071446572582066659e-01
4.012500000000000178e+00 3.071446572582066659e-01
4.025000000000000355e+00 3.071446572582066659e-01
4.037500000000000533e+00 -3.071446572582066659e-01
4.045833333333333393e+00 -3.071446572582066659e-01
4.058333333333332682e+00 0.000000000000000000e+00
4.070833333333333748e+00 0.000000000000000000e+00
4.083333333333333925e+00 3.071446572582066659e-01
4.091666666666666785e+00 0.000000000000000000e+00
4.104166666666666963e+00 3.071446572582066659e-01
4.116666666666667140e+00 9.214339717746029557e-01
4.125000000000000000e+00 -3.071446572581896794e-01
4.137500000000000178e+00 -3.071446572582066659e-01
4.150000000000000355e+00 -6.142893145164133317e-01
4.162500000000000533e+00 6.142893145164133317e-01
4.170833333333333393e+00 -3.071446572582066659e-01
4.183333333333333570e+00 3.071446572582066659e-01
4.195833333333333748e+00 3.071446572582066659e-01
4.208333333333333925e+00 -6.142893145164133317e-01
4.216666666666666785e+00 9.214339717746029557e-01
4.229166666666666963e+00 0.000000000000000000e+00
4.241666666666667140e+00 -3.071446572581896794e-01
4.250000000000000000e+00 -3.071446572582066659e-01
4.262500000000000178e+00 0.000000000000000000e+00
4.275000000000000355e+00 0.000000000000000000e+00
4.287499999999999645e+00 6.142893145163962343e-01
4.295833333333332504e+00 -6.142893145163962343e-01
4.308333333333333570e+00 1.228578629032809788e+00
4.320833333333332860e+00 0.000000000000000000e+00
4.333333333333333037e+00 0.000000000000000000e+00
4.341666666666666785e+00 0.000000000000000000e+00
4.354166666666666075e+00 0.000000000000000000e+00
4.366666666666666252e+00 -3.071446572582066659e-01
4.379166666666665542e+00 9.214339717746199421e-01
4.387499999999999289e+00 -9.214339717746199421e-01
4.399999999999999467e+00 0.000000000000000000e+00
4.412499999999998757e+00 -3.071446572582066659e-01
4.420833333333332504e+00 0.000000000000000000e+00
4.433333333333332682e+00 -3.071446572581896794e-01
4.445833333333331971e+00 0.000000000000000000e+00
4.458333333333332149e+00 3.071446572581896794e-01
4.466666666666665897e+00 -6.142893145163962343e-01
4.479166666666665186e+00 6.142893145163962343e-01
4.491666666666665364e+00 -6.142893145163962343e-01
4.504166666666664653e+00 9.214339717746029557e-01
4.512499999999998401e+00 0.000000000000000000e+00
4.524999999999998579e+00 -1.228578629032809788e+00
4.537499999999997868e+00 3.071446572582066659e-01
4.545833333333331616e+00 -3.071446572582066659e-01
4.558333333333331794e+00 9.214339717746029557e-01
4.570833333333331083e+00 0.000000000000000000e+00
4.583333333333331261e+00 -3.071446572581896794e-01
4.591666666666665009e+00 9.214339717746029557e-01
4.604166666666664298e+00 -6.142893145164133317e-01
4.616666666666664476e+00 0.000000000000000000e+00
4.629166666666664653e+00 -3.071446572581896794e-01
4.637499999999997513e+00 6.142893145163962343e-01
4.649999999999997691e+00 -6.142893145163962343e-01
4.662499999999996980e+00 3.071446572581896794e-01
4.670833333333330728e+00 3.071446572582066659e-01
4.683333333333330906e+00 -3.071446572582066659e-01
4.695833333333330195e+00 3.071446572582066659e-01
4.708333333333331261e+00 0.000000000000000000e+00
4.716666666666664121e+00 0.000000000000000000e+00
4.729166666666663410e+00 3.071446572582066659e-01
4.741666666666663588e+00 3.071446572582066659e-01
4.754166666666663765e+00 0.000000000000000000e+00
4.762499999999996625e+00 0.000000000000000000e+00
4.774999999999996803e+00 3.071446572582066659e-01
4.787499999999996980e+00 -9.214339717746199421e-01
4.795833333333329840e+00 0.000000000000000000e+00
4.808333333333330017e+00 -3.071446572582066659e-01
4.820833333333329307e+00 -6.142893145163962343e-01
4.833333333333330373e+00 3.071446572582066659e-01
4.841666666666663232e+00 0.000000000000000000e+00
4.854166666666662522e+00 3.071446572581896794e-01
4.866666666666663588e+00 -3.071446572581896794e-01
4.879166666666662877e+00 -3.071446572582066659e-01
4.887499999999995737e+00 3.071446572582066659e-01
4.899999999999996803e+00 -6.142893145164133317e-01
4.912499999999996092e+00 6.142893145164133317e-01
4.920833333333328952e+00 -3.071446572582066659e-01
4.933333333333329129e+00 3.071446572582066659e-01
4.945833333333329307e+00 -3.071446572582066659e-01
4.958333333333329485e+00 0.000000000000000000e+00
4.966666666666662344e+00 1.228578629032809788e+00
4.979166666666663410e+00 -6.142893145164133317e-01
4.991666666666662699e+00 -9.214339717746029557e-01
5.012500000000000178e+00 6.142893145164133317e-01
5.025000000000000355e+00 -3.071446572582066659e-01
5.037500000000000533e+00 3.071446572582066659e-01
5.045833333333333393e+00 3.071446572581896794e-01
5.058333333333332682e+00 3.071446572582066659e-01
5.070833333333333748e+00 -6.142893145163962343e-01
5.083333333333333925e+00 3.071446572581896794e-01
5.091666666666666785e+00 -6.142893145163962343e-01
5.104166666666666963e+00 -6.142893145164133317e-01
5.116666666666667140e+00 -3.071446572582066659e-01
5.125000000000000000e+00 3.071446572582066659e-01
5.137499999999999289e+00 3.071446572582066659e-01
5.150000000000000355e+00 -3.071446572582066659e-01
5.162500000000000533e+00 -9.214339717729427282e-01
5.170833333333333393e+00 6.142893145147361178e-01
5.183333333333333570e+00 6.142893145164133317e-01
5.195833333333333748e+00 -3.071446572582066659e-01
5.208333333333333925e+00 6.142893145164133317e-01
5.216666666666666785e+00 -3.071446572582066659e-01
5.229166666666666963e+00 -6.142893145164133317e-01
5.241666666666667140e+00 6.142893145164133317e-01
5.250000000000000000e+00 3.071446572582066659e-01
5.262500000000000178e+00 -6.142893145164133317e-01
5.275000000000000355e+00 -6.142893145164133317e-01
5.287499999999999645e+00 9.214339717746199421e-01
5.295833333333332504e+00 -3.071446572582066659e-01
5.308333333333333570e+00 -3.071446572582066659e-01
5.320833333333332860e+00 9.214339717746199421e-01
5.333333333333333037e+00 -1.228578629032826663e+00
5.341666666666666785e+00 6.142893145164133317e-01
5.354166666666666075e+00 0.000000000000000000e+00
5.366666666666666252e+00 -3.071446572582066659e-01
5.379166666666665542e+00 3.071446572582066659e-01
5.387499999999999289e+00 0.000000000000000000e+00
5.399999999999999467e+00 -6.142893145164133317e-01
5.412499999999998757e+00 0.000000000000000000e+00
5.420833333333332504e+00 3.071446572582066659e-01
5.433333333333332682e+00 0.000000000000000000e+00
5.445833333333331971e+00 3.071446572582066659e-01
5.458333333333332149e+00 -6.142893145164133317e-01
5.466666666666665897e+00 9.214339717746199421e-01
5.479166666666665186e+00 0.000000000000000000e+00
5.491666666666665364e+00 0.000000000000000000e+00
5.504166666666664653e+00 -3.071446572582066659e-01
5.512499999999998401e+00 3.071446572582066659e-01
5.524999999999998579e+00 3.071446572582066659e-01
5.537499999999997868e+00 -1.228578629032826663e+00
5.545833333333331616e+00 9.214339717746199421e-01
5.558333333333331794e+00 -9.214339717746199421e-01
5.570833333333331083e+00 3.071446572582066659e-01
5.583333333333331261e+00 -3.071446572582066659e-01
5.591666666666665009e+00 1.228578629032826663e+00
5.604166666666664298e+00 0.000000000000000000e+00
5.616666666666664476e+00 -9.214339717746199421e-01
5.629166666666664653e+00 0.000000000000000000e+00
5.637499999999997513e+00 0.000000000000000000e+00
5.649999999999997691e+00 6.142893145164133317e-01
5.662499999999996980e+00 -3.071446572582066659e-01
5.670833333333330728e+00 -6.142893145164133317e-01
5.683333333333330906e+00 6.142893145164133317e-01
5.695833333333330195e+00 0.000000000000000000e+00
5.708333333333331261e+00 0.000000000000000000e+00
5.716666666666664121e+00 6.142893145164133317e-01
5.729166666666663410e+00 -3.071446572582066659e-01
5.741666666666663588e+00 -3.071446572582066659e-01
5.754166666666663765e+00 -3.071446572582066659e-01
5.762499999999996625e+00 3.071446572582066659e-01
5.774999999999996803e+00 -6.142893145164133317e-01
5.787499999999996980e+00 3.071446572582066659e-01
5.795833333333329840e+00 6.142893145164133317e-01
5.808333333333330017e+00 0.000000000000000000e+00
5.820833333333330195e+00 0.000000000000000000e+00
5.833333333333330373e+00 -3.071446572582066659e-01
5.841666666666663232e+00 3.071446572582066659e-01
5.854166666666662522e+00 3.071446572582066659e-01
5.866666666666663588e+00 -1.535723286289356171e+00
5.879166666666662877e+00 1.842867943547562781e+00
5.887499999999995737e+00 0.000000000000000000e+00
5.899999999999996803e+00 0.000000000000000000e+00
5.912499999999996092e+00 -6.142893145164133317e-01
5.920833333333328952e+00 0.000000000000000000e+00
5.933333333333329129e+00 0.000000000000000000e+00
5.945833333333329307e+00 3.071446572582066659e-01
5.958333333333329485e+00 -6.142893145164133317e-01
5.966666666666662344e+00 6.142893145164133317e-01
5.979166666666662522e+00 -3.071446572582066659e-01
5.991666666666662699e+00 6.142893145164133317e-01
6.012500000000000178e+00 -3.071446572582066659e-01
6.025000000000000355e+00 0.000000000000000000e+00
6.037500000000000533e+00 3.071446572582066659e-01
6.045833333333333393e+00 -9.214339717746199421e-01
6.058333333333332682e+00 -3.071446572582066659e-01
6.070833333333333748e+00 1.228578629032826663e+00
6.083333333333333925e+00 -9.214339717746199421e-01
6.091666666666666785e+00 3.071446572582066659e-01
6.104166666666666963e+00 -3.071446572582066659e-01
6.116666666666667140e+00 6.142893145164133317e-01
6.125000000000000000e+00 9.214339717746029557e-01
6.137500000000000178e+00 -6.142893145163962343e-01
6.150000000000000355e+00 0.000000000000000000e+00
6.162500000000000533e+00 -3.071446572582066659e-01
6.170833333333333393e+00 3.071446572582066659e-01
6.183333333333333570e+00 6.142893145163962343e-01
6.195833333333333748e+00 -6.142893145163962343e-01
6.208333333333333925e+00 0.000000000000000000e+00
6.216666666666666785e+00 6.142893145163962343e-01
6.229166666666666963e+00 0.000000000000000000e+00
6.241666666666667140e+00 6.142893145164133317e-01
6.250000000000000000e+00 -9.214339717746199421e-01
6.262500000000000178e+00 3.071446572582066659e-01
6.275000000000000355e+00 3.071446572582066659e-01
6.287499999999999645e+00 6.142893145164133317e-01
6.295833333333333393e+00 0.000000000000000000e+00
6.308333333333333570e+00 0.000000000000000000e+00
6.320833333333332860e+00 -3.071446572582066659e-01
6.333333333333333037e+00 6.142893145164133317e-01
6.341666666666666785e+00 3.071446572565295074e-01
6.354166666666666075e+00 0.000000000000000000e+00
6.366666666666666252e+00 -6.142893145147361178e-01
6.379166666666665542e+00 9.214339717729427282e-01
6.387499999999999289e+00 -9.214339717729427282e-01
6.399999999999999467e+00 0.000000000000000000e+00
6.412499999999998757e+00 0.000000000000000000e+00
6.420833333333332504e+00 6.142893145147361178e-01
6.433333333333332682e+00 -3.071446572565295074e-01
6.445833333333331971e+00 -6.142893145164133317e-01
6.458333333333332149e+00 0.000000000000000000e+00
6.466666666666665897e+00 -3.071446572582066659e-01
6.479166666666665186e+00 0.000000000000000000e+00
6.491666666666665364e+00 0.000000000000000000e+00
6.504166666666664653e+00 6.142893145164133317e-01
6.512499999999998401e+00 3.071446572582066659e-01
6.524999999999998579e+00 0.000000000000000000e+00
6.537499999999997868e+00 -9.214339717746199421e-01
6.545833333333331616e+00 6.142893145164133317e-01
6.558333333333331794e+00 -6.142893145164133317e-01
6.570833333333331083e+00 3.071446572582066659e-01
6.583333333333331261e+00 3.071446572582066659e-01
6.591666666666665009e+00 9.214339717729427282e-01
6.604166666666664298e+00 -6.142893145147361178e-01
6.616666666666664476e+00 -3.071446572582066659e-01
6.629166666666664653e+00 3.071446572582066659e-01
6.637499999999997513e+00 -3.071446572582066659e-01
6.649999999999997691e+00 -3.071446572582066659e-01
6.662499999999996980e+00 -3.071446572582066659e-01
6.670833333333330728e+00 3.071446572582066659e-01
6.683333333333330906e+00 0.000000000000000000e+00
6.695833333333330195e+00 3.071446572582066659e-01
6.708333333333331261e+00 3.071446572582066659e-01
6.716666666666664121e+00 -6.142893145164133317e-01
6.729166666666663410e+00 3.071446572582066659e-01
6.741666666666664476e+00 -3.071446572582066659e-01
6.754166666666663765e+00 0.000000000000000000e+00
6.762499999999996625e+00 0.000000000000000000e+00
6.774999999999996803e+00 3.071446572582066659e-01
6.787499999999996980e+00 0.000000000000000000e+00
6.795833333333329840e+00 -6.142893145164133317e-01
6.808333333333330017e+00 6.142893145164133317e-01
6.820833333333330195e+00 -3.071446572582066659e-01
6.833333333333330373e+00 1.228578629031149339e+00
6.841666666666663232e+00 -9.214339717729427282e-01
6.854166666666662522e+00 0.000000000000000000e+00
6.866666666666663588e+00 -3.071446572582066659e-01
6.879166666666662877e+00 -3.071446572582066659e-01
6.887499999999995737e+00 3.071446572582066659e-01
6.899999999999996803e+00 0.000000000000000000e+00
6.912499999999996092e+00 0.000000000000000000e+00
6.920833333333328952e+00 3.071446572582066659e-01
6.933333333333329129e+00 -3.071446572582066659e-01
6.945833333333329307e+00 0.000000000000000000e+00
6.958333333333329485e+00 0.000000000000000000e+00
6.966666666666662344e+00 3.071446572582066659e-01
6.979166666666663410e+00 -6.142893145164133317e-01
6.991666666666662699e+00 6.142893145164133317e-01
7.012500000000000178e+00 3.071446572582066659e-01
7.025000000000000355e+00 -6.142893145164133317e-01
7.037500000000000533e+00 -9.214339717746199421e-01
7.045833333333333393e+00 1.228578629032826663e+00
7.058333333333333570e+00 -9.214339717746199421e-01
7.070833333333333748e+00 3.071446572582066659e-01
7.083333333333333925e+00 -9.214339717746029557e-01
7.091666666666666785e+00 9.214339717746029557e-01
7.104166666666666963e+00 -3.071446572582066659e-01
7.116666666666667140e+00 -6.142893145163962343e-01
7.125000000000000000e+00 0.000000000000000000e+00
7.137500000000000178e+00 3.071446572581896794e-01
7.150000000000000355e+00 -3.071446572581896794e-01
7.162500000000000533e+00 3.071446572581896794e-01
7.170833333333333393e+00 3.071446572582066659e-01
7.183333333333333570e+00 -6.142893145163962343e-01
7.195833333333333748e+00 0.000000000000000000e+00
7.208333333333333925e+00 3.071446572581896794e-01
7.216666666666667673e+00 3.071446572582066659e-01
7.229166666666666963e+00 -6.142893145163962343e-01
7.241666666666667140e+00 9.214339717746029557e-01
7.250000000000000000e+00 -1.535723286291016176e+00
7.262500000000000178e+00 6.142893145164133317e-01
7.275000000000000355e+00 0.000000000000000000e+00
7.287499999999999645e+00 -3.071446572582066659e-01
7.295833333333333393e+00 3.071446572582066659e-01
7.308333333333333570e+00 -3.071446572582066659e-01
7.320833333333332860e+00 -9.214339717746199421e-01
7.333333333333333037e+00 3.071446572582066659e-01
7.341666666666666785e+00 0.000000000000000000e+00
7.354166666666666075e+00 3.071446572582066659e-01
7.366666666666666252e+00 0.000000000000000000e+00
7.379166666666665542e+00 -3.071446572582066659e-01
7.387499999999999289e+00 6.142893145164133317e-01
7.399999999999999467e+00 -6.142893145164133317e-01
7.412499999999998757e+00 0.000000000000000000e+00
7.420833333333332504e+00 -3.071446572582066659e-01
7.433333333333332682e+00 1.228578629032826663e+00
7.445833333333331971e+00 3.071446572581896794e-01
7.458333333333332149e+00 -3.071446572581896794e-01
7.466666666666665897e+00 -6.142893145164133317e-01
7.479166666666665186e+00 3.071446572582066659e-01
7.491666666666665364e+00 6.142893145163962343e-01
7.504166666666664653e+00 -6.142893145163962343e-01
7.512499999999998401e+00 3.071446572582066659e-01
7.524999999999998579e+00 0.000000000000000000e+00
7.537499999999997868e+00 -3.071446572582066659e-01
7.545833333333331616e+00 0.000000000000000000e+00
7.558333333333331794e+00 -3.071446572582066659e-01
7.570833333333331083e+00 3.071446572582066659e-01
7.583333333333331261e+00 -3.071446572582066659e-01
7.591666666666665009e+00 6.142893145164133317e-01
7.604166666666664298e+00 -6.142893145164133317e-01
7.616666666666664476e+00 0.000000000000000000e+00
7.629166666666664653e+00 3.071446572582066659e-01
7.637499999999997513e+00 6.142893145163962343e-01
7.649999999999997691e+00 -9.214339717746029557e-01
7.662499999999997868e+00 0.000000000000000000e+00
7.670833333333330728e+00 0.000000000000000000e+00
7.683333333333330906e+00 3.071446572582066659e-01
7.695833333333330195e+00 -6.142893145164133317e-01
7.708333333333331261e+00 9.214339717746199421e-01
7.716666666666664121e+00 -6.142893145164133317e-01
7.729166666666663410e+00 -3.071446572582066659e-01
7.741666666666664476e+00 6.142893145164133317e-01
7.754166666666663765e+00 -3.071446572582066659e-01
7.762499999999996625e+00 -3.071446572582066659e-01
7.774999999999996803e+00 3.071446572582066659e-01
7.787499999999996980e+00 3.071446572582066659e-01
7.795833333333329840e+00 -3.071446572582066659e-01
7.808333333333330017e+00 0.000000000000000000e+00
7.820833333333331083e+00 0.000000000000000000e+00
7.833333333333329485e+00 6.142893145164133317e-01
7.841666666666663232e+00 -6.142893145164133317e-01
7.854166666666663410e+00 -6.142893145164133317e-01
7.866666666666662699e+00 6.142893145164133317e-01
7.879166666666662877e+00 3.071446572582066659e-01
7.887499999999996625e+00 0.000000000000000000e+00
7.899999999999995914e+00 -3.071446572582066659e-01
7.912499999999996092e+00 -6.142893145164133317e-01
7.920833333333329840e+00 6.142893145164133317e-01
7.933333333333329129e+00 3.071446572582066659e-01
7.945833333333329307e+00 0.000000000000000000e+00
7.958333333333329485e+00 -3.071446572582066659e-01
7.966666666666661456e+00 0.000000000000000000e+00
7.979166666666662522e+00 6.142893145164133317e-01
7.991666666666662699e+00 -9.214339717746199421e-01
8.012500000000001066e+00 1.228578629032809788e+00
8.025000000000000355e+00 -6.142893145163962343e-01
8.037499999999999645e+00 -3.071446572582066659e-01
8.045833333333334281e+00 3.071446572582066659e-01
8.058333333333333570e+00 0.000000000000000000e+00
8.070833333333334636e+00 0.000000000000000000e+00
8.083333333333332149e+00 -3.071446572582066659e-01
8.091666666666666785e+00 0.000000000000000000e+00
8.104166666666667851e+00 3.071446572582066659e-01
8.116666666666665364e+00 -3.071446572582066659e-01
8.125000000000000000e+00 -3.071446572582066659e-01
8.137500000000001066e+00 0.000000000000000000e+00
8.150000000000000355e+00 0.000000000000000000e+00
8.162499999999999645e+00 0.000000000000000000e+00
8.170833333333334281e+00 9.214339717746199421e-01
8.183333333333333570e+00 3.071446572581896794e-01
8.195833333333332860e+00 -3.071446572581896794e-01
8.208333333333333925e+00 -3.071446572582066659e-01
8.216666666666666785e+00 0.000000000000000000e+00
8.229166666666667851e+00 0.000000000000000000e+00
8.241666666666665364e+00 3.071446572582066659e-01
8.250000000000000000e+00 3.071446572581896794e-01
8.262500000000001066e+00 -3.071446572581896794e-01
8.274999999999998579e+00 9.214339717746029557e-01
8.287499999999999645e+00 -3.071446572582066659e-01
8.295833333333334281e+00 -3.071446572582066659e-01
8.308333333333331794e+00 6.142893145164133317e-01
8.320833333333332860e+00 3.071446572582066659e-01
8.333333333333333925e+00 -9.214339717746199421e-01
8.341666666666665009e+00 0.000000000000000000e+00
8.354166666666666075e+00 0.000000000000000000e+00
8.366666666666667140e+00 0.000000000000000000e+00
8.379166666666666430e+00 3.071446572582066659e-01
8.387499999999999289e+00 -3.071446572582066659e-01
8.400000000000000355e+00 -6.142893145163962343e-01
8.412499999999999645e+00 9.214339717746029557e-01
8.420833333333332504e+00 0.000000000000000000e+00
8.433333333333331794e+00 -9.214339717746029557e-01
8.445833333333332860e+00 9.214339717746029557e-01
8.458333333333332149e+00 -3.071446572582066659e-01
8.466666666666665009e+00 0.000000000000000000e+00
8.479166666666666075e+00 0.000000000000000000e+00
8.491666666666665364e+00 -6.142893145163962343e-01
8.504166666666664653e+00 6.142893145163962343e-01
8.512499999999999289e+00 9.214339717746199421e-01
8.524999999999998579e+00 -3.071446572582066659e-01
8.537499999999997868e+00 -3.071446572582066659e-01
8.545833333333332504e+00 0.000000000000000000e+00
8.558333333333331794e+00 1.228578629032826663e+00
8.570833333333331083e+00 -1.228578629032826663e+00
8.583333333333332149e+00 0.000000000000000000e+00
8.591666666666665009e+00 0.000000000000000000e+00
8.604166666666664298e+00 -3.071446572582066659e-01
8.616666666666665364e+00 3.071446572582066659e-01
8.629166666666664653e+00 0.000000000000000000e+00
8.637499999999997513e+00 -3.071446572582066659e-01
8.649999999999998579e+00 3.071446572582066659e-01
8.662499999999997868e+00 0.000000000000000000e+00
8.670833333333330728e+00 0.000000000000000000e+00
8.683333333333331794e+00 0.000000000000000000e+00
8.695833333333331083e+00 0.000000000000000000e+00
8.708333333333330373e+00 -6.142893145163962343e-01
8.716666666666665009e+00 9.214339717746029557e-01
8.729166666666664298e+00 -6.142893145164133317e-01
8.741666666666663588e+00 3.071446572582066659e-01
8.754166666666662877e+00 0.000000000000000000e+00
8.762499999999997513e+00 6.142893145164133317e-01
8.774999999999996803e+00 -9.214339717746199421e-01
8.787499999999996092e+00 9.214339717746199421e-01
8.795833333333330728e+00 -3.071446572582066659e-01
8.808333333333330017e+00 -3.071446572582066659e-01
8.820833333333329307e+00 0.000000000000000000e+00
8.833333333333330373e+00 0.000000000000000000e+00
8.841666666666663232e+00 3.071446572582066659e-01
8.854166666666662522e+00 -6.142893145164133317e-01
8.866666666666663588e+00 3.071446572582066659e-01
8.879166666666662877e+00 -3.071446572582066659e-01
8.887499999999995737e+00 0.000000000000000000e+00
8.899999999999996803e+00 0.000000000000000000e+00
8.912499999999996092e+00 6.142893145164133317e-01
8.920833333333328952e+00 -3.071446572582066659e-01
8.933333333333330017e+00 -3.071446572582066659e-01
8.945833333333329307e+00 -3.071446572581896794e-01
8.958333333333328596e+00 0.000000000000000000e+00
8.966666666666663232e+00 0.000000000000000000e+00
8.979166666666662522e+00 -9.214339717746199421e-01
8.991666666666661811e+00 6.142893145164133317e-01
9.012500000000001066e+00 6.142893145163962343e-01
9.025000000000002132e+00 3.071446572582066659e-01
9.037499999999999645e+00 -3.071446572582066659e-01
9.045833333333334281e+00 -3.071446572581896794e-01
9.058333333333335347e+00 1.228578629032809788e+00
9.070833333333334636e+00 -6.142893145164133317e-01
9.083333333333333925e+00 -3.071446572582066659e-01
9.091666666666668561e+00 9.214339717746199421e-01
9.104166666666667851e+00 -6.142893145164133317e-01
9.116666666666667140e+00 0.000000000000000000e+00
9.125000000000001776e+00 6.142893145164133317e-01
9.137500000000001066e+00 0.000000000000000000e+00
9.150000000000002132e+00 3.071446572582066659e-01
9.162499999999999645e+00 3.071446572582066659e-01
9.170833333333334281e+00 0.000000000000000000e+00
9.183333333333335347e+00 1.228578629031149339e+00
9.195833333333332860e+00 -9.214339717746199421e-01
9.208333333333333925e+00 6.142893145164133317e-01
9.216666666666668561e+00 0.000000000000000000e+00
9.229166666666667851e+00 -3.071446572582066659e-01
9.241666666666667140e+00 -3.071446572582066659e-01
9.250000000000001776e+00 6.142893145164133317e-01
9.262500000000001066e+00 -3.071446572582066659e-01
9.275000000000000355e+00 0.000000000000000000e+00
9.287500000000001421e+00 0.000000000000000000e+00
9.295833333333334281e+00 3.071446572582066659e-01
9.308333333333333570e+00 3.071446572582066659e-01
9.320833333333332860e+00 -3.071446572582066659e-01
9.333333333333333925e+00 0.000000000000000000e+00
9.341666666666666785e+00 0.000000000000000000e+00
9.354166666666666075e+00 0.000000000000000000e+00
9.366666666666667140e+00 6.142893145164133317e-01
9.379166666666668206e+00 3.071446572582066659e-01
9.387499999999999289e+00 -6.142893145164133317e-01
9.400000000000000355e+00 3.071446572582066659e-01
9.412500000000001421e+00 -6.142893145164133317e-01
9.420833333333332504e+00 6.142893145164133317e-01
9.433333333333333570e+00 -6.142893145164133317e-01
9.445833333333334636e+00 -3.071446572582066659e-01
9.458333333333332149e+00 9.214339717746199421e-01
9.466666666666666785e+00 0.000000000000000000e+00
9.479166666666667851e+00 -3.071446572582066659e-01
9.491666666666665364e+00 6.142893145164133317e-01
9.504166666666666430e+00 -3.071446572582066659e-01
9.512499999999999289e+00 -3.071446572582066659e-01
9.524999999999998579e+00 3.071446572582066659e-01
9.537499999999999645e+00 0.000000000000000000e+00
9.545833333333332504e+00 -3.071446572582066659e-01
9.558333333333331794e+00 3.071446572582066659e-01
9.570833333333332860e+00 3.071446572582066659e-01
9.583333333333332149e+00 -1.535723286291033052e+00
9.591666666666665009e+00 1.535723286291033052e+00
9.604166666666666075e+00 3.071446572581896794e-01
9.616666666666665364e+00 -9.214339717746029557e-01
9.629166666666666430e+00 0.000000000000000000e+00
9.637499999999999289e+00 3.071446572582066659e-01
9.649999999999998579e+00 0.000000000000000000e+00
9.662499999999999645e+00 0.000000000000000000e+00
9.670833333333332504e+00 -6.142893145164133317e-01
9.683333333333331794e+00 6.142893145164133317e-01
9.695833333333332860e+00 -9.214339717746199421e-01
9.708333333333330373e+00 6.142893145164133317e-01
9.716666666666665009e+00 -3.071446572582066659e-01
9.729166666666666075e+00 0.000000000000000000e+00
9.741666666666663588e+00 0.000000000000000000e+00
9.754166666666664653e+00 0.000000000000000000e+00
9.762499999999999289e+00 0.000000000000000000e+00
9.774999999999996803e+00 -3.071446572582066659e-01
9.787499999999997868e+00 0.000000000000000000e+00
9.795833333333332504e+00 0.000000000000000000e+00
9.808333333333330017e+00 0.000000000000000000e+00
9.820833333333331083e+00 3.071446572582066659e-01
9.833333333333330373e+00 -3.071446572582066659e-01
9.841666666666663232e+00 6.142893145164133317e-01
9.854166666666664298e+00 -3.071446572582066659e-01
9.866666666666663588e+00 3.071446572582066659e-01
9.879166666666664653e+00 -3.071446572582066659e-01
9.887499999999997513e+00 1.228578629032809788e+00
9.899999999999996803e+00 -1.228578629032809788e+00
9.912499999999997868e+00 3.071446572582066659e-01
9.920833333333330728e+00 0.000000000000000000e+00
9.933333333333330017e+00 3.071446572582066659e-01
9.945833333333331083e+00 0.000000000000000000e+00
9.958333333333328596e+00 -3.071446572582066659e-01
9.966666666666663232e+00 -3.071446572582066659e-01
9.979166666666664298e+00 3.071446572582066659e-01
9.991666666666661811e+00 -3.071446572582066659e-01
1.001250000000000107e+01 9.214339717746199421e-01
1.002500000000000036e+01 -3.071446572582066659e-01
1.003749999999999964e+01 -3.071446572582066659e-01
1.004583333333333428e+01 -3.071446572582066659e-01
1.005833333333333357e+01 3.071446572582066659e-01
1.007083333333333464e+01 -3.071446572582066659e-01
1.008333333333333215e+01 0.000000000000000000e+00
1.009166666666666679e+01 6.142893145164133317e-01
1.010416666666666785e+01 3.071446572582066659e-01
1.011666666666666536e+01 6.142893145164048940e-01
1.012500000000000000e+01 -9.214339717746113934e-01
1.013750000000000107e+01 1.228578629032809788e+00
1.015000000000000036e+01 -6.142893145164133317e-01
1.016249999999999964e+01 6.142893145164133317e-01
1.017083333333333428e+01 6.142893145164133317e-01
1.018333333333333357e+01 -3.071446572582066659e-01
1.019583333333333286e+01 0.000000000000000000e+00
1.020833333333333393e+01 9.214339717729427282e-01
1.021666666666666679e+01 -3.071446572565379451e-01
1.022916666666666785e+01 9.214339717729511658e-01
1.024166666666666714e+01 -9.214339717729511658e-01
1.025000000000000000e+01 9.214339717729511658e-01
1.026250000000000107e+01 -6.142893145164133317e-01
1.027499999999999858e+01 3.071446572582066659e-01
1.028749999999999964e+01 0.000000000000000000e+00
1.029583333333333428e+01 -3.071446572582066659e-01
1.030833333333333179e+01 9.214339717746113934e-01
1.032083333333333286e+01 -6.142893145164048940e-01
1.033333333333333393e+01 6.142893145164048940e-01
1.034166666666666501e+01 0.000000000000000000e+00
1.035416666666666607e+01 6.142893145164133317e-01
1.036666666666666714e+01 -6.142893145164133317e-01
1.037916666666666643e+01 -6.142893145164048940e-01
1.038749999999999929e+01 3.071446572582066659e-01
1.040000000000000036e+01 0.000000000000000000e+00
1.041249999999999964e+01 6.142893145164048940e-01
1.042083333333333250e+01 3.071446572582066659e-01
1.043333333333333179e+01 -6.142893145164133317e-01
1.044583333333333286e+01 0.000000000000000000e+00
1.045833333333333215e+01 3.071446572582066659e-01
1.046666666666666501e+01 -3.071446572582066659e-01
1.047916666666666607e+01 6.142893145164133317e-01
1.049166666666666536e+01 -3.071446572582066659e-01
1.050416666666666465e+01 0.000000000000000000e+00
1.051249999999999929e+01 -6.142893145164048940e-01
1.052499999999999858e+01 9.214339717746113934e-01
1.053749999999999787e+01 -9.214339717746113934e-01
1.054583333333333250e+01 3.071446572581981171e-01
1.055833333333333179e+01 0.000000000000000000e+00
1.057083333333333108e+01 3.071446572582066659e-01
1.058333333333333215e+01 -3.071446572582066659e-01
1.059166666666666501e+01 0.000000000000000000e+00
1.060416666666666430e+01 0.000000000000000000e+00
1.061666666666666536e+01 -6.142893145164048940e-01
1.062916666666666465e+01 6.142893145164048940e-01
1.063749999999999751e+01 -6.142893145164048940e-01
1.064999999999999858e+01 3.071446572582066659e-01
1.066249999999999787e+01 3.071446572581981171e-01
1.067083333333333073e+01 0.000000000000000000e+00
1.068333333333333179e+01 3.071446572582066659e-01
1.069583333333333108e+01 9.214339717746113934e-01
1.070833333333333037e+01 0.000000000000000000e+00
1.071666666666666501e+01 -6.142893145164048940e-01
1.072916666666666430e+01 3.071446572582066659e-01
1.074166666666666359e+01 -9.214339717746199421e-01
1.075416666666666288e+01 9.214339717746199421e-01
1.076249999999999751e+01 -1.842867943549231446e+00
1.077499999999999680e+01 1.842867943549231446e+00
1.078749999999999609e+01 -3.071446572582066659e-01
1.079583333333333073e+01 0.000000000000000000e+00
1.080833333333333002e+01 0.000000000000000000e+00
1.082083333333332931e+01 0.000000000000000000e+00
1.083333333333333037e+01 -1.228578629032818226e+00
1.084166666666666323e+01 1.228578629032818226e+00
1.085416666666666252e+01 -6.142893145164133317e-01
1.086666666666666359e+01 0.000000000000000000e+00
1.087916666666666288e+01 0.000000000000000000e+00
1.088749999999999574e+01 3.071446572582066659e-01
1.089999999999999680e+01 -3.071446572582066659e-01
1.091249999999999609e+01 3.071446572582066659e-01
1.092083333333332895e+01 -3.071446572582066659e-01
1.093333333333333002e+01 3.071446572582066659e-01
1.094583333333332931e+01 0.000000000000000000e+00
1.095833333333332860e+01 -6.142893145164048940e-01
1.096666666666666323e+01 3.071446572581981171e-01
1.097916666666666252e+01 -3.071446572581981171e-01
1.099166666666666359e+01 -3.071446572582066659e-01
1.101249999999999929e+01 3.071446572582066659e-01
1.102500000000000036e+01 0.000000000000000000e+00
1.103749999999999787e+01 0.000000000000000000e+00
1.104583333333333250e+01 3.071446572581981171e-01
1.105833333333333357e+01 0.000000000000000000e+00
1.107083333333333286e+01 -3.071446572581981171e-01
1.108333333333333215e+01 0.000000000000000000e+00
1.109166666666666679e+01 3.071446572581981171e-01
1.110416666666666607e+01 -3.071446572581981171e-01
1.111666666666666536e+01 9.214339717746113934e-01
1.112500000000000000e+01 -9.214339717746113934e-01
1.113749999999999929e+01 9.214339717746113934e-01
1.115000000000000036e+01 -6.142893145164133317e-01
1.116249999999999964e+01 1.842867943549231446e+00
1.117083333333333250e+01 -6.142893145164133317e-01
1.118333333333333357e+01 -3.071446572581981171e-01
1.119583333333333108e+01 6.142893145164048940e-01
1.120833333333333215e+01 0.000000000000000000e+00
1.121666666666666679e+01 -3.071446572582066659e-01
1.122916666666666607e+01 -3.071446572581981171e-01
1.124166666666666536e+01 3.071446572581981171e-01
1.125000000000000000e+01 3.071446572582066659e-01
1.126249999999999929e+01 3.071446572582066659e-01
1.127499999999999858e+01 -6.142893145164133317e-01
1.128749999999999964e+01 3.071446572582066659e-01
1.129583333333333250e+01 0.000000000000000000e+00
1.130833333333333179e+01 -3.071446572582066659e-01
1.132083333333333286e+01 3.071446572582066659e-01
1.133333333333333215e+01 3.071446572582066659e-01
1.134166666666666501e+01 0.000000000000000000e+00
1.135416666666666430e+01 3.071446572582066659e-01
1.136666666666666536e+01 -6.142893145164133317e-01
1.137916666666666643e+01 -3.071446572582066659e-01
1.138749999999999751e+01 6.142893145164133317e-01
1.139999999999999858e+01 -6.142893145164133317e-01
1.141249999999999964e+01 3.071446572582066659e-01
1.142083333333333073e+01 3.071446572582066659e-01
1.143333333333333179e+01 -3.071446572582066659e-01
1.144583333333333286e+01 0.000000000000000000e+00
1.145833333333333037e+01 0.000000000000000000e+00
1.146666666666666501e+01 0.000000000000000000e+00
1.147916666666666607e+01 0.000000000000000000e+00
1.149166666666666359e+01 3.071446572582066659e-01
1.150416666666666465e+01 -3.071446572582066659e-01
1.151249999999999929e+01 9.214339717746113934e-01
1.152499999999999680e+01 0.000000000000000000e+00
1.153749999999999787e+01 -1.228578629032818226e+00
1.154583333333333073e+01 9.214339717746199421e-01
1.155833333333333002e+01 0.000000000000000000e+00
1.157083333333333108e+01 -6.142893145164133317e-01
1.158333333333333037e+01 9.214339717746113934e-01
1.159166666666666323e+01 -3.071446572581981171e-01
1.160416666666666430e+01 0.000000000000000000e+00
1.161666666666666359e+01 3.071446572581981171e-01
1.162916666666666465e+01 0.000000000000000000e+00
1.163749999999999751e+01 -6.142893145164048940e-01
1.164999999999999680e+01 3.071446572582066659e-01
1.166249999999999787e+01 -3.071446572582066659e-01
1.167083333333333073e+01 0.000000000000000000e+00
1.168333333333333002e+01 0.000000000000000000e+00
1.169583333333333108e+01 3.071446572582066659e-01
1.170833333333332860e+01 -6.142893145164133317e-01
1.171666666666666323e+01 -3.071446572582066659e-01
1.172916666666666430e+01 9.214339717746199421e-01
1.174166666666666181e+01 -9.214339717746199421e-01
1.175416666666666288e+01 -3.071446572581981171e-01
1.176249999999999751e+01 1.228578629032818226e+00
1.177499999999999503e+01 -1.228578629032818226e+00
1.178749999999999609e+01 9.214339717746113934e-01
1.179583333333333073e+01 3.071446572582066659e-01
1.180833333333332824e+01 0.000000000000000000e+00
1.182083333333332931e+01 -9.214339717746199421e-01
1.183333333333332860e+01 3.071446572582066659e-01
1.184166666666666146e+01 -3.071446572582066659e-01
1.185416666666666252e+01 1.535723286289356171e+00
1.186666666666666181e+01 -3.071446572565379451e-01
1.187916666666666288e+01 -9.214339717746113934e-01
1.188749999999999574e+01 3.071446572582066659e-01
1.189999999999999503e+01 0.000000000000000000e+00
1.191249999999999609e+01 -3.071446572582066659e-01
1.192083333333332895e+01 -6.142893145164048940e-01
1.193333333333332824e+01 3.071446572581981171e-01
1.194583333333332931e+01 6.142893145164133317e-01
1.195833333333332860e+01 -3.071446572582066659e-01
1.196666666666666146e+01 6.142893145164133317e-01
1.197916666666666252e+01 -6.142893145164133317e-01
1.199166666666666003e+01 0.000000000000000000e+00
1.201250000000000107e+01 3.071446572582066659e-01
1.202500000000000036e+01 -9.214339717746113934e-01
1.203749999999999964e+01 9.214339717746113934e-01
1.204583333333333428e+01 -6.142893145164133317e-01
1.205833333333333357e+01 3.071446572582066659e-01
1.207083333333333464e+01 -6.142893145164048940e-01
1.208333333333333393e+01 9.214339717746113934e-01
1.209166666666666679e+01 0.000000000000000000e+00
1.210416666666666785e+01 -9.214339717746113934e-01
1.211666666666666536e+01 3.071446572581981171e-01
1.212500000000000000e+01 0.000000000000000000e+00
1.213750000000000107e+01 -6.142893145164048940e-01
1.215000000000000036e+01 6.142893145164048940e-01
1.216249999999999964e+01 -9.214339717746113934e-01
1.217083333333333428e+01 6.142893145164133317e-01
1.218333333333333357e+01 6.142893145164048940e-01
1.219583333333333286e+01 -3.071446572582066659e-01
1.220833333333333393e+01 0.000000000000000000e+00
1.221666666666666679e+01 -3.071446572581981171e-01
1.222916666666666785e+01 -3.071446572582066659e-01
1.224166666666666714e+01 -3.071446572582066659e-01
1.225000000000000000e+01 3.071446572582066659e-01
1.226250000000000107e+01 6.142893145164048940e-01
1.227499999999999858e+01 6.142893145164133317e-01
1.228749999999999964e+01 -6.142893145164133317e-01
1.229583333333333428e+01 3.071446572582066659e-01
1.230833333333333179e+01 -6.142893145164048940e-01
1.232083333333333286e+01 3.071446572581981171e-01
1.233333333333333393e+01 0.000000000000000000e+00
1.234166666666666501e+01 0.000000000000000000e+00
1.235416666666666607e+01 -6.142893145164048940e-01
1.236666666666666714e+01 6.142893145164048940e-01
1.237916666666666643e+01 -3.071446572581981171e-01
1.238749999999999929e+01 0.000000000000000000e+00
1.240000000000000036e+01 9.214339717746113934e-01
1.241249999999999964e+01 0.000000000000000000e+00
1.242083333333333250e+01 -6.142893145164133317e-01
1.243333333333333357e+01 -3.071446572581981171e-01
1.244583333333333286e+01 6.142893145164048940e-01
1.245833333333333215e+01 0.000000000000000000e+00
1.246666666666666501e+01 -6.142893145164048940e-01
1.247916666666666607e+01 6.142893145164048940e-01
1.249166666666666536e+01 0.000000000000000000e+00
1.250416666666666465e+01 -6.142893145164048940e-01
1.251249999999999929e+01 0.000000000000000000e+00
1.252499999999999858e+01 6.142893145164048940e-01
1.253749999999999787e+01 -6.142893145164048940e-01
1.254583333333333250e+01 0.000000000000000000e+00
1.255833333333333179e+01 0.000000000000000000e+00
1.257083333333333108e+01 3.071446572581981171e-01
1.258333333333333215e+01 3.071446572582066659e-01
1.259166666666666501e+01 -3.071446572582066659e-01
1.260416666666666430e+01 3.071446572582066659e-01
1.261666666666666536e+01 0.000000000000000000e+00
1.262916666666666465e+01 -6.142893145164048940e-01
1.263749999999999751e+01 6.142893145164048940e-01
1.264999999999999858e+01 0.000000000000000000e+00
1.266249999999999787e+01 -6.142893145164048940e-01
1.267083333333333073e+01 -6.142893145164133317e-01
1.268333333333333179e+01 6.142893145164133317e-01
1.269583333333333108e+01 3.071446572581981171e-01
1.270833333333333037e+01 3.071446572582066659e-01
1.271666666666666501e+01 -9.214339717746113934e-01
1.272916666666666430e+01 9.214339717746113934e-01
1.274166666666666359e+01 -6.142893145164048940e-01
1.275416666666666288e+01 6.142893145164048940e-01
1.276249999999999751e+01 -3.071446572582066659e-01
1.277499999999999680e+01 -6.142893145164048940e-01
1.278749999999999609e+01 6.142893145164048940e-01
1.279583333333333073e+01 3.071446572582066659e-01
1.280833333333333002e+01 -9.214339717746113934e-01
1.282083333333332931e+01 0.000000000000000000e+00
1.283333333333333037e+01 9.214339717746113934e-01
1.284166666666666323e+01 -6.142893145164048940e-01
1.285416666666666252e+01 0.000000000000000000e+00
1.286666666666666359e+01 -3.071446572582066659e-01
1.287916666666666288e+01 6.142893145164048940e-01
1.288749999999999574e+01 0.000000000000000000e+00
1.289999999999999680e+01 6.142893145164133317e-01
1.291249999999999609e+01 -1.228578629032818226e+00
1.292083333333332895e+01 0.000000000000000000e+00
1.293333333333333002e+01 1.228578629032818226e+00
1.294583333333332931e+01 -6.142893145164133317e-01
1.295833333333332860e+01 -3.071446572581981171e-01
1.296666666666666323e+01 -3.071446572582066659e-01
1.297916666666666252e+01 0.000000000000000000e+00
1.299166666666666181e+01 -3.071446572582066659e-01
1.301250000000000107e+01 -3.071446572582066659e-01
1.302500000000000213e+01 3.071446572582066659e-01
1.303749999999999964e+01 0.000000000000000000e+00
1.304583333333333428e+01 6.142893145164133317e-01
1.305833333333333535e+01 -3.071446572582066659e-01
1.307083333333333464e+01 3.071446572582066659e-01
1.308333333333333393e+01 0.000000000000000000e+00
1.309166666666666856e+01 -6.142893145164133317e-01
1.310416666666666785e+01 3.071446572582066659e-01
1.311666666666666714e+01 0.000000000000000000e+00
1.312500000000000178e+01 3.071446572582066659e-01
1.313750000000000107e+01 0.000000000000000000e+00
1.315000000000000213e+01 9.214339717746113934e-01
1.316250000000000142e+01 -6.142893145164133317e-01
1.317083333333333428e+01 0.000000000000000000e+00
1.318333333333333535e+01 -3.071446572581981171e-01
1.319583333333333286e+01 3.071446572581981171e-01
1.320833333333333393e+01 0.000000000000000000e+00
1.321666666666666856e+01 9.214339717746199421e-01
1.322916666666666785e+01 -6.142893145164133317e-01
1.324166666666666714e+01 -3.071446572582066659e-01
1.325000000000000178e+01 3.071446572582066659e-01
1.326250000000000107e+01 6.142893145164133317e-01
1.327500000000000036e+01 -3.071446572582066659e-01
1.328750000000000142e+01 3.071446572582066659e-01
1.329583333333333428e+01 3.071446572581981171e-01
1.330833333333333357e+01 -6.142893145164048940e-01
1.332083333333333464e+01 0.000000000000000000e+00
1.333333333333333393e+01 0.000000000000000000e+00
1.334166666666666679e+01 -3.071446572582066659e-01
1.335416666666666785e+01 -3.071446572582066659e-01
1.336666666666666714e+01 0.000000000000000000e+00
1.337916666666666821e+01 0.000000000000000000e+00
1.338749999999999929e+01 -3.071446572581981171e-01
1.340000000000000036e+01 6.142893145164048940e-01
1.341250000000000142e+01 -6.142893145164048940e-01
1.342083333333333250e+01 9.214339717746113934e-01
1.343333333333333357e+01 -3.071446572582066659e-01
1.344583333333333464e+01 6.142893145164133317e-01
1.345833333333333215e+01 -3.071446572582066659e-01
1.346666666666666679e+01 0.000000000000000000e+00
1.347916666666666785e+01 3.071446572582066659e-01
1.349166666666666536e+01 0.000000000000000000e+00
1.350416666666666643e+01 3.071446572581981171e-01
1.351250000000000107e+01 0.000000000000000000e+00
1.352499999999999858e+01 -3.071446572581981171e-01
1.353749999999999964e+01 0.000000000000000000e+00
1.354583333333333250e+01 6.142893145147361178e-01
1.355833333333333179e+01 -3.071446572565379451e-01
1.357083333333333286e+01 0.000000000000000000e+00
1.358333333333333215e+01 0.000000000000000000e+00
1.359166666666666501e+01 -3.071446572581981171e-01
1.360416666666666607e+01 3.071446572581981171e-01
1.361666666666666536e+01 -3.071446572581981171e-01
1.362916666666666643e+01 6.142893145147361178e-01
1.363749999999999929e+01 -6.142893145147361178e-01
1.364999999999999858e+01 -3.071446572582066659e-01
1.366249999999999964e+01 -3.071446572582066659e-01
1.367083333333333250e+01 9.214339717746113934e-01
1.368333333333333179e+01 -3.071446572581981171e-01
1.369583333333333286e+01 -3.071446572582066659e-01
1.370833333333333037e+01 3.071446572582066659e-01
1.371666666666666501e+01 0.000000000000000000e+00
1.372916666666666607e+01 -9.214339717746199421e-01
1.374166666666666359e+01 9.214339717746199421e-01
1.375416666666666465e+01 -9.214339717746199421e-01
1.376249999999999929e+01 6.142893145164133317e-01
1.377499999999999680e+01 0.000000000000000000e+00
1.378749999999999787e+01 0.000000000000000000e+00
1.379583333333333250e+01 -3.071446572582066659e-01
1.380833333333333002e+01 9.214339717746113934e-01
1.382083333333333108e+01 -9.214339717746113934e-01
1.383333333333333037e+01 0.000000000000000000e+00
1.384166666666666323e+01 0.000000000000000000e+00
1.385416666666666430e+01 3.071446572582066659e-01
1.386666666666666359e+01 -9.214339717746113934e-01
1.387916666666666465e+01 3.071446572581981171e-01
1.388749999999999751e+01 6.142893145164133317e-01
1.389999999999999680e+01 -3.071446572582066659e-01
1.391249999999999787e+01 -3.071446572582066659e-01
1.392083333333333073e+01 0.000000000000000000e+00
1.393333333333333002e+01 6.142893145164133317e-01
1.394583333333333108e+01 -9.214339717746113934e-01
1.395833333333333037e+01 9.214339717746113934e-01
1.396666666666666323e+01 3.071446572582066659e-01
1.397916666666666430e+01 -6.142893145164133317e-01
1.399166666666666181e+01 3.071446572582066659e-01
1.401250000000000107e+01 3.071446572582066659e-01
1.402500000000000036e+01 -6.142893145164133317e-01
1.403749999999999964e+01 -3.071446572582066659e-01
1.404583333333333428e+01 0.000000000000000000e+00
1.405833333333333357e+01 1.228578629032818226e+00
1.407083333333333464e+01 -3.071446572581981171e-01
1.408333333333333393e+01 -3.071446572582066659e-01
1.409166666666666679e+01 -3.071446572582066659e-01
1.410416666666666785e+01 0.000000000000000000e+00
1.411666666666666714e+01 3.071446572582066659e-01
1.412500000000000000e+01 3.071446572582066659e-01
1.413750000000000107e+01 -3.071446572582066659e-01
1.415000000000000036e+01 6.142893145164048940e-01
1.416249999999999964e+01 0.000000000000000000e+00
1.417083333333333428e+01 3.071446572565379451e-01
1.418333333333333357e+01 3.071446572582066659e-01
1.419583333333333286e+01 -6.142893145147445555e-01
1.420833333333333393e+01 9.214339717729511658e-01
1.421666666666666679e+01 -6.142893145164133317e-01
1.422916666666666785e+01 1.228578629032818226e+00
1.424166666666666714e+01 -9.214339717746113934e-01
1.425000000000000000e+01 0.000000000000000000e+00
1.426250000000000107e+01 6.142893145164048940e-01
1.427500000000000036e+01 -6.142893145164048940e-01
1.428749999999999964e+01 3.071446572582066659e-01
1.429583333333333428e+01 -3.071446572582066659e-01
1.430833333333333179e+01 6.142893145164048940e-01
1.432083333333333286e+01 -9.214339717746113934e-01
1.433333333333333393e+01 1.228578629032818226e+00
1.434166666666666501e+01 -6.142893145164048940e-01
1.435416666666666607e+01 6.142893145164048940e-01
1.436666666666666714e+01 0.000000000000000000e+00
1.437916666666666643e+01 3.071446572582066659e-01
1.438749999999999929e+01 -9.214339717746113934e-01
1.440000000000000036e+01 9.214339717746113934e-01
1.441249999999999964e+01 -6.142893145164133317e-01
1.442083333333333250e+01 6.142893145164133317e-01
1.443333333333333357e+01 -9.214339717746113934e-01
1.444583333333333286e+01 3.071446572581981171e-01
1.445833333333333215e+01 3.071446572582066659e-01
1.446666666666666501e+01 -3.071446572582066659e-01
1.447916666666666607e+01 0.000000000000000000e+00
1.449166666666666536e+01 -3.071446572581981171e-01
1.450416666666666465e+01 6.142893145164048940e-01
1.451249999999999929e+01 -3.071446572582066659e-01
1.452499999999999858e+01 3.071446572582066659e-01
1.453749999999999787e+01 -3.071446572582066659e-01
1.454583333333333250e+01 6.142893145164133317e-01
1.455833333333333179e+01 -6.142893145164133317e-01
1.457083333333333108e+01 3.071446572582066659e-01
1.458333333333333215e+01 0.000000000000000000e+00
1.459166666666666501e+01 0.000000000000000000e+00
1.460416666666666430e+01 -3.071446572582066659e-01
1.461666666666666536e+01 0.000000000000000000e+00
1.462916666666666465e+01 6.142893145164133317e-01
1.463749999999999751e+01 0.000000000000000000e+00
1.464999999999999858e+01 -6.142893145164133317e-01
1.466249999999999787e+01 6.142893145164133317e-01
1.467083333333333073e+01 -3.071446572582066659e-01
1.468333333333333179e+01 -3.071446572582066659e-01
1.469583333333333108e+01 0.000000000000000000e+00
1.470833333333333037e+01 0.000000000000000000e+00
1.471666666666666501e+01 3.071446572582066659e-01
1.472916666666666430e+01 0.000000000000000000e+00
1.474166666666666359e+01 -6.142893145164048940e-01
1.475416666666666288e+01 3.071446572581981171e-01
1.476249999999999751e+01 0.000000000000000000e+00
1.477499999999999680e+01 -3.071446572581981171e-01
1.478749999999999609e+01 0.000000000000000000e+00
1.479583333333333073e+01 0.000000000000000000e+00
1.480833333333333002e+01 6.142893145164048940e-01
1.482083333333332931e+01 -3.071446572582066659e-01
1.483333333333333037e+01 6.142893145164133317e-01
1.484166666666666323e+01 -6.142893145164133317e-01
1.485416666666666252e+01 -3.071446572581981171e-01
1.486666666666666359e+01 3.071446572581981171e-01
1.487916666666666465e+01 3.071446572582066659e-01
1.488749999999999574e+01 0.000000000000000000e+00
1.489999999999999680e+01 -6.142893145164048940e-01
1.491249999999999609e+01 -3.071446572582066659e-01
1.492083333333332895e+01 9.214339717746113934e-01
1.493333333333333002e+01 -9.214339717746113934e-01
1.494583333333332931e+01 6.142893145164048940e-01
1.495833333333332860e+01 -6.142893145164048940e-01
1.496666666666666323e+01 3.071446572582066659e-01
1.497916666666666252e+01 6.142893145164048940e-01
1.499166666666666359e+01 -9.214339717746113934e-01
1.501249999999999929e+01 6.142893145164048940e-01
1.502500000000000036e+01 -3.071446572581981171e-01
1.503749999999999964e+01 -3.071446572582066659e-01
1.504583333333333250e+01 3.071446572582066659e-01
1.505833333333333357e+01 3.071446572581981171e-01
1.507083333333333286e+01 3.071446572582066659e-01
1.508333333333333215e+01 -1.535723286289356171e+00
1.509166666666666679e+01 6.142893145147445555e-01
1.510416666666666607e+01 0.000000000000000000e+00
1.511666666666666536e+01 0.000000000000000000e+00
1.512500000000000000e+01 -3.071446572582066659e-01
1.513749999999999929e+01 9.214339717746113934e-01
1.515000000000000036e+01 -6.142893145164048940e-01
1.516249999999999964e+01 1.228578629032818226e+00
1.517083333333333250e+01 -6.142893145164133317e-01
1.518333333333333357e+01 -3.071446572581981171e-01
1.519583333333333286e+01 3.071446572581981171e-01
1.520833333333333215e+01 -3.071446572581981171e-01
1.521666666666666679e+01 0.000000000000000000e+00
1.522916666666666607e+01 3.071446572581981171e-01
1.524166666666666536e+01 3.071446572582066659e-01
1.525000000000000000e+01 -3.071446572582066659e-01
1.526249999999999929e+01 -3.071446572581981171e-01
1.527499999999999858e+01 3.071446572581981171e-01
1.528749999999999964e+01 0.000000000000000000e+00
1.529583333333333250e+01 3.071446572582066659e-01
1.530833333333333179e+01 -3.071446572582066659e-01
1.532083333333333286e+01 3.071446572582066659e-01
1.533333333333333215e+01 0.000000000000000000e+00
1.534166666666666501e+01 -3.071446572582066659e-01
1.535416666666666607e+01 -3.071446572581981171e-01
1.536666666666666536e+01 9.214339717746113934e-01
1.537916666666666643e+01 -6.142893145164133317e-01
1.538749999999999929e+01 0.000000000000000000e+00
1.539999999999999858e+01 0.000000000000000000e+00
1.541249999999999964e+01 3.071446572582066659e-01
1.542083333333333073e+01 3.071446572582066659e-01
1.543333333333333179e+01 -3.071446572582066659e-01
1.544583333333333286e+01 -3.071446572582066659e-01
1.545833333333333037e+01 0.000000000000000000e+00
1.546666666666666501e+01 6.142893145164133317e-01
1.547916666666666607e+01 3.071446572581981171e-01
1.549166666666666359e+01 -6.142893145164048940e-01
1.550416666666666465e+01 0.000000000000000000e+00
1.551249999999999929e+01 3.071446572582066659e-01
1.552499999999999680e+01 -6.142893145164133317e-01
1.553749999999999787e+01 9.214339717746113934e-01
1.554583333333333250e+01 0.000000000000000000e+00
1.555833333333333002e+01 0.000000000000000000e+00
1.557083333333333108e+01 0.000000000000000000e+00
1.558333333333333037e+01 0.000000000000000000e+00
1.559166666666666323e+01 0.000000000000000000e+00
1.560416666666666430e+01 0.000000000000000000e+00
1.561666666666666359e+01 -3.071446572581981171e-01
1.562916666666666288e+01 -6.142893145164133317e-01
1.563749999999999929e+01 6.142893145164133317e-01
1.564999999999999680e+01 3.071446572581981171e-01
1.566249999999999609e+01 -6.142893145164048940e-01
1.567083333333333250e+01 3.071446572582066659e-01
1.568333333333333002e+01 0.000000000000000000e+00
1.569583333333332931e+01 0.000000000000000000e+00
1.570833333333333037e+01 0.000000000000000000e+00
1.571666666666666323e+01 -6.142893145164133317e-01
1.572916666666666252e+01 3.071446572582066659e-01
1.574166666666666359e+01 -3.071446572582066659e-01
1.575416666666666288e+01 9.214339717746113934e-01
1.576249999999999574e+01 -6.142893145164048940e-01
1.577499999999999680e+01 0.000000000000000000e+00
1.578749999999999609e+01 -9.214339717746113934e-01
1.579583333333332895e+01 9.214339717746113934e-01
1.580833333333333002e+01 -9.214339717746113934e-01
1.582083333333332931e+01 3.071446572582066659e-01
1.583333333333332860e+01 6.142893145164048940e-01
1.584166666666666323e+01 -3.071446572582066659e-01
1.585416666666666252e+01 6.142893145164133317e-01
1.586666666666666003e+01 -1.228578629032818226e+00
1.587916666666666288e+01 -3.071446572582066659e-01
1.588749999999999574e+01 6.142893145164133317e-01
1.589999999999999325e+01 3.071446572581981171e-01
1.591249999999999609e+01 3.071446572582066659e-01
1.592083333333332895e+01 -9.214339717746113934e-01
1.593333333333332646e+01 1.228578629032818226e+00
1.594583333333332931e+01 -9.214339717746113934e-01
1.595833333333332860e+01 3.071446572581981171e-01
1.596666666666665968e+01 0.000000000000000000e+00
1.597916666666666252e+01 -3.071446572581981171e-01
1.599166666666666181e+01 6.142893145164048940e-01
1.601249999999999929e+01 -3.071446572582066659e-01
1.602500000000000213e+01 0.000000000000000000e+00
1.603750000000000142e+01 6.142893145164133317e-01
1.604583333333333073e+01 -9.214339717746113934e-01
1.605833333333333357e+01 -3.071446572582066659e-01
1.607083333333333286e+01 6.142893145164048940e-01
1.608333333333333570e+01 0.000000000000000000e+00
1.609166666666666856e+01 0.000000000000000000e+00
1.610416666666666430e+01 6.142893145164133317e-01
1.611666666666666714e+01 -3.071446572582066659e-01
1.612500000000000000e+01 -3.071446572582066659e-01
1.613749999999999929e+01 6.142893145164133317e-01
1.615000000000000213e+01 0.000000000000000000e+00
1.616250000000000142e+01 0.000000000000000000e+00
1.617083333333333073e+01 -6.142893145164133317e-01
1.618333333333333357e+01 3.071446572582066659e-01
1.619583333333333286e+01 3.071446572582066659e-01
1.620833333333333570e+01 -3.071446572582066659e-01
1.621666666666666856e+01 3.071446572582066659e-01
1.622916666666666430e+01 3.071446572581981171e-01
1.624166666666666714e+01 3.071446572582066659e-01
1.625000000000000000e+01 0.000000000000000000e+00
1.626249999999999929e+01 -3.071446572582066659e-01
1.627500000000000213e+01 -3.071446572581981171e-01
1.628750000000000142e+01 3.071446572581981171e-01
1.629583333333333073e+01 3.071446572582066659e-01
1.630833333333333357e+01 -6.142893145164048940e-01
1.632083333333333286e+01 3.071446572581981171e-01
1.633333333333333215e+01 -3.071446572581981171e-01
1.634166666666666856e+01 3.071446572581981171e-01
1.635416666666666785e+01 -3.071446572581981171e-01
1.636666666666666359e+01 3.071446572581981171e-01
1.637916666666666643e+01 3.071446572582066659e-01
1.638749999999999929e+01 3.071446572582066659e-01
1.639999999999999858e+01 -3.071446572582066659e-01
1.641250000000000142e+01 0.000000000000000000e+00
1.642083333333333073e+01 -6.142893145164048940e-01
1.643333333333333002e+01 6.142893145164048940e-01
1.644583333333333286e+01 -3.071446572582066659e-01
1.645833333333333215e+01 6.142893145164133317e-01
1.646666666666666501e+01 -6.142893145164133317e-01
1.647916666666666785e+01 3.071446572582066659e-01
1.649166666666666359e+01 -3.071446572582066659e-01
1.650416666666666643e+01 0.000000000000000000e+00
1.651249999999999929e+01 3.071446572582066659e-01
1.652499999999999858e+01 -3.071446572582066659e-01
1.653750000000000142e+01 -6.142893145164048940e-01
1.654583333333333428e+01 3.071446572582066659e-01
1.655833333333333002e+01 9.214339717746113934e-01
1.657083333333333286e+01 -1.535723286291024614e+00
1.658333333333333215e+01 6.142893145164133317e-01
1.659166666666666501e+01 3.071446572581981171e-01
1.660416666666666785e+01 3.071446572582066659e-01
1.661666666666666359e+01 -3.071446572582066659e-01
1.662916666666666288e+01 0.000000000000000000e+00
1.663749999999999929e+01 3.071446572582066659e-01
1.664999999999999858e+01 -3.071446572582066659e-01
1.666249999999999787e+01 -3.071446572581981171e-01
1.667083333333333428e+01 3.071446572581981171e-01
1.668333333333333002e+01 -3.071446572581981171e-01
1.669583333333332931e+01 0.000000000000000000e+00
1.670833333333333215e+01 0.000000000000000000e+00
1.671666666666666501e+01 3.071446572581981171e-01
1.672916666666666430e+01 -6.142893145164048940e-01
1.674166666666666359e+01 3.071446572582066659e-01
1.675416666666666288e+01 0.000000000000000000e+00
1.676249999999999574e+01 6.142893145164048940e-01
1.677499999999999858e+01 -9.214339717746113934e-01
1.678749999999999787e+01 3.071446572582066659e-01
1.679583333333333073e+01 0.000000000000000000e+00
1.680833333333333002e+01 0.000000000000000000e+00
1.682083333333332931e+01 -3.071446572582066659e-01
1.683333333333332860e+01 6.142893145164048940e-01
1.684166666666666501e+01 0.000000000000000000e+00
1.685416666666666430e+01 -6.142893145164048940e-01
1.686666666666666003e+01 0.000000000000000000e+00
1.687916666666666288e+01 0.000000000000000000e+00
1.688749999999999574e+01 6.142893145164048940e-01
1.689999999999999503e+01 -6.142893145164048940e-01
1.691249999999999787e+01 -3.071446572582066659e-01
1.692083333333333073e+01 1.228578629032818226e+00
1.693333333333332646e+01 -6.142893145164048940e-01
1.694583333333332931e+01 -6.142893145164133317e-01
1.695833333333332860e+01 3.071446572582066659e-01
1.696666666666666146e+01 -6.142893145164048940e-01
1.697916666666666430e+01 3.071446572581981171e-01
1.699166666666666359e+01 0.000000000000000000e+00
1.701249999999999929e+01 3.071446572582066659e-01
1.702500000000000213e+01 -9.214339717746113934e-01
1.703750000000000142e+01 9.214339717746113934e-01
1.704583333333333428e+01 6.142893145164048940e-01
1.705833333333333357e+01 -9.214339717746113934e-01
1.707083333333333286e+01 1.535723286291024614e+00
1.708333333333333570e+01 -9.214339717746113934e-01
1.709166666666666856e+01 -6.142893145164133317e-01
1.710416666666666785e+01 0.000000000000000000e+00
1.711666666666666714e+01 3.071446572582066659e-01
1.712500000000000000e+01 0.000000000000000000e+00
1.713749999999999929e+01 0.000000000000000000e+00
1.715000000000000213e+01 -3.071446572582066659e-01
1.716250000000000142e+01 3.071446572582066659e-01
1.717083333333333428e+01 -6.142893145164048940e-01
1.718333333333333357e+01 6.142893145164048940e-01
1.719583333333333286e+01 3.071446572582066659e-01
1.720833333333333570e+01 3.071446572581981171e-01
1.721666666666666856e+01 -9.214339717746113934e-01
1.722916666666666785e+01 9.214339717746113934e-01
1.724166666666667069e+01 -6.142893145164048940e-01
1.725000000000000000e+01 0.000000000000000000e+00
1.726249999999999929e+01 6.142893145164048940e-01
1.727500000000000213e+01 -3.071446572581981171e-01
1.728750000000000142e+01 0.000000000000000000e+00
1.729583333333333428e+01 0.000000000000000000e+00
1.730833333333333357e+01 0.000000000000000000e+00
1.732083333333333286e+01 -3.071446572582066659e-01
1.733333333333333215e+01 3.071446572582066659e-01
1.734166666666666856e+01 -6.142893145164133317e-01
1.735416666666666785e+01 6.142893145164133317e-01
1.736666666666666714e+01 -3.071446572582066659e-01
1.737916666666666643e+01 -3.071446572582066659e-01
1.738749999999999929e+01 3.071446572582066659e-01
1.739999999999999858e+01 3.071446572582066659e-01
1.741250000000000142e+01 0.000000000000000000e+00
1.742083333333333428e+01 0.000000000000000000e+00
1.743333333333333357e+01 -3.071446572582066659e-01
1.744583333333333286e+01 0.000000000000000000e+00
1.745833333333333215e+01 0.000000000000000000e+00
1.746666666666666501e+01 6.142893145164048940e-01
1.747916666666666785e+01 0.000000000000000000e+00
1.749166666666666714e+01 0.000000000000000000e+00
1.750416666666666643e+01 3.071446572582066659e-01
1.751249999999999929e+01 3.071446572582066659e-01
1.752499999999999858e+01 -6.142893145164133317e-01
1.753750000000000142e+01 0.000000000000000000e+00
1.754583333333333428e+01 0.000000000000000000e+00
1.755833333333333357e+01 3.071446572582066659e-01
1.757083333333333286e+01 -3.071446572582066659e-01
1.758333333333333215e+01 9.214339717746199421e-01
1.759166666666666501e+01 -9.214339717746199421e-01
1.760416666666666785e+01 -3.071446572581981171e-01
1.761666666666666714e+01 9.214339717746113934e-01
1.762916666666666288e+01 -9.214339717746113934e-01
1.763749999999999929e+01 -3.071446572582066659e-01
1.764999999999999858e+01 6.142893145164048940e-01
1.766249999999999787e+01 0.000000000000000000e+00
1.767083333333333428e+01 -3.071446572581981171e-01
1.768333333333333357e+01 0.000000000000000000e+00
1.769583333333332931e+01 6.142893145164048940e-01
1.770833333333333215e+01 -9.214339717746113934e-01
1.771666666666666501e+01 -3.071446572582066659e-01
1.772916666666666430e+01 0.000000000000000000e+00
1.774166666666666714e+01 3.071446572582066659e-01
1.775416666666666288e+01 0.000000000000000000e+00
1.776249999999999574e+01 3.071446572582066659e-01
1.777499999999999858e+01 -3.071446572582066659e-01
1.778749999999999787e+01 3.071446572582066659e-01
1.779583333333333073e+01 -6.142893145164133317e-01
1.780833333333333357e+01 6.142893145164133317e-01
1.782083333333332931e+01 -3.071446572582066659e-01
1.783333333333332860e+01 0.000000000000000000e+00
1.784166666666666501e+01 0.000000000000000000e+00
1.785416666666666430e+01 0.000000000000000000e+00
1.786666666666666359e+01 0.000000000000000000e+00
1.787916666666666643e+01 -3.071446572582066659e-01
1.788749999999999574e+01 3.071446572582066659e-01
1.789999999999999503e+01 3.071446572582066659e-01
1.791249999999999787e+01 -3.071446572582066659e-01
1.792083333333333073e+01 6.142893145164048940e-01
1.793333333333333002e+01 -9.214339717746113934e-01
1.794583333333332931e+01 0.000000000000000000e+00
1.795833333333332860e+01 6.142893145164133317e-01
1.796666666666666146e+01 -3.071446572582066659e-01
1.797916666666666430e+01 9.214339717746113934e-01
1.799166666666666359e+01 -6.142893145164048940e-01
1.801249999999999929e+01 -6.142893145164133317e-01
1.802500000000000213e+01 9.214339717746113934e-01
1.803750000000000142e+01 -6.142893145164048940e-01
1.804583333333333428e+01 0.000000000000000000e+00
1.805833333333333712e+01 3.071446572582066659e-01
1.807083333333333286e+01 3.071446572581981171e-01
1.808333333333333570e+01 0.000000000000000000e+00
1.809166666666666856e+01 6.142893145164133317e-01
1.810416666666666785e+01 -6.142893145164133317e-01
1.811666666666667069e+01 6.142893145164133317e-01
1.812500000000000355e+01 -6.142893145164133317e-01
1.813749999999999929e+01 0.000000000000000000e+00
1.815000000000000213e+01 6.142893145164133317e-01
1.816250000000000142e+01 -3.071446572582066659e-01
1.817083333333333428e+01 6.142893145164133317e-01
1.818333333333333712e+01 0.000000000000000000e+00
1.819583333333333641e+01 0.000000000000000000e+00
1.820833333333333570e+01 3.071446572581981171e-01
1.821666666666666856e+01 0.000000000000000000e+00
1.822916666666666785e+01 3.071446572582066659e-01
1.824166666666667069e+01 3.071446572565379451e-01
1.825000000000000355e+01 0.000000000000000000e+00
1.826249999999999929e+01 -9.214339717729427282e-01
1.827500000000000213e+01 9.214339717729427282e-01
1.828750000000000142e+01 -3.071446572565379451e-01
1.829583333333333428e+01 3.071446572565379451e-01
1.830833333333333712e+01 0.000000000000000000e+00
1.832083333333333641e+01 -6.142893145147445555e-01
1.833333333333333215e+01 6.142893145147445555e-01
1.834166666666666856e+01 -3.071446572565379451e-01
1.835416666666666785e+01 9.214339717729427282e-01
1.836666666666666714e+01 -3.071446572581981171e-01
1.837916666666666998e+01 0.000000000000000000e+00
1.838750000000000284e+01 0.000000000000000000e+00
1.839999999999999858e+01 0.000000000000000000e+00
1.841250000000000142e+01 3.071446572581981171e-01
1.842083333333333428e+01 0.000000000000000000e+00
1.843333333333333357e+01 -6.142893145164048940e-01
1.844583333333333641e+01 1.228578629032818226e+00
1.845833333333333215e+01 -9.214339717746113934e-01
1.846666666666666501e+01 0.000000000000000000e+00
1.847916666666666785e+01 9.214339717746113934e-01
1.849166666666666714e+01 -3.071446572582066659e-01
1.850416666666666998e+01 0.000000000000000000e+00
1.851250000000000284e+01 3.071446572582066659e-01
1.852499999999999858e+01 -9.214339717746113934e-01
1.853750000000000142e+01 0.000000000000000000e+00
1.854583333333333428e+01 -3.071446572582066659e-01
1.855833333333333357e+01 6.142893145164048940e-01
1.857083333333333641e+01 3.071446572582066659e-01
1.858333333333333215e+01 -3.071446572582066659e-01
1.859166666666666501e+01 0.000000000000000000e+00
1.860416666666666785e+01 -1.228578629031149339e+00
1.861666666666666714e+01 3.071446572582066659e-01
1.862916666666666643e+01 6.142893145147445555e-01
1.863750000000000284e+01 -3.071446572582066659e-01
1.864999999999999858e+01 3.071446572582066659e-01
1.866249999999999787e+01 3.071446572581981171e-01
1.867083333333333428e+01 -6.142893145164048940e-01
1.868333333333333357e+01 1.228578629032818226e+00
1.869583333333333286e+01 -1.228578629032818226e+00
1.870833333333333215e+01 6.142893145164048940e-01
1.871666666666666501e+01 0.000000000000000000e+00
1.872916666666666430e+01 3.071446572582066659e-01
1.874166666666666714e+01 -6.142893145164048940e-01
1.875416666666666643e+01 3.071446572581981171e-01
1.876249999999999929e+01 0.000000000000000000e+00
1.877499999999999858e+01 -3.071446572581981171e-01
1.878749999999999787e+01 0.000000000000000000e+00
1.879583333333333073e+01 3.071446572581981171e-01
1.880833333333333357e+01 3.071446572582066659e-01
1.882083333333333286e+01 -9.214339717746113934e-01
1.883333333333333215e+01 0.000000000000000000e+00
1.884166666666666501e+01 3.071446572582066659e-01
1.885416666666666430e+01 -6.142893145147445555e-01
1.886666666666666359e+01 6.142893145147445555e-01
1.887916666666666643e+01 0.000000000000000000e+00
1.888749999999999929e+01 3.071446572581981171e-01
1.889999999999999503e+01 -6.142893145164048940e-01
1.891249999999999787e+01 -6.142893145147445555e-01
1.892083333333333073e+01 3.071446572582066659e-01
1.893333333333333002e+01 0.000000000000000000e+00
1.894583333333333286e+01 -3.071446572582066659e-01
1.895833333333333215e+01 6.142893145147445555e-01
1.896666666666666146e+01 -3.071446572565379451e-01
1.897916666666666430e+01 -3.071446572582066659e-01
1.899166666666666359e+01 -3.071446572581981171e-01
1.901249999999999929e+01 6.142893145164048940e-01
1.902499999999999858e+01 3.071446572565379451e-01
1.903749999999999787e+01 3.071446572582066659e-01
1.904583333333333073e+01 6.142893145164048940e-01
1.905833333333333357e+01 -6.142893145164048940e-01
1.907083333333333286e+01 -6.142893145147445555e-01
1.908333333333333570e+01 3.071446572565379451e-01
1.909166666666666501e+01 -9.214339717729427282e-01
1.910416666666666430e+01 1.228578629031149339e+00
1.911666666666666714e+01 -6.142893145147445555e-01
1.912500000000000000e+01 3.071446572565379451e-01
1.913749999999999929e+01 -6.142893145147445555e-01
1.914999999999999858e+01 3.071446572582066659e-01
1.916249999999999787e+01 9.214339717729427282e-01
1.917083333333333073e+01 -6.142893145164048940e-01
1.918333333333333357e+01 3.071446572582066659e-01
1.919583333333333286e+01 -6.142893145147445555e-01
1.920833333333333570e+01 6.142893145147445555e-01
1.921666666666666501e+01 0.000000000000000000e+00
1.922916666666666430e+01 9.214339717746113934e-01
1.924166666666666714e+01 -9.214339717746113934e-01
1.925000000000000000e+01 -3.071446572582066659e-01
1.926249999999999929e+01 6.142893145164048940e-01
1.927500000000000213e+01 0.000000000000000000e+00
1.928749999999999787e+01 3.071446572582066659e-01
1.929583333333333073e+01 3.071446572582066659e-01
1.930833333333333357e+01 -6.142893145164133317e-01
1.932083333333333286e+01 3.071446572582066659e-01
1.933333333333333215e+01 -6.142893145164048940e-01
1.934166666666666501e+01 6.142893145164048940e-01
1.935416666666666430e+01 -6.142893145164048940e-01
1.936666666666666359e+01 3.071446572581981171e-01
1.937916666666666643e+01 -9.214339717729427282e-01
1.938749999999999929e+01 3.071446572565379451e-01
1.939999999999999858e+01 -3.071446572565379451e-01
1.941249999999999787e+01 9.214339717729427282e-01
1.942083333333333073e+01 -3.071446572581981171e-01
1.943333333333333002e+01 6.142893145164048940e-01
1.944583333333333286e+01 -9.214339717746113934e-01
1.945833333333333215e+01 6.142893145164048940e-01
1.946666666666666501e+01 0.000000000000000000e+00
1.947916666666666430e+01 0.000000000000000000e+00
1.949166666666666359e+01 6.142893145164133317e-01
1.950416666666666643e+01 0.000000000000000000e+00
1.951249999999999929e+01 -6.142893145164133317e-01
1.952499999999999858e+01 9.214339717746199421e-01
1.953749999999999787e+01 -6.142893145164133317e-01
1.954583333333333073e+01 -6.142893145164048940e-01
1.955833333333333002e+01 0.000000000000000000e+00
1.957083333333333286e+01 0.000000000000000000e+00
1.958333333333333215e+01 6.142893145164048940e-01
1.959166666666666501e+01 -3.071446572582066659e-01
1.960416666666666430e+01 3.071446572582066659e-01
1.961666666666666359e+01 -3.071446572582066659e-01
1.962916666666666288e+01 -9.214339717729427282e-01
1.963749999999999929e+01 3.071446572565379451e-01
1.964999999999999858e+01 6.142893145164048940e-01
1.966249999999999432e+01 0.000000000000000000e+00
1.967083333333333073e+01 0.000000000000000000e+00
1.968333333333333002e+01 0.000000000000000000e+00
1.969583333333332931e+01 -3.071446572581981171e-01
1.970833333333333215e+01 6.142893145164048940e-01
1.971666666666666501e+01 0.000000000000000000e+00
1.972916666666666075e+01 0.000000000000000000e+00
1.974166666666666359e+01 -9.214339717746113934e-01
1.975416666666666288e+01 9.214339717746113934e-01
1.976249999999999574e+01 -6.142893145164048940e-01
1.977499999999999858e+01 6.142893145164048940e-01
1.978749999999999432e+01 -9.214339717746113934e-01
1.979583333333332718e+01 1.535723286291024614e+00
1.980833333333333002e+01 -1.228578629032818226e+00
1.982083333333332931e+01 0.000000000000000000e+00
1.983333333333332860e+01 0.000000000000000000e+00
1.984166666666666501e+01 -6.142893145147445555e-01
1.985416666666666075e+01 1.228578629031149339e+00
1.986666666666666003e+01 -6.142893145164048940e-01
1.987916666666666288e+01 0.000000000000000000e+00
1.988749999999999574e+01 0.000000000000000000e+00
1.989999999999999503e+01 -6.142893145147445555e-01
1.991249999999999787e+01 6.142893145147445555e-01
1.992083333333332718e+01 0.000000000000000000e+00
1.993333333333332646e+01 0.000000000000000000e+00
1.994583333333332931e+01 -3.071446572582066659e-01
1.995833333333332860e+01 6.142893145164048940e-01
1.996666666666666146e+01 -3.071446572581981171e-01
1.997916666666666075e+01 3.071446572581981171e-01
1.999166666666666003e+01 0.000000000000000000e+00
