0.000000000000000000e+00 0.000000000000000000e+00
1.250000000000000069e-02 -1.610666768864174925e+00
2.500000000000000486e-02 -2.606568008676895420e+00
3.750000000000001249e-02 -3.676621286963926760e+00
4.583333333333334397e-02 -3.994809083989907972e+00
5.833333333333335508e-02 -3.906440176939406594e+00
7.083333333333334536e-02 -4.250879142710703107e+00
8.333333333333335646e-02 -4.212973129710006148e+00
9.166666666666668795e-02 -4.540118502323262639e+00
1.041666666666666990e-01 -5.471888785878249450e+00
1.166666666666667102e-01 -5.861243073854350172e+00
1.250000000000000278e-01 -6.179190894408006507e+00
1.375000000000000389e-01 -6.709670079519012731e+00
1.500000000000000500e-01 -6.331536418579564618e+00
1.625000000000000333e-01 -5.971986401923733645e+00
1.708333333333333925e-01 -5.337811239949199482e+00
1.833333333333333759e-01 -3.997361951676343228e+00
1.958333333333333870e-01 -3.333177531215389955e+00
2.083333333333333981e-01 -2.311202132008504329e+00
2.166666666666667296e-01 -1.878104591452860905e+00
2.291666666666667407e-01 -1.518895777553139537e+00
2.416666666666667518e-01 -1.949159049628308882e+00
2.500000000000000555e-01 -2.262380562242643833e+00
2.625000000000000111e-01 -2.328308922707698958e+00
2.749999999999999112e-01 -1.270231068637869720e+00
2.874999999999998113e-01 -6.718561694583091715e-01
2.958333333333331150e-01 -1.674088880947170455e-01
3.083333333333330151e-01 5.360021177998092190e-01
3.208333333333329707e-01 5.649057289686500866e-02
3.333333333333328707e-01 -4.561738244992200042e-01
3.416666666666661745e-01 -1.070823698474172581e+00
3.541666666666660745e-01 -2.022054735058609332e+00
3.666666666666660301e-01 -2.100424607525684717e+00
3.791666666666659302e-01 -2.306544058403592778e+00
3.874999999999992339e-01 -1.945582747166268112e+00
3.999999999999991340e-01 -8.563868017526269361e-01
4.124999999999990896e-01 -4.901138148543432993e-01
4.208333333333323378e-01 -3.475146456713671395e-01
4.333333333333322934e-01 -2.933234409972556023e-01
4.458333333333321935e-01 -1.112254798413458756e+00
4.583333333333321491e-01 -1.384491374840050248e+00
4.666666666666653973e-01 -1.646273550831645727e+00
4.791666666666653529e-01 -1.959325776131630281e+00
4.916666666666653085e-01 -1.173169917752370006e+00
5.041666666666652086e-01 -6.545965475812974832e-01
5.124999999999985123e-01 -2.417449002826135007e-01
5.249999999999984679e-01 3.362884600559636339e-01
5.374999999999984235e-01 6.261805155463338879e-02
5.458333333333316162e-01 -9.329936543058971188e-02
5.583333333333315718e-01 -2.583440134928953746e-01
5.708333333333315274e-01 -9.961451163669867714e-01
5.833333333333314830e-01 -9.031353067939622559e-01
5.916666666666646757e-01 -8.198344955186663841e-01
6.041666666666646313e-01 -7.757602688082605447e-01
6.166666666666645868e-01 -9.808393024370572200e-02
6.291666666666644314e-01 -3.382997416788569023e-02
6.374999999999977351e-01 5.262524056730159133e-02
6.499999999999976907e-01 1.393984444539638212e-01
6.624999999999976463e-01 -5.609931594294007562e-01
6.708333333333309501e-01 -8.230386957449061791e-01
6.833333333333307946e-01 -7.116450123038391418e-01
6.958333333333307502e-01 -8.170265890235587358e-01
7.083333333333307058e-01 -1.608695951347776099e-01
7.166666666666640095e-01 1.324923590807511320e-01
7.291666666666638541e-01 2.141299022503314053e-01
7.416666666666638097e-01 5.881822571770076724e-01
7.541666666666637653e-01 1.180300067233218952e-01
7.624999999999969580e-01 -7.727263394973200861e-02
7.749999999999969136e-01 -3.752934229711789998e-02
7.874999999999968692e-01 -4.305295747606971424e-01
7.958333333333301729e-01 -4.092762059640315808e-01
8.083333333333300175e-01 9.768745471417809856e-02
8.208333333333299731e-01 1.957480773503380844e-01
8.333333333333299286e-01 7.853745074608353693e-01
8.416666666666632324e-01 8.789865720913798697e-01
8.541666666666630769e-01 4.980182735811707895e-01
8.666666666666630325e-01 4.096625902097500438e-01
8.791666666666629881e-01 -3.469182285713092173e-01
8.874999999999962919e-01 -6.235873982871351640e-01
8.999999999999961364e-01 -4.833218284057525516e-01
9.124999999999960920e-01 -4.691501948103093955e-01
9.208333333333293957e-01 -1.315261527495352467e-01
9.333333333333293513e-01 6.574814163176038173e-01
9.458333333333291959e-01 7.112851771517773036e-01
9.583333333333291515e-01 1.012098144761127916e+00
9.666666666666624552e-01 8.462390816830964724e-01
9.791666666666625218e-01 1.336149358417377253e-01
9.916666666666623664e-01 -5.896133687930936625e-03
1.012499999999999956e+00 -3.597062112145457680e-01
1.025000000000000133e+00 5.560454327441580746e-01
1.037500000000000089e+00 1.039324416761664871e+00
1.045833333333333393e+00 1.471467329756911413e+00
1.058333333333333348e+00 2.128306434902987654e+00
1.070833333333333304e+00 1.801071710227549083e+00
1.083333333333333259e+00 1.675674016599575156e+00
1.091666666666666785e+00 1.336695446191816572e+00
1.104166666666666741e+00 6.383785515567860225e-01
1.116666666666666696e+00 7.917955925024507957e-01
1.125000000000000222e+00 9.215944373598594641e-01
1.137499999999999956e+00 1.096407413764823202e+00
1.149999999999999911e+00 1.925358383104881055e+00
1.162500000000000089e+00 1.923156221427786861e+00
1.170833333333333393e+00 1.836452776409361221e+00
1.183333333333333348e+00 1.638467187592380858e+00
1.195833333333333526e+00 6.695559039128280432e-01
1.208333333333333481e+00 2.482632420789633587e-01
1.216666666666666785e+00 -9.449084387573984667e-02
1.229166666666666741e+00 -5.715327466123155675e-01
1.241666666666666696e+00 2.345296338906833478e-01
1.250000000000000000e+00 6.936010207427905083e-01
1.262499999999999956e+00 9.555770114969807105e-01
1.274999999999999911e+00 1.423257704672842960e+00
1.287499999999999867e+00 9.490610941704314962e-01
1.295833333333333171e+00 6.237288201748083516e-01
1.308333333333332904e+00 2.690557315922715298e-01
1.320833333333332860e+00 -5.202076672806328350e-01
1.333333333333332815e+00 -3.862044091779155974e-01
1.341666666666666119e+00 -2.542983871591079081e-01
1.354166666666666075e+00 -9.897346928764808038e-02
1.366666666666666030e+00 7.116982961147265696e-01
1.379166666666665986e+00 8.106227911554253485e-01
1.387499999999999289e+00 8.396215627655476688e-01
1.399999999999999023e+00 7.860589913781586002e-01
1.412499999999998979e+00 -7.136645570712286946e-02
1.420833333333332282e+00 -4.348238379723898261e-01
1.433333333333332238e+00 -4.861566736858688453e-01
1.445833333333332194e+00 -7.578992760244896987e-01
1.458333333333332149e+00 -1.525040697622659369e-01
1.466666666666665453e+00 1.940951587771220233e-01
1.479166666666665408e+00 4.134418375229073073e-01
1.491666666666665364e+00 9.183932180891090091e-01
1.504166666666665320e+00 5.394956647349523626e-01
1.512499999999998623e+00 3.435032500294108448e-01
1.524999999999998579e+00 2.442319421951489600e-01
1.537499999999998535e+00 -3.708385170433187716e-01
1.545833333333331838e+00 -4.922555241843769025e-01
1.558333333333331794e+00 -1.341710000027191985e-01
1.570833333333331527e+00 -4.113777604305903640e-02
1.583333333333331483e+00 6.504658318661720173e-01
1.591666666666664787e+00 8.268720779914138230e-01
1.604166666666664742e+00 5.797681805306511560e-01
1.616666666666664698e+00 6.075015636940577224e-01
1.629166666666664653e+00 -1.043290000018339686e-01
1.637499999999997957e+00 -3.998248125269199815e-01
1.649999999999997913e+00 -3.884426111138703508e-01
1.662499999999997646e+00 -6.097808366906105615e-01
1.670833333333330950e+00 -4.283231278885473725e-01
1.683333333333330906e+00 2.049603932279904228e-01
1.695833333333330861e+00 2.357038512616453085e-01
1.708333333333330817e+00 6.512300934772115024e-01
1.716666666666664121e+00 6.166750072205889888e-01
1.729166666666664076e+00 1.125761380352558599e-01
1.741666666666664032e+00 7.604792180076319630e-02
1.754166666666663765e+00 -4.218026682727967769e-01
1.762499999999997069e+00 -4.716571809540222038e-01
1.774999999999997025e+00 -1.107626928492908835e-01
1.787499999999996980e+00 -1.418381085982367007e-01
1.795833333333330284e+00 6.276380989705228342e-02
1.808333333333330240e+00 5.995577700329883797e-01
1.820833333333330195e+00 3.959511537537768189e-01
1.833333333333330151e+00 5.201070534272419499e-01
1.841666666666663232e+00 3.483870414073119703e-01
1.854166666666663188e+00 -1.843736519625258641e-01
1.866666666666663144e+00 -5.748408423401106526e-02
1.879166666666663099e+00 -2.960644826013799635e-01
1.887499999999996403e+00 -1.743081890027173009e-01
1.899999999999996358e+00 3.392832518163760303e-01
1.912499999999996314e+00 2.178772442624531125e-01
1.920833333333329618e+00 2.191886001622453395e-01
1.933333333333329351e+00 3.579910088425010684e-01
1.945833333333329307e+00 -1.429056724820449154e-01
1.958333333333329263e+00 -8.984895767232592423e-02
1.966666666666662566e+00 -1.880761926495163328e-01
1.979166666666662522e+00 -4.823215918010306802e-01
1.991666666666662477e+00 -7.434368421686046724e-02
2.012500000000000178e+00 -3.705298711063930578e-02
2.024999999999999911e+00 2.608312049165075197e-01
2.037500000000000089e+00 -1.349581372794554646e-01
2.045833333333333393e+00 -2.827206995337579465e-01
2.058333333333333570e+00 -2.715427733140703959e-01
2.070833333333333304e+00 -7.497157592518929325e-01
2.083333333333333481e+00 -5.122095207453217780e-01
2.091666666666666785e+00 -4.364132722861346347e-01
2.104166666666666963e+00 -4.988833813065128298e-01
2.116666666666666696e+00 1.572016907167438082e-02
2.125000000000000000e+00 1.388974963552734865e-01
2.137500000000000178e+00 -6.960753058425275808e-02
2.149999999999999911e+00 1.151205953932918497e-01
2.162500000000000089e+00 -3.344582271976044296e-01
2.170833333333333837e+00 -4.377522700373822073e-01
2.183333333333333570e+00 -2.254573367351160318e-01
2.195833333333333304e+00 -4.301194679345708427e-01
2.208333333333333481e+00 2.649360903414111831e-02
2.216666666666666785e+00 1.759766462673444665e-01
2.229166666666666519e+00 8.812714709317544248e-02
2.241666666666667140e+00 3.826914037372052824e-01
2.250000000000000444e+00 3.151709938715082648e-01
2.262500000000000178e+00 -1.385559335432697547e-01
2.274999999999999911e+00 -6.183754051349087122e-02
2.287500000000000089e+00 -4.664811958442187101e-01
2.295833333333333393e+00 -4.747471421151699955e-01
2.308333333333333126e+00 -7.639206402874164359e-02
2.320833333333333304e+00 -1.351588363474314214e-01
2.333333333333333037e+00 3.274860570479899979e-01
2.341666666666666341e+00 3.885089559718636898e-01
2.354166666666666519e+00 7.769312355230220679e-02
2.366666666666666252e+00 1.834652946038156374e-01
2.379166666666665986e+00 -3.159015822011298491e-01
2.387499999999999289e+00 -4.363243736259151406e-01
2.399999999999999467e+00 -2.225866745580924455e-01
2.412499999999999201e+00 -3.937049891970438309e-01
2.420833333333332504e+00 -2.566185944574150279e-01
2.433333333333332682e+00 2.627668604140211972e-01
2.445833333333332416e+00 1.849632852045398346e-01
2.458333333333332149e+00 5.147094830537597421e-01
2.466666666666665453e+00 4.464735806309491073e-01
2.479166666666665630e+00 -5.919789766578023582e-02
2.491666666666665364e+00 -5.666248176341293769e-02
2.504166666666665542e+00 -5.202690611536485710e-01
2.512499999999998845e+00 -5.603679308500790768e-01
2.524999999999998579e+00 -1.948672763605445446e-01
2.537499999999998312e+00 -2.398458415840488411e-01
2.545833333333331616e+00 -6.739152851777190090e-02
2.558333333333331794e+00 3.947828624635800754e-01
2.570833333333331527e+00 1.441837497041131289e-01
2.583333333333331705e+00 2.987905380003238465e-01
2.591666666666665009e+00 1.799580704085541882e-01
2.604166666666664742e+00 -2.662973741423481644e-01
2.616666666666664920e+00 -7.837912739840383058e-02
2.629166666666664653e+00 -3.029327499596930484e-01
2.637499999999997957e+00 -1.987758938826638400e-01
2.649999999999997691e+00 2.816833989147547457e-01
2.662499999999997868e+00 1.767673443555250190e-01
2.670833333333331172e+00 2.297194548288365168e-01
2.683333333333330906e+00 4.728269158135449679e-01
2.695833333333331083e+00 3.447780685921908450e-02
2.708333333333330817e+00 6.709723782956106275e-02
2.716666666666664121e+00 -8.485932415392885564e-02
2.729166666666663854e+00 -4.951676153949978731e-01
2.741666666666664032e+00 -1.979641437624901079e-01
2.754166666666663765e+00 -3.252574460231140163e-01
2.762499999999997069e+00 -1.996904340070854988e-01
2.774999999999997247e+00 2.333113133885393875e-01
2.787499999999996980e+00 2.754410911223861201e-06
2.795833333333330284e+00 -5.701925068519069634e-02
2.808333333333330017e+00 4.270653454885511152e-02
2.820833333333330195e+00 -4.230631825324547290e-01
2.833333333333329929e+00 -2.567115981203302866e-01
2.841666666666663232e+00 -2.581547648053362787e-01
2.854166666666663410e+00 -4.313496775310383669e-01
2.866666666666663144e+00 3.954020861996027786e-02
2.879166666666663321e+00 -2.096860256028815206e-02
2.887499999999996625e+00 8.546266647862818533e-02
2.899999999999996358e+00 4.230393906519211433e-01
2.912499999999996092e+00 8.632098890797276769e-02
2.920833333333329396e+00 -8.432927365798197072e-03
2.933333333333329573e+00 9.353711992433742795e-02
2.945833333333329307e+00 -3.220560248541370352e-01
2.958333333333329485e+00 -8.582243294584113169e-02
2.966666666666662788e+00 -4.448998711333321254e-02
2.979166666666662522e+00 -1.950555628259999508e-01
2.991666666666662255e+00 2.090773751947943571e-01
3.012500000000000178e+00 6.193889874776422472e-03
3.024999999999999911e+00 2.030829416035550838e-01
3.037500000000000089e+00 -1.872570708142896889e-01
3.045833333333333393e+00 -2.539857926292975465e-01
3.058333333333333570e+00 -2.483716444493181200e-02
3.070833333333333304e+00 -2.722955285228738087e-01
3.083333333333333481e+00 8.283096677278145581e-02
3.091666666666666785e+00 1.477499060988977653e-01
3.104166666666666963e+00 -4.147521219289309474e-02
3.116666666666666696e+00 2.749135328521291610e-01
3.125000000000000000e+00 2.646004332310552543e-01
3.137500000000000178e+00 -8.715779748799602766e-02
3.149999999999999911e+00 6.934871782516163763e-02
3.162500000000000089e+00 -3.166213912280847476e-01
3.170833333333333837e+00 -3.617786447849985487e-01
3.183333333333333570e+00 -8.746376501474864562e-02
3.195833333333333304e+00 -2.976097694300570140e-01
3.208333333333333481e+00 6.109568670826043268e-02
3.216666666666666785e+00 9.933641938299238305e-02
3.229166666666666519e+00 -1.714170995144272402e-01
3.241666666666667140e+00 5.139090049305716085e-02
3.250000000000000444e+00 8.709496087754847390e-03
3.262500000000000178e+00 -3.101462189193344154e-01
3.275000000000000355e+00 -2.704017208029213179e-02
3.287500000000000089e+00 -2.399972290888726101e-01
3.295833333333333393e+00 -1.792916019366825597e-01
3.308333333333333126e+00 1.953036195880346049e-01
3.320833333333333304e+00 -4.599645681311139746e-04
3.333333333333333037e+00 3.161637620465768128e-01
3.341666666666666341e+00 3.203519004016007754e-01
3.354166666666666519e+00 1.356831005106700141e-02
3.366666666666666252e+00 2.258089860785991720e-01
3.379166666666665986e+00 -1.135842876771636090e-01
3.387499999999999289e+00 -1.428052405294713001e-01
3.399999999999999467e+00 1.167674026634264312e-01
3.412499999999999201e+00 -1.534861636227494996e-01
3.420833333333332504e+00 -1.539426706292122693e-01
3.433333333333332682e+00 9.714431721977256906e-02
3.445833333333332416e+00 -2.393063483988441820e-01
3.458333333333332149e+00 -4.165750659490386615e-02
3.466666666666665453e+00 -8.036234583187627789e-02
3.479166666666665630e+00 -3.672412745482047658e-01
3.491666666666665364e+00 -3.271634599265517418e-02
3.504166666666665542e+00 -1.974267312452771261e-01
3.512499999999998845e+00 -1.171271170911554749e-01
3.524999999999998579e+00 2.627210747339662200e-01
3.537499999999998757e+00 4.881507450361267236e-02
3.545833333333331616e+00 5.846924683660557898e-02
3.558333333333331794e+00 3.132537272986114507e-01
3.570833333333331527e+00 -2.345242652847024691e-03
3.583333333333331705e+00 2.365264122027415372e-01
3.591666666666665009e+00 2.244704015589239210e-01
3.604166666666664742e+00 -4.712171816066913071e-02
3.616666666666664920e+00 2.535090705537769162e-01
3.629166666666664653e+00 -1.178619879773104518e-03
3.637499999999997957e+00 -8.891934201523713291e-03
3.649999999999997691e+00 2.089226114318012417e-01
3.662499999999997868e+00 -1.782451926746709547e-01
3.670833333333331172e+00 -2.721364042313560994e-01
3.683333333333330906e+00 -1.280823755985076584e-01
3.695833333333331083e+00 -4.759459996633925161e-01
3.708333333333330817e+00 -1.839954607495202787e-01
3.716666666666664121e+00 -1.252502159441978014e-01
3.729166666666663854e+00 -2.742089452065111788e-01
3.741666666666664032e+00 1.274467552818335236e-01
3.754166666666663765e+00 -6.145345369202178526e-02
3.762499999999997069e+00 -3.580168754440254952e-02
3.774999999999997247e+00 2.401716402508007608e-01
3.787499999999996980e+00 -5.505825168868387631e-02
3.795833333333330284e+00 -6.367966596811309998e-02
3.808333333333330017e+00 2.312155381368251050e-01
3.820833333333330195e+00 1.999256347103191278e-02
3.833333333333329929e+00 3.844165233278024063e-01
3.841666666666663232e+00 4.396555300713114178e-01
3.854166666666663410e+00 2.030781950100690458e-01
3.866666666666663144e+00 4.344199456908387491e-01
3.879166666666663321e+00 3.006324698456222175e-02
3.887499999999996625e+00 -8.560473153407481550e-02
3.899999999999996358e+00 2.088958065535348810e-02
3.912499999999995648e+00 -3.665636067226491490e-01
3.920833333333328952e+00 -3.946079461591837090e-01
3.933333333333329573e+00 -8.757767464075702502e-02
3.945833333333328863e+00 -2.726673934179200121e-01
3.958333333333329485e+00 9.915172149781401045e-02
3.966666666666662788e+00 1.446543891253172787e-01
3.979166666666662078e+00 -1.096115088143741617e-01
3.991666666666662255e+00 1.379034509372747686e-01
4.012500000000000178e+00 -2.164779049176542014e-01
4.025000000000000355e+00 5.598415061410375038e-02
4.037500000000000533e+00 -1.647420427267182186e-01
4.045833333333333393e+00 -1.021796864470923549e-01
4.058333333333332682e+00 2.857245208433569217e-01
4.070833333333333748e+00 1.031931786919915162e-01
4.083333333333333925e+00 4.072457901154529214e-01
4.091666666666666785e+00 3.807837302666845503e-01
4.104166666666666963e+00 5.305065063265023730e-03
4.116666666666667140e+00 1.524446598741448222e-01
4.125000000000000000e+00 8.072346267701026312e-02
4.137500000000000178e+00 -2.545513729609849563e-01
4.150000000000000355e+00 3.533726006146653553e-02
4.162500000000000533e+00 -1.746838416487806744e-01
4.170833333333333393e+00 -1.261534698439187030e-01
4.183333333333333570e+00 2.061893960335058340e-01
4.195833333333333748e+00 -5.172646962422889488e-02
4.208333333333333925e+00 1.992658746290045246e-01
4.216666666666666785e+00 1.715184354072012696e-01
4.229166666666666963e+00 -1.443845375962930777e-01
4.241666666666667140e+00 1.347114448626583749e-01
4.250000000000000000e+00 1.597293907464660823e-01
4.262500000000000178e+00 -5.281149506328341320e-02
4.275000000000000355e+00 2.987015890974799581e-01
4.287499999999999645e+00 8.290839784321862860e-02
4.295833333333332504e+00 9.647981798658746000e-02
4.308333333333333570e+00 3.435293970058011515e-01
4.320833333333332860e+00 -1.595839923980945513e-02
4.333333333333333037e+00 1.501613919524837082e-01
4.341666666666666785e+00 8.596875978538691399e-02
4.354166666666666075e+00 -2.529255073182706259e-01
4.366666666666666252e+00 1.058606134346197318e-02
4.379166666666665542e+00 -2.378493269851696124e-01
4.387499999999999289e+00 -2.140646582607048098e-01
4.399999999999999467e+00 8.763359123552830199e-02
4.412499999999998757e+00 -1.840534579792731384e-01
4.420833333333332504e+00 -1.955066022037909579e-01
4.433333333333332682e+00 5.511510941796202850e-02
4.445833333333331971e+00 -2.389071835814157163e-01
4.458333333333332149e+00 3.724389944913911177e-02
4.466666666666665897e+00 5.272306620116183618e-02
4.479166666666665186e+00 -1.830971073537703553e-01
4.491666666666665364e+00 1.435677636922563505e-01
4.504166666666664653e+00 -8.331247654773045463e-02
4.512499999999998401e+00 -6.254875158975922722e-02
4.524999999999998579e+00 2.214894597815328658e-01
4.537499999999997868e+00 -7.297046894023555275e-02
4.545833333333331616e+00 -9.803014247291411132e-02
4.558333333333331794e+00 1.409961727088075434e-01
4.570833333333331083e+00 -1.506016681955807401e-01
4.583333333333331261e+00 1.331218600678262254e-01
4.591666666666665009e+00 1.480433225323219970e-01
4.604166666666664298e+00 -1.060001592240820412e-01
4.616666666666664476e+00 1.784201813198473263e-01
4.629166666666664653e+00 -1.030285029818243658e-01
4.637499999999997513e+00 -1.121900364279270895e-01
4.649999999999997691e+00 1.565382243321120359e-01
4.662499999999996980e+00 -1.101565060394469886e-01
4.670833333333330728e+00 -9.852913233765536738e-02
4.683333333333330906e+00 2.015610826996147020e-01
4.695833333333330195e+00 -4.953141064733712629e-02
4.708333333333331261e+00 2.377812188436395080e-01
4.716666666666664121e+00 2.361352918561190062e-01
4.729166666666663410e+00 -6.175776963381018891e-02
4.741666666666663588e+00 1.694120575854707877e-01
4.754166666666663765e+00 -1.634335343431446430e-01
4.762499999999996625e+00 -2.027313218751929103e-01
4.774999999999996803e+00 2.831577091081311989e-02
4.787499999999996980e+00 -2.651278327727699669e-01
4.795833333333329840e+00 -2.645926540673933514e-01
4.808333333333330017e+00 2.594984835839645593e-02
4.820833333333329307e+00 -2.333279424949555869e-01
4.833333333333330373e+00 4.599787293229772034e-02
4.841666666666663232e+00 4.375222117463075516e-02
4.854166666666662522e+00 -2.369089716862596007e-01
4.866666666666663588e+00 4.614304900472812609e-02
4.879166666666662877e+00 -1.992970731415112939e-01
4.887499999999995737e+00 -1.699969417181116382e-01
4.899999999999996803e+00 1.583598277522318132e-01
4.912499999999996092e+00 -6.601659866156871226e-02
4.920833333333328952e+00 -4.155350655376491981e-02
4.933333333333329129e+00 2.548657486800804950e-01
4.945833333333329307e+00 -2.066077679539809336e-02
4.958333333333329485e+00 2.321217286051578677e-01
4.966666666666662344e+00 2.073316879604583385e-01
4.979166666666663410e+00 -1.166625294364629917e-01
4.991666666666662699e+00 1.097492331348341454e-01
5.012500000000000178e+00 -2.113818040353123706e-01
5.025000000000000355e+00 4.378626903657528713e-02
5.037500000000000533e+00 -2.454711183880329273e-01
5.045833333333333393e+00 -2.578999306549373816e-01
5.058333333333332682e+00 -6.211314537965292003e-03
5.070833333333333748e+00 -3.064824201313037233e-01
5.083333333333333925e+00 -4.543610151062046909e-02
5.091666666666666785e+00 -4.154233152142708385e-02
5.104166666666666963e+00 -2.881146722605908428e-01
5.116666666666667140e+00 4.150730623202846664e-02
5.125000000000000000e+00 8.755245814398071591e-02
5.137499999999999289e+00 -1.200937811345972328e-01
5.150000000000000355e+00 2.105026748428580341e-01
5.162500000000000533e+00 -3.431989439811642534e-02
5.170833333333333393e+00 -3.190199189773675059e-02
5.183333333333333570e+00 2.279620331246265674e-01
5.195833333333333748e+00 -7.927879808296754705e-02
5.208333333333333925e+00 1.572728697291430888e-01
5.216666666666666785e+00 1.346569926461707034e-01
5.229166666666666963e+00 -1.658394485335566437e-01
5.241666666666667140e+00 9.098357083025064573e-02
5.250000000000000000e+00 8.519110727243148218e-02
5.262500000000000178e+00 -1.972938415180118532e-01
5.275000000000000355e+00 6.545948410988260135e-02
5.287499999999999645e+00 -2.291779221651960019e-01
5.295833333333332504e+00 -2.433366940120704203e-01
5.308333333333333570e+00 1.929004903258749876e-02
5.320833333333332860e+00 -2.562251845435576936e-01
5.333333333333333037e+00 3.498965766410153111e-02
5.341666666666666785e+00 5.752306543920038262e-02
5.354166666666666075e+00 -1.730369468627807883e-01
5.366666666666666252e+00 1.533127370651988230e-01
5.379166666666665542e+00 -7.359100693860698428e-02
5.387499999999999289e+00 -4.799056882804676738e-02
5.399999999999999467e+00 2.522882952429769121e-01
5.412499999999998757e+00 -1.751255100081873517e-02
5.420833333333332504e+00 -2.685403554099872331e-02
5.433333333333332682e+00 2.218400462860060096e-01
5.445833333333331971e+00 -8.365119160197162507e-02
5.458333333333332149e+00 1.699503199662762420e-01
5.466666666666665897e+00 1.614476788381808414e-01
5.479166666666665186e+00 -1.247385064259019655e-01
5.491666666666665364e+00 1.388701486146235176e-01
5.504166666666664653e+00 -1.524680661172818918e-01
5.512499999999998401e+00 -1.665421020172017652e-01
5.524999999999998579e+00 9.023534629476184787e-02
5.537499999999997868e+00 -1.950652845840196992e-01
5.545833333333331616e+00 -1.970416631143147856e-01
5.558333333333331794e+00 8.711155053027283546e-02
5.570833333333331083e+00 -1.672702887487645396e-01
5.583333333333331261e+00 1.339566716649141787e-01
5.591666666666665009e+00 1.507787777952297181e-01
5.604166666666664298e+00 -1.065308378445733034e-01
5.616666666666664476e+00 1.770185879948721064e-01
5.629166666666664653e+00 -1.014918159319239122e-01
5.637499999999997513e+00 -1.106565378724907872e-01
5.649999999999997691e+00 1.477099134252314594e-01
5.662499999999996980e+00 -1.428896998419475206e-01
5.670833333333330728e+00 -1.511565659157079744e-01
5.683333333333330906e+00 1.194166168366235514e-01
5.695833333333330195e+00 -1.553141138642583352e-01
5.708333333333331261e+00 1.186794972117418828e-01
5.716666666666664121e+00 1.161343037449514420e-01
5.729166666666663410e+00 -1.680091650110540624e-01
5.741666666666663588e+00 9.692801325749834940e-02
5.754166666666663765e+00 -1.841189447643119814e-01
5.762499999999996625e+00 -1.829508467603768451e-01
5.774999999999996803e+00 1.070958098241668738e-01
5.787499999999996980e+00 -1.429398825463486511e-01
5.795833333333329840e+00 -1.258091498802993424e-01
5.808333333333330017e+00 1.757498481743170748e-01
5.820833333333330195e+00 -7.672067355622119722e-02
5.833333333333330373e+00 2.136324905740007163e-01
5.841666666666663232e+00 2.195022695573204119e-01
5.854166666666662522e+00 -5.572830284459512340e-02
5.866666666666663588e+00 2.141682238737499244e-01
5.879166666666662877e+00 -6.839634011385525847e-02
5.887499999999995737e+00 -7.442489260092369219e-02
5.899999999999996803e+00 1.944221472673313966e-01
5.912499999999996092e+00 -8.634663200698793062e-02
5.920833333333328952e+00 -9.433047295204510796e-02
5.933333333333329129e+00 1.621993412241055366e-01
5.945833333333329307e+00 -1.392812245557261130e-01
5.958333333333329485e+00 1.088342869389536116e-01
5.966666666666662344e+00 9.590763367161656006e-02
5.979166666666662522e+00 -1.892588284533547605e-01
5.991666666666662699e+00 8.997127556820357086e-02
6.012500000000000178e+00 -1.589506765476812744e-01
6.025000000000000355e+00 1.583227319977955350e-01
6.037500000000000533e+00 -8.817297061907027056e-02
6.045833333333333393e+00 -8.188868452684813781e-02
6.058333333333332682e+00 1.920760389026396342e-01
6.070833333333333748e+00 -8.789357668086059117e-02
6.083333333333333925e+00 1.889226944915913531e-01
6.091666666666666785e+00 1.957716853993829720e-01
6.104166666666666963e+00 -6.368790838572624402e-02
6.116666666666667140e+00 2.333669438843481159e-01
6.125000000000000000e+00 2.482610548583199239e-01
6.137500000000000178e+00 -1.527875672754480489e-02
6.150000000000000355e+00 2.606142687196663643e-01
6.162500000000000533e+00 -2.639783455308438928e-02
6.170833333333333393e+00 -4.009734344038254350e-02
6.183333333333333570e+00 2.172641872682734565e-01
6.195833333333333748e+00 -6.749618105841925786e-02
6.208333333333333925e+00 2.063018068633066249e-01
6.216666666666666785e+00 2.083421619377084921e-01
6.229166666666666963e+00 -6.807802321686472202e-02
6.241666666666667140e+00 2.399732891130369472e-01
6.250000000000000000e+00 2.575845717317464256e-01
6.262500000000000178e+00 -1.032142039517040810e-02
6.275000000000000355e+00 2.535959474611284570e-01
6.287499999999999645e+00 -4.216190891124544510e-02
6.295833333333333393e+00 -5.573722349632136835e-02
6.308333333333333570e+00 2.072487139469872675e-01
6.320833333333332860e+00 -7.266504340803774109e-02
6.333333333333333037e+00 2.014815221867322925e-01
6.341666666666666785e+00 2.004405510324980544e-01
6.354166666666666075e+00 -8.662601087115805176e-02
6.366666666666666252e+00 1.635311814908036454e-01
6.379166666666665542e+00 -1.450554625651860052e-01
6.387499999999999289e+00 -1.679023945486548819e-01
6.399999999999999467e+00 8.105070032575990846e-02
6.412499999999998757e+00 -2.042870799785853064e-01
6.420833333333332504e+00 -2.014642267449583690e-01
6.433333333333332682e+00 9.254918107985643516e-02
6.445833333333331971e+00 -1.569849702675816250e-01
6.458333333333332149e+00 1.397400996204376800e-01
6.466666666666665897e+00 1.485684180603277227e-01
6.479166666666665186e+00 -1.279782544810501022e-01
6.491666666666665364e+00 1.361559787685289180e-01
6.504166666666664653e+00 -1.489032371070875549e-01
6.512499999999998401e+00 -1.514725328395664650e-01
6.524999999999998579e+00 1.315753890388726977e-01
6.537499999999997868e+00 -1.252700121876308970e-01
6.545833333333331616e+00 -1.137957769908466837e-01
6.558333333333331794e+00 1.740710795009362544e-01
6.570833333333331083e+00 -9.905346309430933249e-02
6.583333333333331261e+00 1.667725938482920722e-01
6.591666666666665009e+00 1.570356132164340279e-01
6.604166666666664298e+00 -1.350037222585641350e-01
6.616666666666664476e+00 1.298755244242668083e-01
6.629166666666664653e+00 -1.443079693028722632e-01
6.637499999999997513e+00 -1.376760181535255645e-01
6.649999999999997691e+00 1.577551613901972682e-01
6.662499999999996980e+00 -9.473735108778319480e-02
6.670833333333330728e+00 -8.606561756519849615e-02
6.683333333333330906e+00 1.904446408233507748e-01
6.695833333333330195e+00 -9.905150204830508176e-02
6.708333333333331261e+00 1.514941388294107349e-01
6.716666666666664121e+00 1.353308465503784697e-01
6.729166666666663410e+00 -1.591456383353608006e-01
6.741666666666664476e+00 1.094327340970601553e-01
6.754166666666663765e+00 -1.620394043216180080e-01
6.762499999999996625e+00 -1.584470292811155367e-01
6.774999999999996803e+00 1.208279748732302011e-01
6.787499999999996980e+00 -1.592849464119688585e-01
6.795833333333329840e+00 -1.700601019992221963e-01
6.808333333333330017e+00 8.554685610516866989e-02
6.820833333333330195e+00 -2.076683975629862178e-01
6.833333333333330373e+00 5.827638670864027093e-02
6.841666666666663232e+00 6.116159696976586346e-02
6.854166666666662522e+00 -1.985544517292807953e-01
6.866666666666663588e+00 1.028412194402991975e-01
6.879166666666662877e+00 -1.447046218342997459e-01
6.887499999999995737e+00 -1.309869431102980153e-01
6.899999999999996803e+00 1.575800725863876484e-01
6.912499999999996092e+00 -1.143397088331029876e-01
6.920833333333328952e+00 -1.184527129601419260e-01
6.933333333333329129e+00 1.490037126700946291e-01
6.945833333333329307e+00 -1.308233557194628249e-01
6.958333333333329485e+00 1.453091723407215485e-01
6.966666666666662344e+00 1.489223764185248211e-01
6.979166666666663410e+00 -1.232084761699932252e-01
6.991666666666662699e+00 1.497861148895106020e-01
7.012500000000000178e+00 -1.425242640613443579e-01
7.025000000000000355e+00 8.364889459561211660e-02
7.037500000000000533e+00 -2.363297734063470323e-01
7.045833333333333393e+00 -2.586839655968783402e-01
7.058333333333333570e+00 4.041919734475890092e-04
7.070833333333333748e+00 -2.732769469022104381e-01
7.083333333333333925e+00 1.409744363502378646e-02
7.091666666666666785e+00 2.485040513961415953e-02
7.104166666666666963e+00 -2.374921742162542371e-01
7.116666666666667140e+00 4.595878394724808857e-02
7.125000000000000000e+00 5.200070588767029961e-02
7.137500000000000178e+00 -2.145600515973538347e-01
7.150000000000000355e+00 7.161744439059954115e-02
7.162500000000000533e+00 -1.924465623478686938e-01
7.170833333333333393e+00 -1.868448186459847893e-01
7.183333333333333570e+00 1.001838197137571579e-01
7.195833333333333748e+00 -1.635475036438656937e-01
7.208333333333333925e+00 1.189924840101930226e-01
7.216666666666667673e+00 1.227442450554738357e-01
7.229166666666666963e+00 -1.518545436460233267e-01
7.241666666666667140e+00 9.708412710525478329e-02
7.250000000000000000e+00 8.070160418891403342e-02
7.262500000000000178e+00 -2.129793163439894221e-01
7.275000000000000355e+00 5.421338352433963809e-02
7.287499999999999645e+00 -2.215147044980343705e-01
7.295833333333333393e+00 -2.197059546927959406e-01
7.308333333333333570e+00 6.393472613005850291e-02
7.320833333333332860e+00 -2.017090708609702854e-01
7.333333333333333037e+00 8.341000181551228021e-02
7.341666666666666785e+00 9.313655664274582413e-02
7.354166666666666075e+00 -1.650035205668769489e-01
7.366666666666666252e+00 1.310710214824048203e-01
7.379166666666665542e+00 -1.202695650250590331e-01
7.387499999999999289e+00 -1.055107238752168441e-01
7.399999999999999467e+00 1.894508892793325960e-01
7.412499999999998757e+00 -7.270297136207595767e-02
7.420833333333332504e+00 -7.054727009959139983e-02
7.433333333333332682e+00 2.025179858495305407e-01
7.445833333333331971e+00 -8.030189054092255752e-02
7.458333333333332149e+00 1.844235710173593445e-01
7.466666666666665897e+00 1.770417781882977493e-01
7.479166666666665186e+00 -1.129955677137506748e-01
7.491666666666665364e+00 1.479377473285894695e-01
7.504166666666664653e+00 -1.388141320378598886e-01
7.512499999999998401e+00 -1.452745225691883801e-01
7.524999999999998579e+00 1.261660972586437779e-01
7.537499999999997868e+00 -1.469643977667854651e-01
7.545833333333331616e+00 -1.462673002042242931e-01
7.558333333333331794e+00 1.287513147459684870e-01
7.570833333333331083e+00 -1.495545486310694561e-01
7.583333333333331261e+00 1.207934841798693204e-01
7.591666666666665009e+00 1.177805024758086794e-01
7.604166666666664298e+00 -1.638596967915935121e-01
7.616666666666664476e+00 1.066469024496381340e-01
7.629166666666664653e+00 -1.697068565531134610e-01
7.637499999999997513e+00 -1.693348385576914916e-01
7.649999999999997691e+00 1.105041687507250237e-01
7.662499999999997868e+00 -1.587566164518738887e-01
7.670833333333330728e+00 -1.567958768374722867e-01
7.683333333333330906e+00 1.215672282914509461e-01
7.695833333333330195e+00 -1.518493552251920786e-01
7.708333333333331261e+00 1.226438664078030039e-01
7.716666666666664121e+00 1.228663700718069796e-01
7.729166666666663410e+00 -1.512478340528261578e-01
7.741666666666664476e+00 1.284215040138830533e-01
7.754166666666663765e+00 -1.415441513209975410e-01
7.762499999999996625e+00 -1.400313460179805902e-01
7.774999999999996803e+00 1.371173815361216020e-01
7.787499999999996980e+00 -1.378398793159204272e-01
7.795833333333329840e+00 -1.402621055895559854e-01
7.808333333333330017e+00 1.327392706869928718e-01
7.820833333333331083e+00 -1.415977985174190490e-01
7.833333333333329485e+00 1.381657138155344411e-01
7.841666666666663232e+00 1.437021296868930820e-01
7.854166666666663410e+00 -1.246867513030378433e-01
7.866666666666662699e+00 1.550501771189386202e-01
7.879166666666662877e+00 -1.190509501801922804e-01
7.887499999999996625e+00 -1.208343858643266544e-01
7.899999999999995914e+00 1.527231132759334920e-01
7.912499999999996092e+00 -1.225769176218590856e-01
7.920833333333329840e+00 -1.235910043097209476e-01
7.933333333333329129e+00 1.533122377609780762e-01
7.945833333333329307e+00 -1.150769971530395258e-01
7.958333333333329485e+00 1.707535831463091458e-01
7.966666666666661456e+00 1.785164757108140821e-01
7.979166666666662522e+00 -9.092495899468550080e-02
7.991666666666662699e+00 1.816489876870735209e-01
8.012500000000001066e+00 -1.165838682988696445e-01
8.025000000000000355e+00 1.453752270531453450e-01
8.037499999999999645e+00 -1.456357962893417290e-01
8.045833333333334281e+00 -1.577499231813385971e-01
8.058333333333333570e+00 1.035144751850232275e-01
8.070833333333334636e+00 -1.801404274874571498e-01
8.083333333333332149e+00 9.090152170239795826e-02
8.091666666666666785e+00 9.116651536179851134e-02
8.104166666666667851e+00 -1.808900095376066164e-01
8.116666666666665364e+00 1.042777759799926873e-01
8.125000000000000000e+00 1.159722516907895074e-01
8.137500000000001066e+00 -1.406401720463389959e-01
8.150000000000000355e+00 1.564597855715239294e-01
8.162499999999999645e+00 -9.531969702352770246e-02
8.170833333333334281e+00 -8.092309831828845001e-02
8.183333333333333570e+00 2.172513176973011328e-01
8.195833333333332860e+00 -3.871519379789270521e-02
8.208333333333333925e+00 2.487346547803767072e-01
8.216666666666666785e+00 2.534048795894331407e-01
8.229166666666667851e+00 -2.520574452554621980e-02
8.241666666666665364e+00 2.566480605772082924e-01
8.250000000000000000e+00 2.581429979420977183e-01
8.262500000000001066e+00 -2.482807084946187653e-02
8.274999999999998579e+00 2.329399940929988977e-01
8.287499999999999645e+00 -6.868105866718220154e-02
8.295833333333334281e+00 -9.134174661676063012e-02
8.308333333333331794e+00 1.510355490552543478e-01
8.320833333333332860e+00 -1.530717105191090610e-01
8.333333333333333925e+00 9.974166409661983090e-02
8.341666666666665009e+00 8.983888327833343401e-02
8.354166666666666075e+00 -1.979716993738200037e-01
8.366666666666667140e+00 6.867709267690196018e-02
8.379166666666666430e+00 -2.080604842085287676e-01
8.387499999999999289e+00 -2.048060816850763577e-01
8.400000000000000355e+00 8.280076410585701652e-02
8.412499999999999645e+00 -1.734202727811810785e-01
8.420833333333332504e+00 -1.589131958152986968e-01
8.433333333333331794e+00 1.433606620930031605e-01
8.445833333333332860e+00 -1.049592422854901119e-01
8.458333333333332149e+00 1.914813600987909648e-01
8.466666666666665009e+00 2.024689605212587618e-01
8.479166666666666075e+00 -6.614559098125456782e-02
8.491666666666665364e+00 2.052430498539912496e-01
8.504166666666664653e+00 -8.500752929519958534e-02
8.512499999999999289e+00 -1.018983280968690092e-01
8.524999999999998579e+00 1.464507387644062575e-01
8.537499999999997868e+00 -1.503862107908257584e-01
8.545833333333332504e+00 -1.628413600449364063e-01
8.558333333333331794e+00 9.815440726787422188e-02
8.570833333333331083e+00 -1.851786578847512965e-01
8.583333333333332149e+00 9.063502672010367855e-02
8.591666666666665009e+00 9.531810703785766059e-02
8.604166666666664298e+00 -1.723608005801600118e-01
8.616666666666665364e+00 1.111877850058167333e-01
8.629166666666664653e+00 -1.559743382547846835e-01
8.637499999999997513e+00 -1.516873105007610911e-01
8.649999999999998579e+00 1.336363286339414258e-01
8.662499999999997868e+00 -1.270273929251835576e-01
8.670833333333330728e+00 -1.160601943693972543e-01
8.683333333333331794e+00 1.818483105184258153e-01
8.695833333333331083e+00 -6.747034281408578749e-02
8.708333333333330373e+00 2.272674691878346365e-01
8.716666666666665009e+00 2.334531554835605482e-01
8.729166666666664298e+00 -4.748330186182494334e-02
8.741666666666663588e+00 2.071446582687520854e-01
8.754166666666662877e+00 -9.955964867522439088e-02
8.762499999999997513e+00 -1.235973903319942946e-01
8.774999999999996803e+00 1.203683406046683058e-01
8.787499999999996092e+00 -1.771208860328645496e-01
8.795833333333330728e+00 -1.878225269033598210e-01
8.808333333333330017e+00 8.001458261182528564e-02
8.820833333333329307e+00 -1.964960926327476987e-01
8.833333333333330373e+00 8.024450118168771628e-02
8.841666666666663232e+00 8.262027905464870703e-02
8.854166666666662522e+00 -1.919744251364258469e-01
8.866666666666663588e+00 8.234934239763493091e-02
8.879166666666662877e+00 -1.922515176155379646e-01
8.887499999999995737e+00 -1.896615061302074356e-01
8.899999999999996803e+00 9.836784697350230144e-02
8.912499999999996092e+00 -1.560953270645484281e-01
8.920833333333328952e+00 -1.431366390824076740e-01
8.933333333333330017e+00 1.489986289056605129e-01
8.945833333333329307e+00 -1.158465002028730151e-01
8.958333333333328596e+00 1.612101339500010000e-01
8.966666666666663232e+00 1.584382163620878525e-01
8.979166666666662522e+00 -1.277895202465969826e-01
8.991666666666661811e+00 1.354433507430429784e-01
9.012500000000001066e+00 -1.470298814269008214e-01
9.025000000000002132e+00 1.709536914629712079e-01
9.037499999999999645e+00 -6.096472382185162686e-02
9.045833333333334281e+00 -3.802353913722979206e-02
9.058333333333335347e+00 2.665937566564270389e-01
9.070833333333334636e+00 1.607768050423313486e-02
9.083333333333333925e+00 3.109919748608467316e-01
9.091666666666668561e+00 3.204812624214412597e-01
9.104166666666667851e+00 5.198718583899606532e-02
9.116666666666667140e+00 3.290460332460966031e-01
9.125000000000001776e+00 3.277623124188869808e-01
9.137500000000001066e+00 4.287010567155709329e-02
9.150000000000002132e+00 3.068790276784192916e-01
9.162499999999999645e+00 1.858772952626228450e-02
9.170833333333334281e+00 5.816387615143488350e-03
9.183333333333335347e+00 2.582239365270060372e-01
9.195833333333332860e+00 -4.591923085073673638e-02
9.208333333333333925e+00 1.939532455646759412e-01
9.216666666666668561e+00 1.695568077074822433e-01
9.229166666666667851e+00 -1.454784462627015662e-01
9.241666666666667140e+00 1.412420626022901082e-01
9.250000000000001776e+00 1.535771890447003574e-01
9.262500000000001066e+00 -1.070271158974697850e-01
9.275000000000000355e+00 1.798398543319495724e-01
9.287500000000001421e+00 -8.398738047927185868e-02
9.295833333333334281e+00 -7.657623265341520491e-02
9.308333333333333570e+00 2.124126242238461304e-01
9.320833333333332860e+00 -5.132458877756809756e-02
9.333333333333333925e+00 2.289324484892745482e-01
9.341666666666666785e+00 2.280928735475061808e-01
9.354166666666666075e+00 -5.820033837341515720e-02
9.366666666666667140e+00 1.989871746508523886e-01
9.379166666666668206e+00 -9.441693462286089578e-02
9.387499999999999289e+00 -1.063125061866353194e-01
9.400000000000000355e+00 1.518338611290472318e-01
9.412500000000001421e+00 -1.393270613694545801e-01
9.420833333333332504e+00 -1.497669298416244299e-01
9.433333333333333570e+00 1.158931593410221644e-01
9.445833333333334636e+00 -1.614988464152204428e-01
9.458333333333332149e+00 1.179884494067009182e-01
9.466666666666666785e+00 1.250641321442606535e-01
9.479166666666667851e+00 -1.396562873234291624e-01
9.491666666666665364e+00 1.459488222920219958e-01
9.504166666666666430e+00 -1.203533309709739346e-01
9.512499999999999289e+00 -1.170062358464858399e-01
9.524999999999998579e+00 1.647585934333277158e-01
9.537499999999999645e+00 -1.012597492426599993e-01
9.545833333333332504e+00 -9.767446205021441952e-02
9.558333333333331794e+00 1.794119037794178750e-01
9.570833333333332860e+00 -9.883425789412030038e-02
9.583333333333332149e+00 1.679733685826826362e-01
9.591666666666665009e+00 1.597866423130996361e-01
9.604166666666666075e+00 -1.342116167151451711e-01
9.616666666666665364e+00 1.193754752876746289e-01
9.629166666666666430e+00 -1.760577583833435322e-01
9.637499999999999289e+00 -1.884319957010771318e-01
9.649999999999998579e+00 7.569322189860928918e-02
9.662499999999999645e+00 -2.017526418375692743e-01
9.670833333333332504e+00 -2.008835234497187150e-01
9.683333333333331794e+00 8.131448030479056233e-02
9.695833333333332860e+00 -1.837300597870825114e-01
9.708333333333330373e+00 1.006832610489259705e-01
9.716666666666665009e+00 1.064688212959184338e-01
9.729166666666666075e+00 -1.622885189799561090e-01
9.741666666666663588e+00 1.206192838496438907e-01
9.754166666666664653e+00 -1.450192762396233237e-01
9.762499999999999289e+00 -1.386084034975560986e-01
9.774999999999996803e+00 1.493210582034099621e-01
9.787499999999997868e+00 -1.129241527792111122e-01
9.795833333333332504e+00 -1.077069038251521477e-01
9.808333333333330017e+00 1.724341974181909376e-01
9.820833333333331083e+00 -1.032223711411914407e-01
9.833333333333330373e+00 1.671903322645912071e-01
9.841666666666663232e+00 1.637626971728657344e-01
9.854166666666664298e+00 -1.195193155496977883e-01
9.866666666666663588e+00 1.476692250820136887e-01
9.879166666666664653e+00 -1.340863248182914969e-01
9.887499999999997513e+00 -1.382621727585711113e-01
9.899999999999996803e+00 1.349315249159976915e-01
9.912499999999997868e+00 -1.385436429937030589e-01
9.920833333333330728e+00 -1.380472034391599101e-01
9.933333333333330017e+00 1.399450831587593924e-01
9.945833333333331083e+00 -1.307764818568180054e-01
9.958333333333328596e+00 1.488129216129735477e-01
9.966666666666663232e+00 1.510081122265487519e-01
9.979166666666664298e+00 -1.268108044617253516e-01
9.991666666666661811e+00 1.400975026143674584e-01
1.001250000000000107e+01 -1.581445664782326344e-01
1.002500000000000036e+01 1.628260727730754531e-01
1.003749999999999964e+01 -6.796437608822643306e-02
1.004583333333333428e+01 -4.573589047741057068e-02
1.005833333333333357e+01 2.572913315467370010e-01
1.007083333333333464e+01 5.500168999044003498e-03
1.008333333333333215e+01 3.030637824874956587e-01
1.009166666666666679e+01 3.173970999265123272e-01
1.010416666666666785e+01 5.825940674657058976e-02
1.011666666666666536e+01 3.454602205693917960e-01
1.012500000000000000e+01 3.519549411601540778e-01
1.013750000000000107e+01 8.050893146344022255e-02
1.015000000000000036e+01 3.596132637036476010e-01
1.016249999999999964e+01 8.651691878115284895e-02
1.017083333333333428e+01 8.374791921314338194e-02
1.018333333333333357e+01 3.480917741302344548e-01
1.019583333333333286e+01 5.155807341599693422e-02
1.020833333333333393e+01 2.940573745260036120e-01
1.021666666666666679e+01 2.669946915249028496e-01
1.022916666666666785e+01 -5.782249278257162173e-02
1.024166666666666714e+01 2.379927757520345355e-01
1.025000000000000000e+01 2.549148249896007190e-01
1.026250000000000107e+01 -7.830360680208788351e-03
1.027499999999999858e+01 2.647504823126828888e-01
1.028749999999999964e+01 -2.316685013070724983e-02
1.029583333333333428e+01 -3.365589663508548879e-02
1.030833333333333179e+01 2.300146984113528303e-01
1.032083333333333286e+01 -5.525853598322575527e-02
1.033333333333333393e+01 2.089736035135481840e-01
1.034166666666666501e+01 2.021364506804505246e-01
1.035416666666666607e+01 -8.508608333916913014e-02
1.036666666666666714e+01 1.794141401839534911e-01
1.037916666666666643e+01 -1.013695351190777583e-01
1.038749999999999929e+01 -1.025625761062257113e-01
1.040000000000000036e+01 1.712107423295127218e-01
1.041249999999999964e+01 -1.096590631240839664e-01
1.042083333333333250e+01 -1.167470186164328017e-01
1.043333333333333179e+01 1.485392299138122429e-01
1.044583333333333286e+01 -1.339628024207804302e-01
1.045833333333333215e+01 1.390299818970681389e-01
1.046666666666666501e+01 1.405250135189276273e-01
1.047916666666666607e+01 -1.370645589804743436e-01
1.049166666666666536e+01 1.298666992404869658e-01
1.050416666666666465e+01 -1.567032182614488123e-01
1.051249999999999929e+01 -1.650403694308957003e-01
1.052499999999999858e+01 1.029667518801889448e-01
1.053749999999999787e+01 -1.721058998220030833e-01
1.054583333333333250e+01 -1.709531049463982877e-01
1.055833333333333179e+01 1.084722554412770323e-01
1.057083333333333108e+01 -1.606975726174610097e-01
1.058333333333333215e+01 1.223502526601504131e-01
1.059166666666666501e+01 1.294183972911351344e-01
1.060416666666666430e+01 -1.353856894516096421e-01
1.061666666666666536e+01 1.516914456958081969e-01
1.062916666666666465e+01 -1.126712546492086436e-01
1.063749999999999751e+01 -1.079250653896328405e-01
1.064999999999999858e+01 1.765903866181797455e-01
1.066249999999999787e+01 -8.598156254581970637e-02
1.067083333333333073e+01 -7.918382083171829344e-02
1.068333333333333179e+01 2.037195928704179371e-01
1.069583333333333108e+01 -7.165216870484185374e-02
1.070833333333333037e+01 1.927646083890191819e-01
1.071666666666666501e+01 1.813610626009504734e-01
1.072916666666666430e+01 -1.166580855213248807e-01
1.074166666666666359e+01 1.349729173416888417e-01
1.075416666666666288e+01 -1.620950253602266300e-01
1.076249999999999751e+01 -1.755598876964916677e-01
1.077499999999999680e+01 8.546472130267589173e-02
1.078749999999999609e+01 -1.993938696689995238e-01
1.079583333333333073e+01 -2.056393071139917816e-01
1.080833333333333002e+01 6.581124323749067140e-02
1.082083333333332931e+01 -2.066968246692698630e-01
1.083333333333333037e+01 7.675608663291737244e-02
1.084166666666666323e+01 8.574695056908658575e-02
1.085416666666666252e+01 -1.760175503054765556e-01
1.086666666666666359e+01 1.130502225025659668e-01
1.087916666666666288e+01 -1.488670069251915584e-01
1.088749999999999574e+01 -1.424255714555517638e-01
1.089999999999999680e+01 1.404361221479247523e-01
1.091249999999999609e+01 -1.324514923328261873e-01
1.092083333333332895e+01 -1.361558114538841124e-01
1.093333333333333002e+01 1.317409322868796362e-01
1.094583333333332931e+01 -1.490193756089972510e-01
1.095833333333332860e+01 1.248737503627627143e-01
1.096666666666666323e+01 1.269631629013357466e-01
1.097916666666666252e+01 -1.459396137054305986e-01
1.099166666666666359e+01 1.296909751079456941e-01
1.101249999999999929e+01 -1.500276061549925266e-01
1.102500000000000036e+01 1.451342429473437556e-01
1.103749999999999787e+01 -1.077602126348311956e-01
1.104583333333333250e+01 -9.522761021044792717e-02
1.105833333333333357e+01 1.996259511965369216e-01
1.107083333333333286e+01 -5.704302916796013395e-02
1.108333333333333215e+01 2.349927467766289024e-01
1.109166666666666679e+01 2.453588488584698413e-01
1.110416666666666607e+01 -1.732158292990387122e-02
1.111666666666666536e+01 2.699703926143531274e-01
1.112500000000000000e+01 2.777123150370582327e-01
1.113749999999999929e+01 6.260490063498873325e-03
1.115000000000000036e+01 2.781760106204432814e-01
1.116249999999999964e+01 -1.026053036466967328e-02
1.117083333333333250e+01 -2.507894220824900128e-02
1.118333333333333357e+01 2.258072279649493141e-01
1.119583333333333108e+01 -7.273928313012824332e-02
1.120833333333333215e+01 1.790774609872660406e-01
1.121666666666666679e+01 1.633912811883274918e-01
1.122916666666666607e+01 -1.381083453888174994e-01
1.124166666666666536e+01 1.476606292733461945e-01
1.125000000000000000e+01 1.589752208098366704e-01
1.126249999999999929e+01 -1.039434456851333760e-01
1.127499999999999858e+01 1.783118217594951149e-01
1.128749999999999964e+01 -9.604267357296204788e-02
1.129583333333333250e+01 -9.790290127559019007e-02
1.130833333333333179e+01 1.760137913910223284e-01
1.132083333333333286e+01 -9.932513539262527447e-02
1.133333333333333215e+01 1.787061748509591042e-01
1.134166666666666501e+01 1.828452791962401069e-01
1.135416666666666430e+01 -8.962928534381493784e-02
1.136666666666666536e+01 1.809154531023680068e-01
1.137916666666666643e+01 -1.060986695653607509e-01
1.138749999999999751e+01 -1.165407636785763118e-01
1.139999999999999858e+01 1.428491867633031043e-01
1.141249999999999964e+01 -1.446084073291186711e-01
1.142083333333333073e+01 -1.503224655399781340e-01
1.143333333333333179e+01 1.244482222703919422e-01
1.144583333333333286e+01 -1.433610808300091466e-01
1.145833333333333037e+01 1.459103713992818685e-01
1.146666666666666501e+01 1.577134891814202799e-01
1.147916666666666607e+01 -1.040854005191960280e-01
1.149166666666666359e+01 1.800653215890562486e-01
1.150416666666666465e+01 -9.050528044375215353e-02
1.151249999999999929e+01 -9.032363618940619787e-02
1.152499999999999680e+01 1.840332248255790726e-01
1.153749999999999787e+01 -9.296528385772172276e-02
1.154583333333333073e+01 -9.631953677578646011e-02
1.155833333333333002e+01 1.739027972009361822e-01
1.157083333333333108e+01 -1.064938957284620874e-01
1.158333333333333037e+01 1.604254847000755602e-01
1.159166666666666323e+01 1.522807024540708265e-01
1.160416666666666430e+01 -1.428786563494054973e-01
1.161666666666666359e+01 1.075362622062978751e-01
1.162916666666666465e+01 -1.920631865288687790e-01
1.163749999999999751e+01 -2.061177196247838128e-01
1.164999999999999680e+01 5.894656418178054191e-02
1.166249999999999787e+01 -2.138821905487157671e-01
1.167083333333333073e+01 -2.091145944350549235e-01
1.168333333333333002e+01 7.854832576698775326e-02
1.169583333333333108e+01 -1.813944451118595924e-01
1.170833333333332860e+01 1.097973903529013417e-01
1.171666666666666323e+01 1.216548095094882459e-01
1.172916666666666430e+01 -1.370750097362677666e-01
1.174166666666666181e+01 1.531795857823193552e-01
1.175416666666666288e+01 -1.118978704676182462e-01
1.176249999999999751e+01 -1.096956504789424885e-01
1.177499999999999503e+01 1.667967401944348282e-01
1.178749999999999609e+01 -1.092827770911564411e-01
1.179583333333333073e+01 -1.126511208143359116e-01
1.180833333333332824e+01 1.573777910008217484e-01
1.182083333333332931e+01 -1.255932329386733881e-01
1.183333333333332860e+01 1.378063846446465901e-01
1.184166666666666146e+01 1.299407655269993744e-01
1.185416666666666252e+01 -1.582346865753575249e-01
1.186666666666666181e+01 1.066750616613299646e-01
1.187916666666666288e+01 -1.745450629548460086e-01
1.188749999999999574e+01 -1.774840071901291616e-01
1.189999999999999503e+01 9.699583026140567998e-02
1.191249999999999609e+01 -1.765555833037047440e-01
1.192083333333332895e+01 -1.759467522817548535e-01
1.193333333333332824e+01 1.049918731390253462e-01
1.194583333333332931e+01 -1.575221379000484867e-01
1.195833333333332860e+01 1.352427230039666972e-01
1.196666666666666146e+01 1.478504382167596110e-01
1.197916666666666252e+01 -1.143990320073740158e-01
1.199166666666666003e+01 1.656247949800096764e-01
1.201250000000000107e+01 -1.152920201420997021e-01
1.202500000000000036e+01 1.364223965497074198e-01
1.203749999999999964e+01 -1.620590706825408567e-01
1.204583333333333428e+01 -1.777317901983248016e-01
1.205833333333333357e+01 7.752565343579477519e-02
1.207083333333333464e+01 -2.150036445813080510e-01
1.208333333333333393e+01 4.577415109798590315e-02
1.209166666666666679e+01 3.937211517558349833e-02
1.210416666666666785e+01 -2.397578228126360234e-01
1.211666666666666536e+01 4.255695961094126123e-02
1.212500000000000000e+01 5.294406180823554159e-02
1.213750000000000107e+01 -2.043477802227866569e-01
1.215000000000000036e+01 9.092716694338370820e-02
1.216249999999999964e+01 -1.684118105102178076e-01
1.217083333333333428e+01 -1.604829095805925809e-01
1.218333333333333357e+01 1.311602875322130102e-01
1.219583333333333286e+01 -1.226034153373177504e-01
1.220833333333333393e+01 1.741266300410333201e-01
1.221666666666666679e+01 1.871288621556505272e-01
1.222916666666666785e+01 -7.596000384194560862e-02
1.224166666666666714e+01 1.995464979161160057e-01
1.225000000000000000e+01 1.970739128779765426e-01
1.226250000000000107e+01 -8.809044556570630458e-02
1.227499999999999858e+01 1.720666108890612778e-01
1.228749999999999964e+01 -1.219341166326506354e-01
1.229583333333333428e+01 -1.355684831149617797e-01
1.230833333333333179e+01 1.232428947952793202e-01
1.232083333333333286e+01 -1.611652390676451274e-01
1.233333333333333393e+01 1.166769469323026276e-01
1.234166666666666501e+01 1.249423700381386282e-01
1.235416666666666607e+01 -1.364385996456307648e-01
1.236666666666666714e+01 1.467889620521741489e-01
1.237916666666666643e+01 -1.295040064301417049e-01
1.238749999999999929e+01 -1.331980363419390800e-01
1.240000000000000036e+01 1.390100999063895171e-01
1.241249999999999964e+01 -1.320519575294288039e-01
1.242083333333333250e+01 -1.265729614760276733e-01
1.243333333333333357e+01 1.620765273233298331e-01
1.244583333333333286e+01 -9.956497356887236694e-02
1.245833333333333215e+01 1.835705904792054588e-01
1.246666666666666501e+01 1.842856038876003466e-01
1.247916666666666607e+01 -1.013927276460878796e-01
1.249166666666666536e+01 1.559214540269211746e-01
1.250416666666666465e+01 -1.376197070876834239e-01
1.251249999999999929e+01 -1.493989410838208465e-01
1.252499999999999858e+01 1.127015046754815675e-01
1.253749999999999787e+01 -1.680561867197316039e-01
1.254583333333333250e+01 -1.698516819018032753e-01
1.255833333333333179e+01 1.075248835370807010e-01
1.257083333333333108e+01 -1.620514985196758184e-01
1.258333333333333215e+01 1.176518683505761304e-01
1.259166666666666501e+01 1.193353290924006327e-01
1.260416666666666430e+01 -1.584857679115457274e-01
1.261666666666666536e+01 1.114580861277900681e-01
1.262916666666666465e+01 -1.680512500011177301e-01
1.263749999999999751e+01 -1.689178219750062937e-01
1.264999999999999858e+01 1.139854634214466644e-01
1.266249999999999787e+01 -1.465138332298526469e-01
1.267083333333333073e+01 -1.382102763206827789e-01
1.268333333333333179e+01 1.472364144385349960e-01
1.269583333333333108e+01 -1.228881305972675114e-01
1.270833333333333037e+01 1.533157133882908918e-01
1.271666666666666501e+01 1.544914818696266345e-01
1.272916666666666430e+01 -1.210941613767702874e-01
1.274166666666666359e+01 1.511735791664571282e-01
1.275416666666666288e+01 -1.309012787119439303e-01
1.276249999999999751e+01 -1.386316164448858357e-01
1.277499999999999680e+01 1.255889050021126441e-01
1.278749999999999609e+01 -1.576886085079299837e-01
1.279583333333333073e+01 -1.618686438472492495e-01
1.280833333333333002e+01 1.129751540486120254e-01
1.282083333333332931e+01 -1.600628333940044556e-01
1.283333333333333037e+01 1.136042913318574404e-01
1.284166666666666323e+01 1.104083906523870562e-01
1.285416666666666252e+01 -1.740633288545401225e-01
1.286666666666666359e+01 9.284968096190368558e-02
1.287916666666666288e+01 -1.874510148861460723e-01
1.288749999999999574e+01 -1.905439663510302140e-01
1.289999999999999680e+01 8.328714060850971046e-02
1.291249999999999609e+01 -1.896834743419341662e-01
1.292083333333332895e+01 -1.876884211798616475e-01
1.293333333333333002e+01 9.582649751566876817e-02
1.294583333333332931e+01 -1.648341890983656688e-01
1.295833333333332860e+01 1.285930731723587961e-01
1.296666666666666323e+01 1.413595011956243486e-01
1.297916666666666252e+01 -1.205485885895161702e-01
1.299166666666666181e+01 1.606623963158811952e-01
1.301250000000000107e+01 -1.087137147499013523e-01
1.302500000000000213e+01 1.813937679215118226e-01
1.303749999999999964e+01 -7.786754394178509175e-02
1.304583333333333428e+01 -7.280519942227545171e-02
1.305833333333333535e+01 2.026708204599707297e-01
1.307083333333333464e+01 -7.798132240891329781e-02
1.308333333333333393e+01 1.911339605146851195e-01
1.309166666666666856e+01 1.878679064127001530e-01
1.310416666666666785e+01 -9.222991270740936443e-02
1.311666666666666714e+01 1.827991094612635425e-01
1.312500000000000178e+01 1.853400664035534384e-01
1.313750000000000107e+01 -8.683227349064617795e-02
1.315000000000000213e+01 1.935571029780289720e-01
1.316250000000000142e+01 -7.966562559260736975e-02
1.317083333333333428e+01 -8.159490832413673900e-02
1.318333333333333535e+01 1.927677641281075327e-01
1.319583333333333286e+01 -8.356506825824083773e-02
1.320833333333333393e+01 1.848289381482900728e-01
1.321666666666666856e+01 1.782621881648019380e-01
1.322916666666666785e+01 -1.101598354120961881e-01
1.324166666666666714e+01 1.710821270957802731e-01
1.325000000000000178e+01 1.766844931350611825e-01
1.326250000000000107e+01 -9.701847158670444393e-02
1.327500000000000036e+01 1.687722743092436584e-01
1.328750000000000142e+01 -1.230901480252249297e-01
1.329583333333333428e+01 -1.350703928813715149e-01
1.330833333333333357e+01 1.267052784053682435e-01
1.332083333333333464e+01 -1.578086136766874148e-01
1.333333333333333393e+01 1.144626372272062181e-01
1.334166666666666679e+01 1.168385327645936611e-01
1.335416666666666785e+01 -1.535055516920281193e-01
1.336666666666666714e+01 1.273875540775682991e-01
1.337916666666666821e+01 -1.407963622615602539e-01
1.338749999999999929e+01 -1.348711311266879709e-01
1.340000000000000036e+01 1.537159779831580031e-01
1.341250000000000142e+01 -1.048062659486367343e-01
1.342083333333333250e+01 -9.441944715795280718e-02
1.343333333333333357e+01 1.973980141129544896e-01
1.344583333333333464e+01 -6.159785275546027922e-02
1.345833333333333215e+01 2.277706993739762320e-01
1.346666666666666679e+01 2.351826950641441594e-01
1.347916666666666785e+01 -3.868987707923882136e-02
1.349166666666666536e+01 2.272509661325847752e-01
1.350416666666666643e+01 -6.527924516597971571e-02
1.351250000000000107e+01 -8.081169217530834170e-02
1.352499999999999858e+01 1.709639051162863133e-01
1.353749999999999964e+01 -1.255163119911346659e-01
1.354583333333333250e+01 -1.405006839873694791e-01
1.355833333333333179e+01 1.141312340414204624e-01
1.357083333333333286e+01 -1.796704996852402370e-01
1.358333333333333215e+01 7.946498744123578484e-02
1.359166666666666501e+01 7.167772507988486030e-02
1.360416666666666607e+01 -2.126302461733358962e-01
1.361666666666666536e+01 5.905141595853073688e-02
1.362916666666666643e+01 -2.151821431276964569e-01
1.363749999999999929e+01 -2.129389549257707792e-01
1.364999999999999858e+01 7.244348844324047243e-02
1.366249999999999964e+01 -1.857915693564488047e-01
1.367083333333333250e+01 -1.735913308391186516e-01
1.368333333333333179e+01 1.227738168925519846e-01
1.369583333333333286e+01 -1.328445466399030828e-01
1.370833333333333037e+01 1.564631725482693581e-01
1.371666666666666501e+01 1.632407263757607863e-01
1.372916666666666607e+01 -1.093186615199660677e-01
1.374166666666666359e+01 1.606164261099693180e-01
1.375416666666666465e+01 -1.268188568264741745e-01
1.376249999999999929e+01 -1.384141174957767839e-01
1.377499999999999680e+01 1.204678150749841636e-01
1.378749999999999787e+01 -1.683765496546009988e-01
1.379583333333333250e+01 -1.767588488313926176e-01
1.380833333333333002e+01 9.170759604802222742e-02
1.382083333333333108e+01 -1.847919257671654658e-01
1.383333333333333037e+01 9.255440949342273738e-02
1.384166666666666323e+01 9.594477307411364286e-02
1.385416666666666430e+01 -1.749725847124932177e-01
1.386666666666666359e+01 1.067504304410472060e-01
1.387916666666666465e+01 -1.591834411318883702e-01
1.388749999999999751e+01 -1.529503065899916470e-01
1.389999999999999680e+01 1.350888203662486686e-01
1.391249999999999787e+01 -1.247273895290484103e-01
1.392083333333333073e+01 -1.165499190309193939e-01
1.393333333333333002e+01 1.694988915434513799e-01
1.394583333333333108e+01 -9.844874604891244718e-02
1.395833333333333037e+01 1.784623968732384491e-01
1.396666666666666323e+01 1.770823783921720296e-01
1.397916666666666430e+01 -1.064703649876785063e-01
1.399166666666666181e+01 1.560449370459385532e-01
1.401250000000000107e+01 -1.398868410761889558e-01
1.402500000000000036e+01 1.551360470122574164e-01
1.403749999999999964e+01 -9.959302992423034462e-02
1.404583333333333428e+01 -9.167992590737435166e-02
1.405833333333333357e+01 1.906309983387556306e-01
1.407083333333333464e+01 -7.918959236398978585e-02
1.408333333333333393e+01 2.048757753839607343e-01
1.409166666666666679e+01 2.133359992970240981e-01
1.410416666666666785e+01 -4.888161355278763248e-02
1.411666666666666714e+01 2.428975649064307463e-01
1.412500000000000000e+01 2.556818132383409936e-01
1.413750000000000107e+01 -4.261854925565375027e-03
1.415000000000000036e+01 2.835464273116255485e-01
1.416249999999999964e+01 1.268057161032663978e-02
1.417083333333333428e+01 8.520327643379925139e-03
1.418333333333333357e+01 2.709810827507796449e-01
1.419583333333333286e+01 -2.424457445593714358e-02
1.420833333333333393e+01 2.246019026354754422e-01
1.421666666666666679e+01 2.056813624042957422e-01
1.422916666666666785e+01 -9.956152591038246180e-02
1.424166666666666714e+01 1.888474188628531114e-01
1.425000000000000000e+01 2.021702460946440960e-01
1.426250000000000107e+01 -5.964939945524670717e-02
1.427500000000000036e+01 2.187959844035167467e-01
1.428749999999999964e+01 -6.159600903748495282e-02
1.429583333333333428e+01 -6.739016968840973176e-02
1.430833333333333179e+01 2.020983741493259100e-01
1.432083333333333286e+01 -7.732723984201340939e-02
1.433333333333333393e+01 1.957697014818647885e-01
1.434166666666666501e+01 1.958585182483439380e-01
1.435416666666666607e+01 -8.259010171415295809e-02
1.436666666666666714e+01 1.861672792008920163e-01
1.437916666666666643e+01 -9.631759337262726928e-02
1.438749999999999929e+01 -1.012978870425797207e-01
1.440000000000000036e+01 1.648919413041611826e-01
1.441249999999999964e+01 -1.240336616571536960e-01
1.442083333333333250e+01 -1.359536866427566715e-01
1.443333333333333357e+01 1.234099769871288138e-01
1.444583333333333286e+01 -1.624568501819497746e-01
1.445833333333333215e+01 1.109411531480370139e-01
1.446666666666666501e+01 1.156129506709008409e-01
1.447916666666666607e+01 -1.510638309759956832e-01
1.449166666666666536e+01 1.328373676275486359e-01
1.450416666666666465e+01 -1.371169293586315119e-01
1.451249999999999929e+01 -1.375454095247020114e-01
1.452499999999999858e+01 1.360236002125229660e-01
1.453749999999999787e+01 -1.396126875431202563e-01
1.454583333333333250e+01 -1.409908726421939540e-01
1.455833333333333179e+01 1.336953431106414625e-01
1.457083333333333108e+01 -1.413447877139077102e-01
1.458333333333333215e+01 1.342742071300881967e-01
1.459166666666666501e+01 1.356073930728006194e-01
1.460416666666666430e+01 -1.391424694849496824e-01
1.461666666666666536e+01 1.348537069792989096e-01
1.462916666666666465e+01 -1.470544927244372968e-01
1.463749999999999751e+01 -1.557839539963088993e-01
1.464999999999999858e+01 1.070144717815922630e-01
1.466249999999999787e+01 -1.767162954191433266e-01
1.467083333333333073e+01 -1.803439686827073285e-01
1.468333333333333179e+01 9.802516147577555738e-02
1.469583333333333108e+01 -1.649619253357975934e-01
1.470833333333333037e+01 1.275916872424765480e-01
1.471666666666666501e+01 1.404290777820561831e-01
1.472916666666666430e+01 -1.201891016728503792e-01
1.474166666666666359e+01 1.634569551619357297e-01
1.475416666666666288e+01 -1.092225036484307937e-01
1.476249999999999751e+01 -1.108668360569999428e-01
1.477499999999999680e+01 1.614720950257679533e-01
1.478749999999999609e+01 -1.189066076742204270e-01
1.479583333333333073e+01 -1.255355683954563206e-01
1.480833333333333002e+01 1.400830276433633892e-01
1.482083333333332931e+01 -1.450859862324985761e-01
1.483333333333333037e+01 1.190497916992892258e-01
1.484166666666666323e+01 1.122350827835735254e-01
1.485416666666666252e+01 -1.758673041916419544e-01
1.486666666666666359e+01 8.565479305905859819e-02
1.487916666666666465e+01 -2.031144157358374391e-01
1.488749999999999574e+01 -2.125143524398930839e-01
1.489999999999999680e+01 5.330786529346514396e-02
1.491249999999999609e+01 -2.238771000820942991e-01
1.492083333333332895e+01 -2.222408360269091665e-01
1.493333333333333002e+01 6.348470883460495540e-02
1.494583333333332931e+01 -1.936939544311488959e-01
1.495833333333332860e+01 1.039019773222953497e-01
1.496666666666666323e+01 1.206471951674299020e-01
1.497916666666666252e+01 -1.324015145611965594e-01
1.499166666666666359e+01 1.602039869309414277e-01
1.501249999999999929e+01 -9.783388527091788078e-02
1.502500000000000036e+01 1.770955012222038827e-01
1.503749999999999964e+01 -1.030998073170294321e-01
1.504583333333333250e+01 -1.100465532061847551e-01
1.505833333333333357e+01 1.543285380921598227e-01
1.507083333333333286e+01 -1.283726862541244851e-01
1.508333333333333215e+01 1.426168671419572598e-01
1.509166666666666679e+01 1.392868610306802479e-01
1.510416666666666607e+01 -1.446876049311256462e-01
1.511666666666666536e+01 1.228015226057183745e-01
1.512500000000000000e+01 1.196639776647604458e-01
1.513749999999999929e+01 -1.579329362335087084e-01
1.515000000000000036e+01 1.243925263576752399e-01
1.516249999999999964e+01 -1.371532958269814084e-01
1.517083333333333250e+01 -1.269783111308076529e-01
1.518333333333333357e+01 1.679115164374859470e-01
1.519583333333333286e+01 -8.689345345138191345e-02
1.520833333333333215e+01 2.030453849538133571e-01
1.521666666666666679e+01 2.088726268693084920e-01
1.522916666666666607e+01 -6.575873581930265221e-02
1.524166666666666536e+01 2.111367524134062090e-01
1.525000000000000000e+01 2.104184171349865184e-01
1.526249999999999929e+01 -7.051883782758554264e-02
1.527499999999999858e+01 1.950168220577564171e-01
1.528749999999999964e+01 -9.293439548307275144e-02
1.529583333333333250e+01 -1.024498694252026498e-01
1.530833333333333179e+01 1.593965202859872199e-01
1.532083333333333286e+01 -1.314707372351729686e-01
1.533333333333333215e+01 1.292824778516281636e-01
1.534166666666666501e+01 1.228259730446606829e-01
1.535416666666666607e+01 -1.587520424024982668e-01
1.536666666666666536e+01 1.154728547248966286e-01
1.537916666666666643e+01 -1.541453874517149381e-01
1.538749999999999929e+01 -1.473518942692043920e-01
1.539999999999999858e+01 1.419870757321991528e-01
1.541249999999999964e+01 -1.168880981359890076e-01
1.542083333333333073e+01 -1.064600800926211316e-01
1.543333333333333179e+01 1.860125894126603840e-01
1.544583333333333286e+01 -7.141422185309770354e-02
1.545833333333333037e+01 2.191872965363939330e-01
1.546666666666666501e+01 2.260140805012779419e-01
1.547916666666666607e+01 -4.943772094701275044e-02
1.549166666666666359e+01 2.162257470581639140e-01
1.550416666666666465e+01 -7.571180876644770241e-02
1.551249999999999929e+01 -9.065058384417513937e-02
1.552499999999999680e+01 1.621807654856791125e-01
1.553749999999999787e+01 -1.335378429025935731e-01
1.554583333333333250e+01 -1.481329583182827425e-01
1.555833333333333002e+01 1.075413367307217344e-01
1.557083333333333108e+01 -1.844337475890478195e-01
1.558333333333333037e+01 7.556825806620132147e-02
1.559166666666666323e+01 6.761902760465188233e-02
1.560416666666666430e+01 -2.173592868971703229e-01
1.561666666666666359e+01 5.376908760162245338e-02
1.562916666666666288e+01 -2.203378309186975470e-01
1.563749999999999929e+01 -2.169813578320589076e-01
1.564999999999999680e+01 7.208015578189655437e-02
1.566249999999999609e+01 -1.819154892076596530e-01
1.567083333333333250e+01 -1.686664170154779097e-01
1.568333333333333002e+01 1.251202289941255874e-01
1.569583333333332931e+01 -1.374935713345775690e-01
1.570833333333333037e+01 1.420703149367451290e-01
1.571666666666666323e+01 1.425329608146829741e-01
1.572916666666666252e+01 -1.373890154890643756e-01
1.574166666666666359e+01 1.297127104843751599e-01
1.575416666666666288e+01 -1.539564133659977740e-01
1.576249999999999574e+01 -1.596114968199224271e-01
1.577499999999999680e+01 1.099197191754657382e-01
1.578749999999999609e+01 -1.713905415004028654e-01
1.579583333333332895e+01 -1.780541749926163875e-01
1.580833333333333002e+01 8.914504841907854027e-02
1.582083333333332931e+01 -1.901597325692383211e-01
1.583333333333332860e+01 8.549262190615437851e-02
1.584166666666666323e+01 8.921966219385435437e-02
1.585416666666666252e+01 -1.789812224214885339e-01
1.586666666666666003e+01 1.075870525095976998e-01
1.587916666666666288e+01 -1.524575028170209456e-01
1.588749999999999574e+01 -1.429329398888536662e-01
1.589999999999999325e+01 1.472622608059012128e-01
1.591249999999999609e+01 -1.142278977103424603e-01
1.592083333333332895e+01 -1.085524957207614632e-01
1.593333333333332646e+01 1.725206474266897105e-01
1.594583333333332931e+01 -1.014501511429534847e-01
1.595833333333332860e+01 1.702959362981485980e-01
1.596666666666665968e+01 1.669354724578667737e-01
1.597916666666666252e+01 -1.171403142315797091e-01
1.599166666666666181e+01 1.471754537534741836e-01
1.601249999999999929e+01 -1.452034693571174484e-01
1.602500000000000213e+01 1.289607583608021468e-01
1.603750000000000142e+01 -1.447225170561560470e-01
1.604583333333333073e+01 -1.446318715464590676e-01
1.605833333333333357e+01 1.319942219848332376e-01
1.607083333333333286e+01 -1.400344163814986331e-01
1.608333333333333570e+01 1.426013000882965231e-01
1.609166666666666856e+01 1.498457935465585811e-01
1.610416666666666430e+01 -1.117938198532453936e-01
1.611666666666666714e+01 1.832568963737563339e-01
1.612500000000000000e+01 1.987839800918602684e-01
1.613749999999999929e+01 -5.741361045063117508e-02
1.615000000000000213e+01 2.299478212219056017e-01
1.616250000000000142e+01 -4.298175793775448755e-02
1.617083333333333073e+01 -4.694473160551994317e-02
1.618333333333333357e+01 2.207552873860456899e-01
1.619583333333333286e+01 -6.357222453241059834e-02
1.620833333333333570e+01 2.010976658023814756e-01
1.621666666666666856e+01 1.946934504130450050e-01
1.622916666666666430e+01 -9.221859802421890351e-02
1.624166666666666714e+01 1.854215645961708181e-01
1.625000000000000000e+01 1.873309790926943330e-01
1.626249999999999929e+01 -8.818125017209289818e-02
1.627500000000000213e+01 1.843443444810727305e-01
1.628750000000000142e+01 -9.639264549438941732e-02
1.629583333333333073e+01 -1.021350993718183886e-01
1.630833333333333357e+01 1.659280171744249854e-01
1.632083333333333286e+01 -1.123440298321863318e-01
1.633333333333333215e+01 1.661719982149157115e-01
1.634166666666666856e+01 1.721359290693598720e-01
1.635416666666666785e+01 -9.499627405187401064e-02
1.636666666666666359e+01 1.821772468470859163e-01
1.637916666666666643e+01 -9.580211141182169710e-02
1.638749999999999929e+01 -9.938152515345197169e-02
1.639999999999999858e+01 1.688143540019750866e-01
1.641250000000000142e+01 -1.141568372980836799e-01
1.642083333333333073e+01 -1.193918344744730187e-01
1.643333333333333002e+01 1.519079992313871752e-01
1.644583333333333286e+01 -1.245630443034486390e-01
1.645833333333333215e+01 1.465980127487389317e-01
1.646666666666666501e+01 1.421829596524339934e-01
1.647916666666666785e+01 -1.441522278492153031e-01
1.649166666666666359e+01 1.194973230275637732e-01
1.650416666666666643e+01 -1.662458437187996352e-01
1.651249999999999929e+01 -1.754668822686095697e-01
1.652499999999999858e+01 8.791751545462904438e-02
1.653750000000000142e+01 -1.917870545115553937e-01
1.654583333333333428e+01 -1.941563354387938478e-01
1.655833333333333002e+01 7.969876279507175088e-02
1.657083333333333286e+01 -1.935409262180453616e-01
1.658333333333333215e+01 8.562870729036829720e-02
1.659166666666666501e+01 8.950441068167967751e-02
1.660416666666666785e+01 -1.821548791478427853e-01
1.661666666666666359e+01 9.453454343765585466e-02
1.662916666666666288e+01 -1.800588643781005638e-01
1.663749999999999929e+01 -1.795229834834753124e-01
1.664999999999999858e+01 1.016547554792618935e-01
1.666249999999999787e+01 -1.634097043198085020e-01
1.667083333333333428e+01 -1.574411017664733015e-01
1.668333333333333002e+01 1.301371010967497799e-01
1.669583333333332931e+01 -1.303666098221491487e-01
1.670833333333333215e+01 1.563249595272964421e-01
1.671666666666666501e+01 1.616741008598452101e-01
1.672916666666666430e+01 -1.131282863155626955e-01
1.674166666666666359e+01 1.553539605960254644e-01
1.675416666666666288e+01 -1.311407283779304767e-01
1.676249999999999574e+01 -1.405375894055692632e-01
1.677499999999999858e+01 1.236083282508292774e-01
1.678749999999999787e+01 -1.579200546131833138e-01
1.679583333333333073e+01 -1.609963919800745658e-01
1.680833333333333002e+01 1.137317644301927971e-01
1.682083333333332931e+01 -1.612746112095308493e-01
1.683333333333332860e+01 1.114947095469499688e-01
1.684166666666666501e+01 1.087408801687144710e-01
1.685416666666666430e+01 -1.753271413214397556e-01
1.686666666666666003e+01 9.065920559000870127e-02
1.687916666666666288e+01 -1.895833392877028512e-01
1.688749999999999574e+01 -1.899284072580315896e-01
1.689999999999999503e+01 9.359583005555549562e-02
1.691249999999999787e+01 -1.661106136896505769e-01
1.692083333333333073e+01 -1.564222498851116083e-01
1.693333333333332646e+01 1.323218465950308231e-01
1.694583333333332931e+01 -1.331898072379997799e-01
1.695833333333332860e+01 1.474002724096297734e-01
1.696666666666666146e+01 1.497988586280123990e-01
1.697916666666666430e+01 -1.252474833946439492e-01
1.699166666666666359e+01 1.504457125933223172e-01
1.701249999999999929e+01 -1.155104328351938270e-01
1.702500000000000213e+01 1.583735126859534825e-01
1.703750000000000142e+01 -1.192618799920488748e-01
1.704583333333333428e+01 -1.236568343500498851e-01
1.705833333333333357e+01 1.428502522746950276e-01
1.707083333333333286e+01 -1.449030383912206510e-01
1.708333333333333570e+01 1.166041309769080825e-01
1.709166666666666856e+01 1.097445377236798553e-01
1.710416666666666785e+01 -1.692458570595145040e-01
1.711666666666666714e+01 1.150401948641379679e-01
1.712500000000000000e+01 1.269714680042280941e-01
1.713749999999999929e+01 -1.303676001182017263e-01
1.715000000000000213e+01 1.609840847074389958e-01
1.716250000000000142e+01 -1.070227296918089127e-01
1.717083333333333428e+01 -1.084818759904810220e-01
1.718333333333333357e+01 1.633630395905381893e-01
1.719583333333333286e+01 -1.148187511127811977e-01
1.720833333333333570e+01 1.583417105982053708e-01
1.721666666666666856e+01 1.583879384429488224e-01
1.722916666666666785e+01 -1.193900441666241735e-01
1.724166666666667069e+01 1.518697368527965053e-01
1.725000000000000000e+01 1.493557362818975498e-01
1.726249999999999929e+01 -1.311673007793777157e-01
1.727500000000000213e+01 1.377566272846875162e-01
1.728750000000000142e+01 -1.474970225902194065e-01
1.729583333333333428e+01 -1.570358034568184458e-01
1.730833333333333357e+01 1.052217315564175637e-01
1.732083333333333286e+01 -1.780362223756212503e-01
1.733333333333333215e+01 9.977570901626389710e-02
1.734166666666666856e+01 1.082727205085215333e-01
1.735416666666666785e+01 -1.512903439627221180e-01
1.736666666666666714e+01 1.391524641866824508e-01
1.737916666666666643e+01 -1.243210740471099585e-01
1.738749999999999929e+01 -1.188379927117713813e-01
1.739999999999999858e+01 1.636905723429234460e-01
1.741250000000000142e+01 -1.033285790357290623e-01
1.742083333333333428e+01 -9.753774150116854835e-02
1.743333333333333357e+01 1.891650688383567092e-01
1.744583333333333286e+01 -7.658322899653034754e-02
1.745833333333333215e+01 2.013018377554347260e-01
1.746666666666666501e+01 1.995931280975772326e-01
1.747916666666666785e+01 -8.457961418147721955e-02
1.749166666666666714e+01 1.795760274096493414e-01
1.750416666666666643e+01 -1.084134797891846552e-01
1.751249999999999929e+01 -1.197456996349066660e-01
1.752499999999999858e+01 1.390139288703770015e-01
1.753750000000000142e+01 -1.490055837862829247e-01
1.754583333333333428e+01 -1.578946121044494943e-01
1.755833333333333357e+01 1.071820287545043465e-01
1.757083333333333286e+01 -1.717241248803462739e-01
1.758333333333333215e+01 1.046752548234880509e-01
1.759166666666666501e+01 1.065967019073005423e-01
1.760416666666666785e+01 -1.687111285282942852e-01
1.761666666666666714e+01 1.049373509227106011e-01
1.762916666666666288e+01 -1.714876586722378915e-01
1.763749999999999929e+01 -1.715565330811616440e-01
1.764999999999999858e+01 1.085780954337885185e-01
1.766249999999999787e+01 -1.595074398273553240e-01
1.767083333333333428e+01 -1.568908128213597486e-01
1.768333333333333357e+01 1.232382972442347679e-01
1.769583333333332931e+01 -1.467798326658560915e-01
1.770833333333333215e+01 1.319953208163446579e-01
1.771666666666666501e+01 1.339723667475211655e-01
1.772916666666666430e+01 -1.431672970481517870e-01
1.774166666666666714e+01 1.249277226081648706e-01
1.775416666666666288e+01 -1.610539850307501908e-01
1.776249999999999574e+01 -1.695028750106992443e-01
1.777499999999999858e+01 9.803428894647109315e-02
1.778749999999999787e+01 -1.766211527757109157e-01
1.779583333333333073e+01 -1.738684728706554883e-01
1.780833333333333357e+01 1.094656593872854744e-01
1.782083333333332931e+01 -1.574911431387954752e-01
1.783333333333332860e+01 1.238919345677162026e-01
1.784166666666666501e+01 1.278775966617150817e-01
1.785416666666666430e+01 -1.435506325385426940e-01
1.786666666666666359e+01 1.368373553654044228e-01
1.787916666666666643e+01 -1.317078399164471891e-01
1.788749999999999574e+01 -1.281154512695817094e-01
1.789999999999999503e+01 1.541430002384210352e-01
1.791249999999999787e+01 -1.139677355883006171e-01
1.792083333333333073e+01 -1.120308531633366078e-01
1.793333333333333002e+01 1.646662629606808759e-01
1.794583333333332931e+01 -1.120490171065692125e-01
1.795833333333332860e+01 1.570256228875759330e-01
1.796666666666666146e+01 1.511923465214941587e-01
1.797916666666666430e+01 -1.364376625734647908e-01
1.799166666666666359e+01 1.276511093649185524e-01
1.801249999999999929e+01 -1.530629133435077172e-01
1.802500000000000213e+01 1.613823448532106519e-01
1.803750000000000142e+01 -7.685986969471944596e-02
1.804583333333333428e+01 -6.043328807447083395e-02
1.805833333333333712e+01 2.306654051911536385e-01
1.807083333333333286e+01 -3.548551264754475076e-02
1.808333333333333570e+01 2.490427567107574014e-01
1.809166666666666856e+01 2.564836478942731923e-01
1.810416666666666785e+01 -8.304833905682472775e-03
1.811666666666667069e+01 2.790808497154690926e-01
1.812500000000000355e+01 2.867967413277020539e-01
1.813749999999999929e+01 1.597414665613603943e-02
1.815000000000000213e+01 2.914141110636682686e-01
1.816250000000000142e+01 9.373739391219437778e-03
1.817083333333333428e+01 -4.585187583456894027e-04
1.818333333333333712e+01 2.562862881701282736e-01
1.819583333333333641e+01 -4.127153293875689133e-02
1.820833333333333570e+01 2.093216525232456104e-01
1.821666666666666856e+01 1.935063201039822767e-01
1.822916666666666785e+01 -1.065473937726305886e-01
1.824166666666667069e+01 1.928753024801263816e-01
1.825000000000000355e+01 2.120126294941051814e-01
1.826249999999999929e+01 -4.267461523994495881e-02
1.827500000000000213e+01 2.422884273860147208e-01
1.828750000000000142e+01 -3.252068116340028209e-02
1.829583333333333428e+01 -3.550933561093688046e-02
1.830833333333333712e+01 2.352455082720955604e-01
1.832083333333333641e+01 -4.566491999838637877e-02
1.833333333333333215e+01 2.240468818503989767e-01
1.834166666666666856e+01 2.206058807131145161e-01
1.835416666666666785e+01 -6.392900568739789957e-02
1.836666666666666714e+01 1.992740066212846661e-01
1.837916666666666998e+01 -8.901462867790026212e-02
1.838750000000000284e+01 -9.798057313732191909e-02
1.839999999999999858e+01 1.637159875867913172e-01
1.841250000000000142e+01 -1.247916525095204149e-01
1.842083333333333428e+01 -1.332257408097019258e-01
1.843333333333333357e+01 1.340003966209838415e-01
1.844583333333333641e+01 -1.444090272505733075e-01
1.845833333333333215e+01 1.316467367832566404e-01
1.846666666666666501e+01 1.349475280244571695e-01
1.847916666666666785e+01 -1.362168537734015639e-01
1.849166666666666714e+01 1.434760802840099603e-01
1.850416666666666998e+01 -1.280906603702405833e-01
1.851250000000000284e+01 -1.285375464602338536e-01
1.852499999999999858e+01 1.449831061497303397e-01
1.853750000000000142e+01 -1.341110756388537162e-01
1.854583333333333428e+01 -1.416537281909856782e-01
1.855833333333333357e+01 1.192478400245461923e-01
1.857083333333333641e+01 -1.688421419769267073e-01
1.858333333333333215e+01 9.903935305661407118e-02
1.859166666666666501e+01 9.818674547367185756e-02
1.860416666666666785e+01 -1.767062916445801546e-01
1.861666666666666714e+01 1.008259973247839641e-01
1.862916666666666643e+01 -1.725244449834080207e-01
1.863750000000000284e+01 -1.728915371335370821e-01
1.864999999999999858e+01 1.041992358944796027e-01
1.866249999999999787e+01 -1.667446961782804438e-01
1.867083333333333428e+01 -1.644949911817659149e-01
1.868333333333333357e+01 1.181884442017740039e-01
1.869583333333333286e+01 -1.457377400451551619e-01
1.870833333333333215e+01 1.424535411964173437e-01
1.871666666666666501e+01 1.520679594884463137e-01
1.872916666666666430e+01 -1.124779410803809776e-01
1.874166666666666714e+01 1.673531075087983377e-01
1.875416666666666643e+01 -1.131461224317747705e-01
1.876249999999999929e+01 -1.235106562138282155e-01
1.877499999999999858e+01 1.326747373457101697e-01
1.878749999999999787e+01 -1.616883408431924463e-01
1.879583333333333073e+01 -1.736480931286820406e-01
1.880833333333333357e+01 9.104477174836629605e-02
1.882083333333333286e+01 -1.880066948590506937e-01
1.883333333333333215e+01 8.700715956694284048e-02
1.884166666666666501e+01 8.861373050930289319e-02
1.885416666666666430e+01 -1.865964024280465372e-01
1.886666666666666359e+01 8.862694039793710121e-02
1.887916666666666643e+01 -1.849379375392790903e-01
1.888749999999999929e+01 -1.835748790145387277e-01
1.889999999999999503e+01 9.829049899493709497e-02
1.891249999999999787e+01 -1.656390555903799466e-01
1.892083333333333073e+01 -1.581281796627441172e-01
1.893333333333333002e+01 1.312650351354626710e-01
1.894583333333333286e+01 -1.281655205257984098e-01
1.895833333333333215e+01 1.606247111314907106e-01
1.896666666666666146e+01 1.671321812093881087e-01
1.897916666666666430e+01 -1.068282659394456657e-01
1.899166666666666359e+01 1.622929030891956392e-01
1.901249999999999929e+01 -1.292468607117185642e-01
1.902499999999999858e+01 1.375021885816167799e-01
1.903749999999999787e+01 -1.454187863889135346e-01
1.904583333333333073e+01 -1.515094120480195983e-01
1.905833333333333357e+01 1.177966700875073547e-01
1.907083333333333286e+01 -1.577860009335599889e-01
1.908333333333333570e+01 1.249617703120030204e-01
1.909166666666666501e+01 1.345117875300047006e-01
1.910416666666666430e+01 -1.234338893593282249e-01
1.911666666666666714e+01 1.722960174410174128e-01
1.912500000000000000e+01 1.865475961549806216e-01
1.913749999999999929e+01 -7.289365819867082985e-02
1.914999999999999858e+01 2.162365201779611890e-01
1.916249999999999787e+01 -4.967042869320976300e-02
1.917083333333333073e+01 -4.699817396110236162e-02
1.918333333333333357e+01 2.326412399436924017e-01
1.919583333333333286e+01 -4.194193050867039974e-02
1.920833333333333570e+01 2.275291802278374964e-01
1.921666666666666501e+01 2.206514423867735886e-01
1.922916666666666430e+01 -7.298726800811947135e-02
1.924166666666666714e+01 1.874168264771025882e-01
1.925000000000000000e+01 1.758194212575995841e-01
1.926249999999999929e+01 -1.224563356142895354e-01
1.927500000000000213e+01 1.264576555911850753e-01
1.928749999999999787e+01 -1.725122677754298284e-01
1.929583333333333073e+01 -1.850015271264767447e-01
1.930833333333333357e+01 8.151444227059244374e-02
1.932083333333333286e+01 -1.932258045511882905e-01
1.933333333333333215e+01 8.937758797930783761e-02
1.934166666666666501e+01 9.737514701228250358e-02
1.935416666666666430e+01 -1.676194556116620271e-01
1.936666666666666359e+01 1.178175852559422421e-01
1.937916666666666643e+01 -1.459815157279761577e-01
1.938749999999999929e+01 -1.363948589048979976e-01
1.939999999999999858e+01 1.585235994600963649e-01
1.941249999999999787e+01 -9.463985524568933883e-02
1.942083333333333073e+01 -8.252683533791550785e-02
1.943333333333333002e+01 2.063977247712587282e-01
1.944583333333333286e+01 -6.291655123773104430e-02
1.945833333333333215e+01 2.105862628778270851e-01
1.946666666666666501e+01 2.057880148699874623e-01
1.947916666666666430e+01 -8.575607952951341817e-02
1.949166666666666359e+01 1.667870537638571349e-01
1.950416666666666643e+01 -1.325407764613412975e-01
1.951249999999999929e+01 -1.490172394285924629e-01
1.952499999999999858e+01 1.067140135498724218e-01
1.953749999999999787e+01 -1.799156437926832108e-01
1.954583333333333073e+01 -1.865478599349701394e-01
1.955833333333333002e+01 8.256351431324775170e-02
1.957083333333333286e+01 -1.929069224216200251e-01
1.958333333333333215e+01 8.676808268814653613e-02
1.959166666666666501e+01 9.168100889234991058e-02
1.960416666666666430e+01 -1.758770786604140490e-01
1.961666666666666359e+01 1.105913525552801591e-01
1.962916666666666288e+01 -1.499503733355468937e-01
1.963749999999999929e+01 -1.402920295793208538e-01
1.964999999999999858e+01 1.506058194676013484e-01
1.966249999999999432e+01 -1.112898842568688096e-01
1.967083333333333073e+01 -1.065401560286136362e-01
1.968333333333333002e+01 1.743438265662299591e-01
1.969583333333332931e+01 -9.782193691196279517e-02
1.970833333333333215e+01 1.749385248427040851e-01
1.971666666666666501e+01 1.704239444906995027e-01
1.972916666666666075e+01 -1.189607936932537136e-01
1.974166666666666359e+01 1.359180647622328930e-01
1.975416666666666288e+01 -1.627709459861353958e-01
1.976249999999999574e+01 -1.789222963415788570e-01
1.977499999999999858e+01 7.724693561763028293e-02
1.978749999999999432e+01 -2.101440042633181959e-01
1.979583333333332718e+01 -2.157495688693859270e-01
1.980833333333333002e+01 5.825084234205357703e-02
1.982083333333332931e+01 -2.117984585179931989e-01
1.983333333333332860e+01 7.358937106441056086e-02
1.984166666666666501e+01 8.381884663632672983e-02
1.985416666666666075e+01 -1.746256371199764457e-01
1.986666666666666003e+01 1.205260675482962285e-01
1.987916666666666288e+01 -1.343275931940933754e-01
1.988749999999999574e+01 -1.231895672432918032e-01
1.989999999999999503e+01 1.685222368339877319e-01
1.991249999999999787e+01 -9.072302954796958308e-02
1.992083333333332718e+01 -8.287892993570458722e-02
1.993333333333332646e+01 2.019191511441311149e-01
1.994583333333332931e+01 -6.942314988019256117e-02
1.995833333333332860e+01 2.011505201663262854e-01
1.996666666666666146e+01 1.941879669403628605e-01
1.997916666666666075e+01 -9.833733623143374458e-02
1.999166666666666003e+01 1.568001385630018174e-01
