0.000000000000000000e+00 0.000000000000000000e+00
1.250000000000000069e-02 -1.031128009097203524e+01
2.500000000000000486e-02 -3.582286767970300190e+01
3.750000000000001249e-02 -7.669237530931781066e+01
4.583333333333334397e-02 -1.075642153543309121e+02
5.833333333333335508e-02 -1.559892767858547131e+02
7.083333333333334536e-02 -2.080361903308314879e+02
8.333333333333335646e-02 -2.594132362676056687e+02
9.166666666666668795e-02 -2.970030661417711713e+02
1.041666666666666990e-01 -3.604808071804872043e+02
1.166666666666667102e-01 -4.301860975669061418e+02
1.250000000000000278e-01 -4.816075762306762158e+02
1.375000000000000389e-01 -5.634292960794011833e+02
1.500000000000000500e-01 -6.441427732266747626e+02
1.625000000000000333e-01 -7.226034477409524470e+02
1.708333333333333925e-01 -7.686316870373110532e+02
1.833333333333333759e-01 -8.257207009224147214e+02
1.958333333333333870e-01 -8.724890074799635613e+02
2.083333333333333981e-01 -9.063999685600294924e+02
2.166666666666667296e-01 -9.250248401752717200e+02
2.291666666666667407e-01 -9.473906697081514494e+02
2.416666666666667518e-01 -9.671077020435066061e+02
2.500000000000000555e-01 -9.859998435924283058e+02
2.625000000000000111e-01 -1.016668850387028442e+03
2.749999999999999112e-01 -1.038186596805428280e+03
2.874999999999998113e-01 -1.051520497707772165e+03
2.958333333333331150e-01 -1.053769475721808021e+03
3.083333333333330151e-01 -1.049850083757257380e+03
3.208333333333329707e-01 -1.046670693086575056e+03
3.333333333333328707e-01 -1.047604823897567258e+03
3.416666666666661745e-01 -1.055171716064924340e+03
3.541666666666660745e-01 -1.075990026255178464e+03
3.666666666666660301e-01 -1.100872163454910151e+03
3.791666666666659302e-01 -1.130089029574289725e+03
3.874999999999992339e-01 -1.146764002554816898e+03
3.999999999999991340e-01 -1.163200889244392556e+03
4.124999999999990896e-01 -1.172431819957974767e+03
4.208333333333323378e-01 -1.174610227247565945e+03
4.333333333333322934e-01 -1.177032176576904249e+03
4.458333333333321935e-01 -1.186826199313660936e+03
4.583333333333321491e-01 -1.201360383119529388e+03
4.666666666666653973e-01 -1.215225976695684039e+03
4.791666666666653529e-01 -1.239428124825872828e+03
4.916666666666653085e-01 -1.258295963987597588e+03
5.041666666666652086e-01 -1.270913598694467510e+03
5.124999999999985123e-01 -1.273384818699754305e+03
5.249999999999984679e-01 -1.271305785584617297e+03
5.374999999999984235e-01 -1.269743852502916752e+03
5.458333333333316162e-01 -1.268629226860956123e+03
5.583333333333315718e-01 -1.269490529754168847e+03
5.708333333333315274e-01 -1.278630805563215745e+03
5.833333333333314830e-01 -1.289672153289468042e+03
5.916666666666646757e-01 -1.298099624166202375e+03
6.041666666666646313e-01 -1.309389528610904335e+03
6.166666666666645868e-01 -1.313695082710780753e+03
6.291666666666644314e-01 -1.315557598130028737e+03
6.374999999999977351e-01 -1.314224120347882035e+03
6.499999999999976907e-01 -1.311511751094745478e+03
6.624999999999976463e-01 -1.315242503221885272e+03
6.708333333333309501e-01 -1.319878120605381810e+03
6.833333333333307946e-01 -1.328614000605576393e+03
6.958333333333307502e-01 -1.339611059490085154e+03
7.083333333333307058e-01 -1.344677391869850908e+03
7.166666666666640095e-01 -1.345963523576199805e+03
7.291666666666638541e-01 -1.344813603161108631e+03
7.416666666666638097e-01 -1.338322647791420422e+03
7.541666666666637653e-01 -1.334881589107176069e+03
7.624999999999969580e-01 -1.333539855958330918e+03
7.749999999999969136e-01 -1.333181770878345787e+03
7.874999999999968692e-01 -1.337409784433253662e+03
7.958333333333301729e-01 -1.339791805648579384e+03
8.083333333333300175e-01 -1.340776815851673518e+03
8.208333333333299731e-01 -1.340166011865060227e+03
8.333333333333299286e-01 -1.332717761018384181e+03
8.416666666666632324e-01 -1.326891205796348913e+03
8.541666666666630769e-01 -1.319176988711795275e+03
8.666666666666630325e-01 -1.312138293792324703e+03
8.791666666666629881e-01 -1.312895504774671053e+03
8.874999999999962919e-01 -1.315817916302450612e+03
8.999999999999961364e-01 -1.321953803198624200e+03
9.124999999999960920e-01 -1.329431021578652690e+03
9.208333333333293957e-01 -1.330792583652418898e+03
9.333333333333293513e-01 -1.326256944669049517e+03
9.458333333333291959e-01 -1.318643960748714790e+03
9.583333333333291515e-01 -1.306383176590727089e+03
9.666666666666624552e-01 -1.299739687483393254e+03
9.791666666666625218e-01 -1.294656584510940093e+03
9.916666666666623664e-01 -1.292838726426043422e+03
1.012499999999999956e+00 -1.299223015416409453e+03
1.025000000000000133e+00 -1.297238261803961905e+03
1.037500000000000089e+00 -1.288438286620197914e+03
1.045833333333333393e+00 -1.276742563669419042e+03
1.058333333333333348e+00 -1.252750596324128310e+03
1.070833333333333304e+00 -1.228961997649029172e+03
1.083333333333333259e+00 -1.205851935474250467e+03
1.091666666666666785e+00 -1.194467625375460784e+03
1.104166666666666741e+00 -1.183502541720060890e+03
1.116666666666666696e+00 -1.173745187116992383e+03
1.125000000000000222e+00 -1.167860735205353194e+03
1.137499999999999956e+00 -1.156684372482847721e+03
1.149999999999999911e+00 -1.136566545343157486e+03
1.162500000000000089e+00 -1.113306731212513341e+03
1.170833333333333393e+00 -1.096348949117632174e+03
1.183333333333333348e+00 -1.073182247678840440e+03
1.195833333333333526e+00 -1.059821342017461347e+03
1.208333333333333481e+00 -1.053020536670629099e+03
1.216666666666666785e+00 -1.053625114489703037e+03
1.229166666666666741e+00 -1.059337805275204801e+03
1.241666666666666696e+00 -1.060785428651288612e+03
1.250000000000000000e+00 -1.058082515826383769e+03
1.262499999999999956e+00 -1.048673938374982072e+03
1.274999999999999911e+00 -1.032296552589380326e+03
1.287499999999999867e+00 -1.018277070019822190e+03
1.295833333333333171e+00 -1.010488145028272697e+03
1.308333333333332904e+00 -1.003675236906218515e+03
1.320833333333332860e+00 -1.006672227546528347e+03
1.333333333333332815e+00 -1.011554143109080201e+03
1.341666666666666119e+00 -1.015479388744505741e+03
1.354166666666666075e+00 -1.019056368765428374e+03
1.366666666666666030e+00 -1.014042203819276324e+03
1.379166666666665986e+00 -1.005428854762968513e+03
1.387499999999999289e+00 -9.972689790412392767e+02
1.399999999999999023e+00 -9.855728352502924281e+02
1.412499999999998979e+00 -9.821905585117679038e+02
1.420833333333332282e+00 -9.831726466226048160e+02
1.433333333333332238e+00 -9.880377550228363361e+02
1.445833333333332194e+00 -9.973042059500995720e+02
1.458333333333332149e+00 -1.002096314088734175e+03
1.466666666666665453e+00 -1.003122492721209028e+03
1.479166666666665408e+00 -1.000358509730670448e+03
1.491666666666665364e+00 -9.905427909656553993e+02
1.504166666666665320e+00 -9.823404464182963238e+02
1.512499999999998623e+00 -9.774519251158776569e+02
1.524999999999998579e+00 -9.725649959408240193e+02
1.537499999999998535e+00 -9.746366592568750775e+02
1.545833333333331838e+00 -9.771255845423816027e+02
1.558333333333331794e+00 -9.801819907179259417e+02
1.570833333333331527e+00 -9.826409483819095385e+02
1.583333333333331483e+00 -9.775681984450220625e+02
1.591666666666664787e+00 -9.725227306727534824e+02
1.604166666666664742e+00 -9.646347468768303770e+02
1.616666666666664698e+00 -9.558025017134677910e+02
1.629166666666664653e+00 -9.537320868432875614e+02
1.637499999999997957e+00 -9.546878775230560450e+02
1.649999999999997913e+00 -9.587069144540303114e+02
1.662499999999997646e+00 -9.664148801343560535e+02
1.670833333333330950e+00 -9.696138449852035137e+02
1.683333333333330906e+00 -9.698665135174860552e+02
1.695833333333330861e+00 -9.681860921248838849e+02
1.708333333333330817e+00 -9.612694449268178687e+02
1.716666666666664121e+00 -9.571012470348840679e+02
1.729166666666664076e+00 -9.535531159335996563e+02
1.741666666666664032e+00 -9.512038113004065281e+02
1.754166666666663765e+00 -9.546826125581131919e+02
1.762499999999997069e+00 -9.572802472753281791e+02
1.774999999999997025e+00 -9.599189811595293804e+02
1.787499999999996980e+00 -9.627942872104991920e+02
1.795833333333330284e+00 -9.619551340677010103e+02
1.808333333333330240e+00 -9.565393929716057073e+02
1.820833333333330195e+00 -9.512736377619469295e+02
1.833333333333330151e+00 -9.441969048749155036e+02
1.841666666666663232e+00 -9.417355134911776986e+02
1.854166666666663188e+00 -9.419261142013874633e+02
1.866666666666663144e+00 -9.424053115497180215e+02
1.879166666666663099e+00 -9.459778270811088987e+02
1.887499999999996403e+00 -9.467981134939037702e+02
1.899999999999996358e+00 -9.445981736861493800e+02
1.912499999999996314e+00 -9.421525016890058168e+02
1.920833333333329618e+00 -9.391132617376114240e+02
1.933333333333329351e+00 -9.342108645644325406e+02
1.945833333333329307e+00 -9.339997997955855453e+02
1.958333333333329263e+00 -9.343200098028451066e+02
1.966666666666662566e+00 -9.366809412020990067e+02
1.979166666666662522e+00 -9.421950517235331972e+02
1.991666666666662477e+00 -9.446096788882548481e+02
2.012500000000000178e+00 -9.468375616765328004e+02
2.024999999999999911e+00 -9.441045128701661042e+02
2.037500000000000089e+00 -9.443667296350527067e+02
2.045833333333333393e+00 -9.449135598999905596e+02
2.058333333333333570e+00 -9.471943069206878363e+02
2.070833333333333304e+00 -9.548673537932249928e+02
2.083333333333333481e+00 -9.617476291463606231e+02
2.091666666666666785e+00 -9.669102548657663192e+02
2.104166666666666963e+00 -9.739989181910106026e+02
2.116666666666666696e+00 -9.758167806494526531e+02
2.125000000000000000e+00 -9.763187905900836085e+02
2.137500000000000178e+00 -9.769028824364771708e+02
2.149999999999999911e+00 -9.753139443821501118e+02
2.162500000000000089e+00 -9.778342653591945464e+02
2.170833333333333837e+00 -9.798991051227604885e+02
2.183333333333333570e+00 -9.829883132680171229e+02
2.195833333333333304e+00 -9.883833987673274351e+02
2.208333333333333481e+00 -9.898060500783543603e+02
2.216666666666666785e+00 -9.901359946312792317e+02
2.229166666666666519e+00 -9.895773733546992617e+02
2.241666666666667140e+00 -9.852900820969182405e+02
2.250000000000000444e+00 -9.835251245357420657e+02
2.262500000000000178e+00 -9.835334768070534892e+02
2.274999999999999911e+00 -9.836264231853205047e+02
2.287500000000000089e+00 -9.882117765225546009e+02
2.295833333333333393e+00 -9.910008031468299805e+02
2.308333333333333126e+00 -9.934111526323013095e+02
2.320833333333333304e+00 -9.959438631309681114e+02
2.333333333333333037e+00 -9.934860266014154604e+02
2.341666666666666341e+00 -9.916404486145930832e+02
2.354166666666666519e+00 -9.897557981749639566e+02
2.366666666666666252e+00 -9.868472118001175204e+02
2.379166666666665986e+00 -9.888532233934708984e+02
2.387499999999999289e+00 -9.908413288348992864e+02
2.399999999999999467e+00 -9.939397050303757624e+02
2.412499999999999201e+00 -9.991120845344179315e+02
2.420833333333332504e+00 -1.000670020794570178e+03
2.433333333333332682e+00 -9.994716416952790041e+02
2.445833333333332416e+00 -9.977608605659798968e+02
2.458333333333332149e+00 -9.920433495210536421e+02
2.466666666666665453e+00 -9.891658808994432093e+02
2.479166666666665630e+00 -9.878092832545584088e+02
2.491666666666665364e+00 -9.873792551040202170e+02
2.504166666666665542e+00 -9.922828399327545412e+02
2.512499999999998845e+00 -9.956556309835752927e+02
2.524999999999998579e+00 -9.993671297781488647e+02
2.537499999999998312e+00 -1.003350369719098808e+03
2.545833333333331616e+00 -1.003451109769447953e+03
2.558333333333331794e+00 -1.000116489150438497e+03
2.570833333333331527e+00 -9.977636014645228215e+02
2.583333333333331705e+00 -9.937154636358180824e+02
2.591666666666665009e+00 -9.928859534025681342e+02
2.604166666666664742e+00 -9.946325501604368355e+02
2.616666666666664920e+00 -9.957201381219897485e+02
2.629166666666664653e+00 -9.994165085110740847e+02
2.637499999999997957e+00 -1.000358789209357610e+03
2.649999999999997691e+00 -9.986887572556926216e+02
2.662499999999997868e+00 -9.969278415006983778e+02
2.670833333333331172e+00 -9.940311591520384127e+02
2.683333333333330906e+00 -9.883456389392630399e+02
2.695833333333331083e+00 -9.862397372939706202e+02
2.708333333333330817e+00 -9.843940705898505712e+02
2.716666666666664121e+00 -9.856569294172783202e+02
2.729166666666663854e+00 -9.905818765483654715e+02
2.741666666666664032e+00 -9.938820300293540413e+02
2.754166666666663765e+00 -9.984143307848238464e+02
2.762499999999997069e+00 -9.994308456336766540e+02
2.774999999999997247e+00 -9.979837276123689662e+02
2.787499999999996980e+00 -9.975673815863201526e+02
2.795833333333330284e+00 -9.965986157654747331e+02
2.808333333333330017e+00 -9.954515645976211999e+02
2.820833333333330195e+00 -9.990387334356570364e+02
2.833333333333329929e+00 -1.002214578059582436e+03
2.841666666666663232e+00 -1.005563341043715241e+03
2.854166666666663410e+00 -1.011150735547721411e+03
2.866666666666663144e+00 -1.012484413873252834e+03
2.879166666666663321e+00 -1.013523251266838088e+03
2.887499999999996625e+00 -1.012058485811499736e+03
2.899999999999996358e+00 -1.007594594880301884e+03
2.912499999999996092e+00 -1.005483087998964038e+03
2.920833333333329396e+00 -1.003969739530552033e+03
2.933333333333329573e+00 -1.002259449594403577e+03
2.945833333333329307e+00 -1.004928308531092057e+03
2.958333333333329485e+00 -1.006412405936806749e+03
2.966666666666662788e+00 -1.008152731883445540e+03
2.979166666666662522e+00 -1.010862884131223154e+03
2.991666666666662255e+00 -1.009568171219177543e+03
3.012500000000000178e+00 -1.008136478733465196e+03
3.024999999999999911e+00 -1.005582938099063199e+03
3.037500000000000089e+00 -1.006654925808141911e+03
3.045833333333333393e+00 -1.007332817272196621e+03
3.058333333333333570e+00 -1.007972864011994830e+03
3.070833333333333304e+00 -1.011069359905568263e+03
3.083333333333333481e+00 -1.011107365614599303e+03
3.091666666666666785e+00 -1.011319159112569992e+03
3.104166666666666963e+00 -1.011800787866081691e+03
3.116666666666666696e+00 -1.009107264037755499e+03
3.125000000000000000e+00 -1.008013527363760772e+03
3.137500000000000178e+00 -1.008012395386398907e+03
3.149999999999999911e+00 -1.006929745100466448e+03
3.162500000000000089e+00 -1.009682534599784049e+03
3.170833333333333837e+00 -1.011354717887624361e+03
3.183333333333333570e+00 -1.013065302941742289e+03
3.195833333333333304e+00 -1.016692835251813449e+03
3.208333333333333481e+00 -1.016982659261108552e+03
3.216666666666666785e+00 -1.017473377347539781e+03
3.229166666666666519e+00 -1.019034071632440032e+03
3.241666666666667140e+00 -1.018570522410884791e+03
3.250000000000000444e+00 -1.019493909404419924e+03
3.262500000000000178e+00 -1.022583427330624318e+03
3.275000000000000355e+00 -1.023568657479174931e+03
3.287500000000000089e+00 -1.026460082510845496e+03
3.295833333333333393e+00 -1.027040442231129191e+03
3.308333333333333126e+00 -1.025768333810452532e+03
3.320833333333333304e+00 -1.025697893087766261e+03
3.333333333333333037e+00 -1.022507910276190614e+03
3.341666666666666341e+00 -1.021016995874125087e+03
3.354166666666666519e+00 -1.020060611122545311e+03
3.366666666666666252e+00 -1.017370230719950882e+03
3.379166666666665986e+00 -1.017861633740483057e+03
3.387499999999999289e+00 -1.017765990600773080e+03
3.399999999999999467e+00 -1.016786500769624013e+03
3.412499999999999201e+00 -1.018201310464684980e+03
3.420833333333332504e+00 -1.018305687256725946e+03
3.433333333333332682e+00 -1.017457971674720056e+03
3.445833333333332416e+00 -1.019491378013806184e+03
3.458333333333332149e+00 -1.020071091263104336e+03
3.466666666666665453e+00 -1.021761519809529659e+03
3.479166666666665630e+00 -1.025790205998058582e+03
3.491666666666665364e+00 -1.027177177760974701e+03
3.504166666666665542e+00 -1.029824237582254682e+03
3.512499999999998845e+00 -1.029961402705486535e+03
3.524999999999998579e+00 -1.027853952857704371e+03
3.537499999999998757e+00 -1.027036788291131870e+03
3.545833333333331616e+00 -1.025404866082508988e+03
3.558333333333331794e+00 -1.021882741261756337e+03
3.570833333333331527e+00 -1.021107778502731776e+03
3.583333333333331705e+00 -1.018479169114082424e+03
3.591666666666665009e+00 -1.017736356657309784e+03
3.604166666666664742e+00 -1.017822629715418657e+03
3.616666666666664920e+00 -1.015368164256444970e+03
3.629166666666664653e+00 -1.014948390728925460e+03
3.637499999999997957e+00 -1.013806577771097295e+03
3.649999999999997691e+00 -1.011331996164471775e+03
3.662499999999997868e+00 -1.012273455249932113e+03
3.670833333333331172e+00 -1.012974724041652735e+03
3.683333333333330906e+00 -1.014336001026957661e+03
3.695833333333331083e+00 -1.019359746463288730e+03
3.708333333333330817e+00 -1.022392550371292486e+03
3.716666666666664121e+00 -1.024869389492505888e+03
3.729166666666663854e+00 -1.028560900922298060e+03
3.741666666666664032e+00 -1.028281246138959887e+03
3.754166666666663765e+00 -1.028999343259170473e+03
3.762499999999997069e+00 -1.028219286118208856e+03
3.774999999999997247e+00 -1.025738862932081929e+03
3.787499999999996980e+00 -1.025755610977736524e+03
3.795833333333330284e+00 -1.025084273706043859e+03
3.808333333333330017e+00 -1.022910818435696228e+03
3.820833333333330195e+00 -1.022552947805230701e+03
3.833333333333329929e+00 -1.018857018643357947e+03
3.841666666666663232e+00 -1.016587814933404616e+03
3.854166666666663410e+00 -1.013677784505525210e+03
3.866666666666663144e+00 -1.008431864360027475e+03
3.879166666666663321e+00 -1.006638757892275180e+03
3.887499999999996625e+00 -1.005692566090255241e+03
3.899999999999996358e+00 -1.004952966275589574e+03
3.912499999999995648e+00 -1.008361542728592781e+03
3.920833333333328952e+00 -1.010382905505302006e+03
3.933333333333329573e+00 -1.012301320425799759e+03
3.945833333333328863e+00 -1.015760707761949334e+03
3.958333333333329485e+00 -1.015650469092513390e+03
3.966666666666662788e+00 -1.015794327718455634e+03
3.979166666666662078e+00 -1.016693551181542830e+03
3.991666666666662255e+00 -1.015303908793864935e+03
4.012500000000000178e+00 -1.017323403321394608e+03
4.025000000000000355e+00 -1.017205211892629677e+03
4.037500000000000533e+00 -1.019116708906071722e+03
4.045833333333333393e+00 -1.019065403533114818e+03
4.058333333333332682e+00 -1.016756802686243645e+03
4.070833333333333748e+00 -1.015462074271339930e+03
4.083333333333333925e+00 -1.011021733732056532e+03
4.091666666666666785e+00 -1.008889990395065638e+03
4.104166666666666963e+00 -1.007595672780001337e+03
4.116666666666667140e+00 -1.005431999553566584e+03
4.125000000000000000e+00 -1.005643192863153786e+03
4.137500000000000178e+00 -1.007962659676340650e+03
4.150000000000000355e+00 -1.008223924303475542e+03
4.162500000000000533e+00 -1.010300290302763756e+03
4.170833333333333393e+00 -1.010379879237201294e+03
4.183333333333333570e+00 -1.008684685501656531e+03
4.195833333333333748e+00 -1.008853474297727416e+03
4.208333333333333925e+00 -1.006722436026293053e+03
4.216666666666666785e+00 -1.006346973820956009e+03
4.229166666666666963e+00 -1.007358572928295985e+03
4.241666666666667140e+00 -1.006286219820850874e+03
4.250000000000000000e+00 -1.006240165897936095e+03
4.262500000000000178e+00 -1.006763996408919184e+03
4.275000000000000355e+00 -1.004053528113859215e+03
4.287499999999999645e+00 -1.002815297733839770e+03
4.295833333333332504e+00 -1.000882866311612361e+03
4.308333333333333570e+00 -9.969063496829775204e+02
4.320833333333332860e+00 -9.959925434514747167e+02
4.333333333333333037e+00 -9.939713112244700142e+02
4.341666666666666785e+00 -9.941667833160564669e+02
4.354166666666666075e+00 -9.964228109400306721e+02
4.366666666666666252e+00 -9.968075976222730787e+02
4.379166666666665542e+00 -9.994297958942582909e+02
4.387499999999999289e+00 -1.000140322838819202e+03
4.399999999999999467e+00 -9.997438462488937603e+02
4.412499999999998757e+00 -1.001500619832164830e+03
4.420833333333332504e+00 -1.001905653951746331e+03
4.433333333333332682e+00 -1.001611470050605931e+03
4.445833333333331971e+00 -1.003948558236515964e+03
4.458333333333332149e+00 -1.004053372738022858e+03
4.466666666666665897e+00 -1.004856192166733990e+03
4.479166666666665186e+00 -1.006856499006744798e+03
4.491666666666665364e+00 -1.005933281136813548e+03
4.504166666666664653e+00 -1.006724226314670659e+03
4.512499999999998401e+00 -1.006153922818430033e+03
4.524999999999998579e+00 -1.003964462873869820e+03
4.537499999999997868e+00 -1.004189711277120750e+03
4.545833333333331616e+00 -1.003727326581661146e+03
4.558333333333331794e+00 -1.002299603829749913e+03
4.570833333333331083e+00 -1.003559244179588745e+03
4.583333333333331261e+00 -1.002510154352581822e+03
4.591666666666665009e+00 -1.002512340738169542e+03
4.604166666666664298e+00 -1.003413177357399036e+03
4.616666666666664476e+00 -1.001769439073591116e+03
4.629166666666664653e+00 -1.002464654779802231e+03
4.637499999999997513e+00 -1.002189419654692301e+03
4.649999999999997691e+00 -1.000754676385209336e+03
4.662499999999996980e+00 -1.001656203085382913e+03
4.670833333333330728e+00 -1.001355921887615750e+03
4.683333333333330906e+00 -9.995483147987692973e+02
4.695833333333330195e+00 -9.997677632820087865e+02
4.708333333333331261e+00 -9.973981627378989288e+02
4.716666666666664121e+00 -9.965902751710573284e+02
4.729166666666663410e+00 -9.966481407895389566e+02
4.741666666666663588e+00 -9.947810481643496132e+02
4.754166666666663765e+00 -9.959147219718671522e+02
4.762499999999996625e+00 -9.962706561999719952e+02
4.774999999999996803e+00 -9.962111788654768816e+02
4.787499999999996980e+00 -9.988936873455949126e+02
4.795833333333329840e+00 -9.999338242204665903e+02
4.808333333333330017e+00 -1.000266447018243298e+03
4.820833333333329307e+00 -1.002730535009073947e+03
4.833333333333330373e+00 -1.002711563500558213e+03
4.841666666666663232e+00 -1.003507766305258656e+03
4.854166666666662522e+00 -1.005888940709655117e+03
4.866666666666663588e+00 -1.005923336418749500e+03
4.879166666666662877e+00 -1.008079449950600520e+03
4.887499999999995737e+00 -1.008449587544862084e+03
4.899999999999996803e+00 -1.007358212526081275e+03
4.912499999999996092e+00 -1.007950080371239778e+03
4.920833333333328952e+00 -1.007221430077816194e+03
4.933333333333329129e+00 -1.004701562348028347e+03
4.945833333333329307e+00 -1.004392457118764924e+03
4.958333333333329485e+00 -1.001873223613750838e+03
4.966666666666662344e+00 -1.001210097862393241e+03
4.979166666666663410e+00 -1.001805117728934874e+03
4.991666666666662699e+00 -1.000677731061798909e+03
5.012500000000000178e+00 -1.003005563609738488e+03
5.025000000000000355e+00 -1.002879979939693953e+03
5.037500000000000533e+00 -1.005318976944408405e+03
5.045833333333333393e+00 -1.006242667289573774e+03
5.058333333333332682e+00 -1.006718364058950897e+03
5.070833333333333748e+00 -1.009851777310089119e+03
5.083333333333333925e+00 -1.010889088557316086e+03
5.091666666666666785e+00 -1.012429763114165098e+03
5.104166666666666963e+00 -1.015686342181117311e+03
5.116666666666667140e+00 -1.016069826027691306e+03
5.125000000000000000e+00 -1.016706130736436648e+03
5.137499999999999289e+00 -1.018071988468809536e+03
5.150000000000000355e+00 -1.016315354154472288e+03
5.162500000000000533e+00 -1.016363760274807760e+03
5.170833333333333393e+00 -1.015461052364108582e+03
5.183333333333333570e+00 -1.013046986070208277e+03
5.195833333333333748e+00 -1.013282269208462253e+03
5.208333333333333925e+00 -1.011615066140937984e+03
5.216666666666666785e+00 -1.011572863959064193e+03
5.229166666666666963e+00 -1.012949002792577403e+03
5.241666666666667140e+00 -1.012245995633024677e+03
5.250000000000000000e+00 -1.012686071025450246e+03
5.262500000000000178e+00 -1.014553834344515053e+03
5.275000000000000355e+00 -1.014194846718934969e+03
5.287499999999999645e+00 -1.016391343459374752e+03
5.295833333333332504e+00 -1.017189471019990378e+03
5.308333333333333570e+00 -1.017430622866256499e+03
5.320833333333332860e+00 -1.020100440931808293e+03
5.333333333333333037e+00 -1.020322338129599530e+03
5.341666666666666785e+00 -1.021113242164068879e+03
5.354166666666666075e+00 -1.023014556556560819e+03
5.366666666666666252e+00 -1.021963998716349920e+03
5.379166666666665542e+00 -1.022638247369337364e+03
5.387499999999999289e+00 -1.021969368348572630e+03
5.399999999999999467e+00 -1.019506166741118932e+03
5.412499999999998757e+00 -1.019197146577930994e+03
5.420833333333332504e+00 -1.018204955026135167e+03
5.433333333333332682e+00 -1.015806557679975867e+03
5.445833333333331971e+00 -1.016122401874227080e+03
5.458333333333332149e+00 -1.014414462756063244e+03
5.466666666666665897e+00 -1.014207184726417154e+03
5.479166666666665186e+00 -1.015147873932844959e+03
5.491666666666665364e+00 -1.013880744436757936e+03
5.504166666666664653e+00 -1.015138604351481263e+03
5.512499999999998401e+00 -1.015295470441903831e+03
5.524999999999998579e+00 -1.014607582778815186e+03
5.537499999999997868e+00 -1.016449529399446419e+03
5.545833333333331616e+00 -1.016913846201829301e+03
5.558333333333331794e+00 -1.016445097010487075e+03
5.570833333333331083e+00 -1.018130478564454506e+03
5.583333333333331261e+00 -1.017161759980808483e+03
5.591666666666665009e+00 -1.017145838581969883e+03
5.604166666666664298e+00 -1.018031031712716072e+03
5.616666666666664476e+00 -1.016404256111175073e+03
5.629166666666664653e+00 -1.017099400220896200e+03
5.637499999999997513e+00 -1.016809370243191665e+03
5.649999999999997691e+00 -1.015406408980174433e+03
5.662499999999996980e+00 -1.016557514797016665e+03
5.670833333333330728e+00 -1.016612223398347055e+03
5.683333333333330906e+00 -1.015649511752643434e+03
5.695833333333330195e+00 -1.017050707334200183e+03
5.708333333333331261e+00 -1.016098023015284525e+03
5.716666666666664121e+00 -1.016290289162436693e+03
5.729166666666663410e+00 -1.017780231508643055e+03
5.741666666666663588e+00 -1.017048999539163560e+03
5.754166666666663765e+00 -1.018779639424436368e+03
5.762499999999996625e+00 -1.019140352394282786e+03
5.774999999999996803e+00 -1.018458052811997277e+03
5.787499999999996980e+00 -1.019865389158460061e+03
5.795833333333329840e+00 -1.019812897230755766e+03
5.808333333333330017e+00 -1.018331731770005490e+03
5.820833333333330195e+00 -1.018882803826005897e+03
5.833333333333330373e+00 -1.016841527422038553e+03
5.841666666666663232e+00 -1.016206297726837875e+03
5.854166666666662522e+00 -1.016344829527965430e+03
5.866666666666663588e+00 -1.014175203539495897e+03
5.879166666666662877e+00 -1.014441465935061842e+03
5.887499999999995737e+00 -1.013864773778947097e+03
5.899999999999996803e+00 -1.011947681809609776e+03
5.912499999999996092e+00 -1.012447592199767314e+03
5.920833333333328952e+00 -1.012026143963905611e+03
5.933333333333329129e+00 -1.010424943963000032e+03
5.945833333333329307e+00 -1.011451935345178867e+03
5.958333333333329485e+00 -1.010467814813753648e+03
5.966666666666662344e+00 -1.010789243298004180e+03
5.979166666666662522e+00 -1.012554736133846859e+03
5.991666666666662699e+00 -1.012010431637835154e+03
6.012500000000000178e+00 -1.013923708520879700e+03
6.025000000000000355e+00 -1.012765630810696166e+03
6.037500000000000533e+00 -1.013486089217651397e+03
6.045833333333333393e+00 -1.013017760597623578e+03
6.058333333333332682e+00 -1.011153531963143678e+03
6.070833333333333748e+00 -1.011680889546549906e+03
6.083333333333333925e+00 -1.009881043903975979e+03
6.091666666666666785e+00 -1.009451781624390264e+03
6.104166666666666963e+00 -1.009805617002875465e+03
6.116666666666667140e+00 -1.007572257548453308e+03
6.125000000000000000e+00 -1.006735577883839255e+03
6.137500000000000178e+00 -1.006439142458061156e+03
6.150000000000000355e+00 -1.003721655349062189e+03
6.162500000000000533e+00 -1.003425459109028907e+03
6.170833333333333393e+00 -1.002529435916359716e+03
6.183333333333333570e+00 -1.000260615835543263e+03
6.195833333333333748e+00 -1.000510094761252390e+03
6.208333333333333925e+00 -9.984711311956515374e+02
6.216666666666666785e+00 -9.979151526913348107e+02
6.229166666666666963e+00 -9.982027212020343541e+02
6.241666666666667140e+00 -9.959704083505082508e+02
6.250000000000000000e+00 -9.950646399927180710e+02
6.262500000000000178e+00 -9.946671638792977319e+02
6.275000000000000355e+00 -9.919583132781424410e+02
6.287499999999999645e+00 -9.918111297153679971e+02
6.295833333333333393e+00 -9.910488343500311430e+02
6.308333333333333570e+00 -9.889406392621142459e+02
6.320833333333332860e+00 -9.892812478433263550e+02
6.333333333333333037e+00 -9.872988507398443971e+02
6.341666666666666785e+00 -9.867945799979654566e+02
6.354166666666666075e+00 -9.872396690106698998e+02
6.366666666666666252e+00 -9.855714585108364645e+02
6.379166666666665542e+00 -9.866305027222291528e+02
6.387499999999999289e+00 -9.867637560301207031e+02
6.399999999999999467e+00 -9.861475938679253659e+02
6.412499999999998757e+00 -9.881128614868574687e+02
6.420833333333332504e+00 -9.886357948009188021e+02
6.433333333333332682e+00 -9.881599431979543624e+02
6.445833333333331971e+00 -9.897396114353281291e+02
6.458333333333332149e+00 -9.886615832313730152e+02
6.466666666666665897e+00 -9.886286891145173286e+02
6.479166666666665186e+00 -9.896549164372472660e+02
6.491666666666665364e+00 -9.884239189768402412e+02
6.504166666666664653e+00 -9.896872665904152200e+02
6.512499999999998401e+00 -9.897696134206348688e+02
6.524999999999998579e+00 -9.887368291174434489e+02
6.537499999999997868e+00 -9.898805324665537455e+02
6.545833333333331616e+00 -9.897033968012677860e+02
6.558333333333331794e+00 -9.881504598480731829e+02
6.570833333333331083e+00 -9.888461843628186898e+02
6.583333333333331261e+00 -9.872354033736615975e+02
6.591666666666665009e+00 -9.870569581449683483e+02
6.604166666666664298e+00 -9.880903347203109206e+02
6.616666666666664476e+00 -9.869550368096624879e+02
6.629166666666664653e+00 -9.882349880843780738e+02
6.637499999999997513e+00 -9.882408844845009526e+02
6.649999999999997691e+00 -9.869543129705799629e+02
6.662499999999996980e+00 -9.877340324900980022e+02
6.670833333333330728e+00 -9.873118127815413345e+02
6.683333333333330906e+00 -9.854764212007374908e+02
6.695833333333330195e+00 -9.860672784195766098e+02
6.708333333333331261e+00 -9.845561764824741431e+02
6.716666666666664121e+00 -9.845338600366757191e+02
6.729166666666663410e+00 -9.858613319551852783e+02
6.741666666666664476e+00 -9.850077876897527176e+02
6.754166666666663765e+00 -9.865213362621400393e+02
6.762499999999996625e+00 -9.866848197223587249e+02
6.774999999999996803e+00 -9.857452725875941724e+02
6.787499999999996980e+00 -9.871523510704325872e+02
6.795833333333329840e+00 -9.873500979588836799e+02
6.808333333333330017e+00 -9.867081768820836487e+02
6.820833333333330195e+00 -9.886509152415645758e+02
6.833333333333330373e+00 -9.884185252163721316e+02
6.841666666666663232e+00 -9.890964738690490776e+02
6.854166666666662522e+00 -9.911372084924223600e+02
6.866666666666663588e+00 -9.905655112824321122e+02
6.879166666666662877e+00 -9.920025326390777991e+02
6.887499999999995737e+00 -9.919769711903111329e+02
6.899999999999996803e+00 -9.906323423626472504e+02
6.912499999999996092e+00 -9.915302839506510963e+02
6.920833333333328952e+00 -9.913262775690494664e+02
6.933333333333329129e+00 -9.899672505059974128e+02
6.945833333333329307e+00 -9.910336622721434878e+02
6.958333333333329485e+00 -9.897703307525406444e+02
6.966666666666662344e+00 -9.897165546975135157e+02
6.979166666666663410e+00 -9.907220616497917263e+02
6.991666666666662699e+00 -9.893727326657683534e+02
7.012500000000000178e+00 -9.904489675358528302e+02
7.025000000000000355e+00 -9.896198937234346431e+02
7.037500000000000533e+00 -9.917635457853805292e+02
7.045833333333333393e+00 -9.926584224158970073e+02
7.058333333333333570e+00 -9.931214345034974258e+02
7.070833333333333748e+00 -9.960160614680496565e+02
7.083333333333333925e+00 -9.964633956377361983e+02
7.091666666666666785e+00 -9.974729805590728802e+02
7.104166666666666963e+00 -9.999667596484985097e+02
7.116666666666667140e+00 -9.999825159555886103e+02
7.125000000000000000e+00 -1.000746888015753143e+03
7.137500000000000178e+00 -1.002930940987549548e+03
7.150000000000000355e+00 -1.002651480132441293e+03
7.162500000000000533e+00 -1.004581390210970653e+03
7.170833333333333393e+00 -1.004990177723733723e+03
7.183333333333333570e+00 -1.004364397289245062e+03
7.195833333333333748e+00 -1.005933492254508565e+03
7.208333333333333925e+00 -1.005029426582212295e+03
7.216666666666667673e+00 -1.005193353741455212e+03
7.229166666666666963e+00 -1.006539220662898970e+03
7.241666666666667140e+00 -1.005686615373425866e+03
7.250000000000000000e+00 -1.006119897838106795e+03
7.262500000000000178e+00 -1.008123587319459148e+03
7.275000000000000355e+00 -1.007949467562005452e+03
7.287499999999999645e+00 -1.010178084101530203e+03
7.295833333333333393e+00 -1.010846075275310568e+03
7.308333333333333570e+00 -1.010653915837833210e+03
7.320833333333332860e+00 -1.012690907997388081e+03
7.333333333333333037e+00 -1.012253883069765607e+03
7.341666666666666785e+00 -1.012691473715368147e+03
7.354166666666666075e+00 -1.014313042826280025e+03
7.366666666666666252e+00 -1.013353101083519050e+03
7.379166666666665542e+00 -1.014465457753913938e+03
7.387499999999999289e+00 -1.014233569150884136e+03
7.399999999999999467e+00 -1.012535122591891536e+03
7.412499999999998757e+00 -1.012974952092536910e+03
7.420833333333332504e+00 -1.012397353492977686e+03
7.433333333333332682e+00 -1.010398002976960015e+03
7.445833333333331971e+00 -1.010805930477722654e+03
7.458333333333332149e+00 -1.008975196807666862e+03
7.466666666666665897e+00 -1.008640312004925818e+03
7.479166666666665186e+00 -1.009406983129415039e+03
7.491666666666665364e+00 -1.008014463986511032e+03
7.504166666666664653e+00 -1.009138474512145308e+03
7.512499999999998401e+00 -1.009151413530793889e+03
7.524999999999998579e+00 -1.008107317494761787e+03
7.537499999999997868e+00 -1.009418413724052471e+03
7.545833333333331616e+00 -1.009467516190475180e+03
7.558333333333331794e+00 -1.008405761385150527e+03
7.570833333333331083e+00 -1.009709002569743234e+03
7.583333333333331261e+00 -1.008709604734554432e+03
7.591666666666665009e+00 -1.008887157145468677e+03
7.604166666666664298e+00 -1.010344214253320615e+03
7.616666666666664476e+00 -1.009528270729518681e+03
7.629166666666664653e+00 -1.011104218319886627e+03
7.637499999999997513e+00 -1.011345839658359409e+03
7.649999999999997691e+00 -1.010546936599522041e+03
7.662499999999997868e+00 -1.012025569247480462e+03
7.670833333333330728e+00 -1.012167684261043405e+03
7.683333333333330906e+00 -1.011219086194495389e+03
7.695833333333330195e+00 -1.012581504078557487e+03
7.708333333333331261e+00 -1.011584511672335566e+03
7.716666666666664121e+00 -1.011733708000354341e+03
7.729166666666663410e+00 -1.013083349152611504e+03
7.741666666666664476e+00 -1.012052125887828311e+03
7.754166666666663765e+00 -1.013311608299642671e+03
7.762499999999996625e+00 -1.013312336870764057e+03
7.774999999999996803e+00 -1.012159964127312946e+03
7.787499999999996980e+00 -1.013339732935353481e+03
7.795833333333329840e+00 -1.013325803730680718e+03
7.808333333333330017e+00 -1.012206575133319689e+03
7.820833333333331083e+00 -1.013440537776754468e+03
7.833333333333329485e+00 -1.012287725097757402e+03
7.841666666666663232e+00 -1.012285455348372466e+03
7.854166666666663410e+00 -1.013334614417898251e+03
7.866666666666662699e+00 -1.011965598316542469e+03
7.879166666666662877e+00 -1.012915878540657218e+03
7.887499999999996625e+00 -1.012742996056701827e+03
7.899999999999995914e+00 -1.011375502653333115e+03
7.912499999999996092e+00 -1.012365505719476118e+03
7.920833333333329840e+00 -1.012219080089202976e+03
7.933333333333329129e+00 -1.010869042655164776e+03
7.945833333333329307e+00 -1.011810327226444770e+03
7.958333333333329485e+00 -1.010286510902679538e+03
7.966666666666661456e+00 -1.010002289025886853e+03
7.979166666666662522e+00 -1.010617663247837299e+03
7.991666666666662699e+00 -1.008865127254556228e+03
8.012500000000001066e+00 -1.009327290081904380e+03
8.025000000000000355e+00 -1.007975774179894415e+03
8.037499999999999645e+00 -1.009152519671948539e+03
8.045833333333334281e+00 -1.009244877140799758e+03
8.058333333333333570e+00 -1.008420356417078892e+03
8.070833333333334636e+00 -1.010079366405257133e+03
8.083333333333332149e+00 -1.009463135248725166e+03
8.091666666666666785e+00 -1.009877219873651029e+03
8.104166666666667851e+00 -1.011613563068002918e+03
8.116666666666665364e+00 -1.010922057261834993e+03
8.125000000000000000e+00 -1.011177756580265964e+03
8.137500000000001066e+00 -1.012502546109015043e+03
8.150000000000000355e+00 -1.011232643551666342e+03
8.162499999999999645e+00 -1.012028362357813421e+03
8.170833333333334281e+00 -1.011590695713484024e+03
8.183333333333333570e+00 -1.009569961684515761e+03
8.195833333333332860e+00 -1.009624918286730235e+03
8.208333333333333925e+00 -1.007127759176661016e+03
8.216666666666666785e+00 -1.006205165287219074e+03
8.229166666666667851e+00 -1.005937155934817042e+03
8.241666666666665364e+00 -1.003318649577397764e+03
8.250000000000000000e+00 -1.002343419368918831e+03
8.262500000000001066e+00 -1.002043445602501606e+03
8.274999999999998579e+00 -9.995596476355020741e+02
8.287499999999999645e+00 -9.997014191043205074e+02
8.295833333333334281e+00 -9.991955630658817427e+02
8.308333333333331794e+00 -9.976547944810486115e+02
8.320833333333332860e+00 -9.988487569032396323e+02
8.333333333333333925e+00 -9.980100810130256832e+02
8.341666666666665009e+00 -9.983937611163581778e+02
8.354166666666666075e+00 -1.000240867587924868e+03
8.366666666666667140e+00 -9.998777343426498874e+02
8.379166666666666430e+00 -1.001935310908624388e+03
8.387499999999999289e+00 -1.002485749870595555e+03
8.400000000000000355e+00 -1.002085533782968469e+03
8.412499999999999645e+00 -1.003834819995304656e+03
8.420833333333332504e+00 -1.004048629448820293e+03
8.433333333333331794e+00 -1.002980945001606642e+03
8.445833333333332860e+00 -1.003913472719801803e+03
8.458333333333332149e+00 -1.002188757847251622e+03
8.466666666666665009e+00 -1.001717125437407844e+03
8.479166666666666075e+00 -1.002023920456088717e+03
8.491666666666665364e+00 -9.999691310607254309e+02
8.504166666666664653e+00 -1.000384540205549456e+03
8.512499999999999289e+00 -9.999895326881618303e+02
8.524999999999998579e+00 -9.985425774189415051e+02
8.537499999999997868e+00 -9.997508393070378361e+02
8.545833333333332504e+00 -9.998847975344486940e+02
8.558333333333331794e+00 -9.991244279473066854e+02
8.570833333333331083e+00 -1.000851317372117364e+03
8.583333333333332149e+00 -1.000271738218244309e+03
8.591666666666665009e+00 -1.000669716097434730e+03
8.604166666666664298e+00 -1.002321491971662454e+03
8.616666666666665364e+00 -1.001527984694723841e+03
8.629166666666664653e+00 -1.002985491977213769e+03
8.637499999999997513e+00 -1.003095718695595224e+03
8.649999999999998579e+00 -1.002043222998935335e+03
8.662499999999997868e+00 -1.003183498506080582e+03
8.670833333333330728e+00 -1.003025287074391258e+03
8.683333333333331794e+00 -1.001451991972535552e+03
8.695833333333331083e+00 -1.001911875864478134e+03
8.708333333333330373e+00 -9.997251394475736106e+02
8.716666666666665009e+00 -9.989734705276356408e+02
8.729166666666664298e+00 -9.989654815209016760e+02
8.741666666666663588e+00 -9.967785693073091124e+02
8.754166666666662877e+00 -9.972771283422953275e+02
8.762499999999997513e+00 -9.970352400249888660e+02
8.774999999999996803e+00 -9.958922153214762147e+02
8.787499999999996092e+00 -9.974331965058985361e+02
8.795833333333330728e+00 -9.977838571480149312e+02
8.808333333333330017e+00 -9.972968790788575006e+02
8.820833333333329307e+00 -9.992038188946613673e+02
8.833333333333330373e+00 -9.987544712884466662e+02
8.841666666666663232e+00 -9.992475295915714923e+02
8.854166666666662522e+00 -1.001097964989525508e+03
8.866666666666663588e+00 -1.000606314646671308e+03
8.879166666666662877e+00 -1.002475004914033320e+03
8.887499999999995737e+00 -1.002896178950432272e+03
8.899999999999996803e+00 -1.002306850680176353e+03
8.912499999999996092e+00 -1.003849387019148139e+03
8.920833333333328952e+00 -1.003923191767359526e+03
8.933333333333330017e+00 -1.002713685185330746e+03
8.945833333333329307e+00 -1.003674741882909643e+03
8.958333333333328596e+00 -1.002205201785461554e+03
8.966666666666663232e+00 -1.002043174822260653e+03
8.979166666666662522e+00 -1.003016625684883820e+03
8.991666666666661811e+00 -1.001793981148695934e+03
9.012500000000001066e+00 -1.003122175707704969e+03
9.025000000000002132e+00 -1.001829223317713058e+03
9.037499999999999645e+00 -1.002312309498428249e+03
9.045833333333334281e+00 -1.001550459933736988e+03
9.058333333333335347e+00 -9.989493318321182187e+02
9.070833333333334636e+00 -9.983553242622064090e+02
9.083333333333333925e+00 -9.951279878683728839e+02
9.091666666666668561e+00 -9.936663527317234639e+02
9.104166666666667851e+00 -9.925048017894315535e+02
9.116666666666667140e+00 -9.889419848728348370e+02
9.125000000000001776e+00 -9.873753380673028914e+02
9.137500000000001066e+00 -9.862239012970255772e+02
9.150000000000002132e+00 -9.828639561102827429e+02
9.162499999999999645e+00 -9.820047400812283058e+02
9.170833333333334281e+00 -9.807294385062750735e+02
9.183333333333335347e+00 -9.779068031743869369e+02
9.195833333333332860e+00 -9.777499105588257180e+02
9.208333333333333925e+00 -9.756424676201484090e+02
9.216666666666668561e+00 -9.752991845043769672e+02
9.229166666666667851e+00 -9.763160389559527630e+02
9.241666666666667140e+00 -9.752022591314832880e+02
9.250000000000001776e+00 -9.751452602753586234e+02
9.262500000000001066e+00 -9.760194783893585964e+02
9.275000000000000355e+00 -9.743881141718455865e+02
9.287500000000001421e+00 -9.749671062963753911e+02
9.295833333333334281e+00 -9.744647453904801750e+02
9.308333333333333570e+00 -9.724472658750536311e+02
9.320833333333332860e+00 -9.726128498603624166e+02
9.333333333333333925e+00 -9.703168032423608338e+02
9.341666666666666785e+00 -9.695820996905179072e+02
9.354166666666666075e+00 -9.696801270404540674e+02
9.366666666666667140e+00 -9.676203299541000433e+02
9.379166666666668206e+00 -9.681474039744138054e+02
9.387499999999999289e+00 -9.678119870779232770e+02
9.400000000000000355e+00 -9.663577856989109023e+02
9.412500000000001421e+00 -9.674583883822842836e+02
9.420833333333332504e+00 -9.674917474340011267e+02
9.433333333333333570e+00 -9.665415547072614117e+02
9.445833333333334636e+00 -9.680085991334045730e+02
9.458333333333332149e+00 -9.671085765623163297e+02
9.466666666666666785e+00 -9.672687752695004519e+02
9.479166666666667851e+00 -9.685287363210946978e+02
9.491666666666665364e+00 -9.673134048236270246e+02
9.504166666666666430e+00 -9.683289488195292734e+02
9.512499999999999289e+00 -9.681455001772636706e+02
9.524999999999998579e+00 -9.666801966638240629e+02
9.537499999999999645e+00 -9.674616055079019361e+02
9.545833333333332504e+00 -9.671169986300828896e+02
9.558333333333331794e+00 -9.654329796418652450e+02
9.570833333333332860e+00 -9.661004276855512671e+02
9.583333333333332149e+00 -9.644847730107956068e+02
9.591666666666665009e+00 -9.642894758069410273e+02
9.604166666666666075e+00 -9.652934446349471500e+02
9.616666666666665364e+00 -9.642094679517983877e+02
9.629166666666666430e+00 -9.657441528754620776e+02
9.637499999999999289e+00 -9.660922649220540279e+02
9.649999999999998579e+00 -9.656356484192950802e+02
9.662499999999999645e+00 -9.676080569099137847e+02
9.670833333333332504e+00 -9.681147797240107593e+02
9.683333333333331794e+00 -9.676986354322494890e+02
9.695833333333332860e+00 -9.695149937852360154e+02
9.708333333333330373e+00 -9.688542948696082249e+02
9.716666666666665009e+00 -9.691625033521034993e+02
9.729166666666666075e+00 -9.706806150677826963e+02
9.741666666666663588e+00 -9.697666068921478200e+02
9.754166666666664653e+00 -9.710991279828292591e+02
9.762499999999999289e+00 -9.711094180320250189e+02
9.774999999999996803e+00 -9.698752934965115173e+02
9.787499999999997868e+00 -9.708233486669921604e+02
9.795833333333332504e+00 -9.705691445443306975e+02
9.808333333333330017e+00 -9.689921602112988239e+02
9.820833333333331083e+00 -9.697295692901651591e+02
9.833333333333330373e+00 -9.681495530612321545e+02
9.841666666666663232e+00 -9.679419719415636791e+02
9.854166666666664298e+00 -9.688332356562806353e+02
9.866666666666663588e+00 -9.674819028612741931e+02
9.879166666666664653e+00 -9.685768870613271702e+02
9.887499999999997513e+00 -9.685403687272548723e+02
9.899999999999996803e+00 -9.673958707743925061e+02
9.912499999999997868e+00 -9.685980419504757037e+02
9.920833333333330728e+00 -9.685783048092076797e+02
9.933333333333330017e+00 -9.673999627446272598e+02
9.945833333333331083e+00 -9.685190674411899181e+02
9.958333333333328596e+00 -9.672272856625538680e+02
9.966666666666663232e+00 -9.671487763132570308e+02
9.979166666666664298e+00 -9.681614270370528175e+02
9.991666666666661811e+00 -9.668962953734885559e+02
1.001250000000000107e+01 -9.682449698492156358e+02
1.002500000000000036e+01 -9.670838790475546602e+02
1.003749999999999964e+01 -9.676582559828310650e+02
1.004583333333333428e+01 -9.669572993036512116e+02
1.005833333333333357e+01 -9.644631014164517637e+02
1.007083333333333464e+01 -9.639952152966653784e+02
1.008333333333333215e+01 -9.608897308636127264e+02
1.009166666666666679e+01 -9.594749648158295940e+02
1.010416666666666785e+01 -9.582958146496573590e+02
1.011666666666666536e+01 -9.545934202972655385e+02
1.012500000000000000e+01 -9.528578216118889941e+02
1.013750000000000107e+01 -9.513239971843623835e+02
1.015000000000000036e+01 -9.474003754991656479e+02
1.016249999999999964e+01 -9.457885223370196854e+02
1.017083333333333428e+01 -9.439047924417426429e+02
1.018333333333333357e+01 -9.400305681606091639e+02
1.019583333333333286e+01 -9.386995593113197174e+02
1.020833333333333393e+01 -9.353518346349154626e+02
1.021666666666666679e+01 -9.341832077473909521e+02
1.022916666666666785e+01 -9.340393250067266990e+02
1.024166666666666714e+01 -9.317857163059464938e+02
1.025000000000000000e+01 -9.309011969953429571e+02
1.026250000000000107e+01 -9.305108972546606765e+02
1.027499999999999858e+01 -9.277179623090589757e+02
1.028749999999999964e+01 -9.273794815833866778e+02
1.029583333333333428e+01 -9.264450153966463404e+02
1.030833333333333179e+01 -9.240516744675895779e+02
1.032083333333333286e+01 -9.241355903912891563e+02
1.033333333333333393e+01 -9.219953467348900631e+02
1.034166666666666501e+01 -9.214542016912186000e+02
1.035416666666666607e+01 -9.218914014941751702e+02
1.036666666666666714e+01 -9.201279635867974775e+02
1.037916666666666643e+01 -9.208254011987179410e+02
1.038749999999999929e+01 -9.205039145620748968e+02
1.040000000000000036e+01 -9.189022910873330829e+02
1.041249999999999964e+01 -9.196906106834547927e+02
1.042083333333333250e+01 -9.194612729775618618e+02
1.043333333333333179e+01 -9.180947252527136015e+02
1.044583333333333286e+01 -9.191831926164862807e+02
1.045833333333333215e+01 -9.179784635388408560e+02
1.046666666666666501e+01 -9.179857032589773098e+02
1.047916666666666607e+01 -9.191267513728078029e+02
1.049166666666666536e+01 -9.179914259524414319e+02
1.050416666666666465e+01 -9.193357328646059159e+02
1.051249999999999929e+01 -9.195050596122327988e+02
1.052499999999999858e+01 -9.187298120489298299e+02
1.053749999999999787e+01 -9.203452590181199184e+02
1.054583333333333250e+01 -9.206029061354461192e+02
1.055833333333333179e+01 -9.198266503523636857e+02
1.057083333333333108e+01 -9.213303396991033196e+02
1.058333333333333215e+01 -9.203938261343088243e+02
1.059166666666666501e+01 -9.205169974476899597e+02
1.060416666666666430e+01 -9.217248261325430576e+02
1.061666666666666536e+01 -9.204475641727372022e+02
1.062916666666666465e+01 -9.213795333701278878e+02
1.063749999999999751e+01 -9.211263137895891759e+02
1.064999999999999858e+01 -9.195311473886711156e+02
1.066249999999999787e+01 -9.201440504136485288e+02
1.067083333333333073e+01 -9.196592339426938452e+02
1.068333333333333179e+01 -9.177076662822015578e+02
1.069583333333333108e+01 -9.180483903851464902e+02
1.070833333333333037e+01 -9.161038429299640029e+02
1.071666666666666501e+01 -9.157150954940190104e+02
1.072916666666666430e+01 -9.164767006035116310e+02
1.074166666666666359e+01 -9.151864766009682626e+02
1.075416666666666288e+01 -9.165364539193901692e+02
1.076249999999999751e+01 -9.167726721504917577e+02
1.077499999999999680e+01 -9.161716388501459960e+02
1.078749999999999609e+01 -9.180636078466834533e+02
1.079583333333333073e+01 -9.185797922372846642e+02
1.080833333333333002e+01 -9.182916984255255102e+02
1.082083333333332931e+01 -9.203528152557702242e+02
1.083333333333333037e+01 -9.199924012841537433e+02
1.084166666666666323e+01 -9.204878717546789630e+02
1.085416666666666252e+01 -9.222219251228824533e+02
1.086666666666666359e+01 -9.214394311658684273e+02
1.087916666666666288e+01 -9.228403366093474460e+02
1.088749999999999574e+01 -9.228812233009059582e+02
1.089999999999999680e+01 -9.217207058854224897e+02
1.091249999999999609e+01 -9.228418923093604462e+02
1.092083333333332895e+01 -9.227872764914833397e+02
1.093333333333333002e+01 -9.216459956915177827e+02
1.094583333333332931e+01 -9.229324695302581176e+02
1.095833333333332860e+01 -9.219098478166519044e+02
1.096666666666666323e+01 -9.220329127601260097e+02
1.097916666666666252e+01 -9.233201963405650758e+02
1.099166666666666359e+01 -9.222420864318343092e+02
1.101249999999999929e+01 -9.236226837739551456e+02
1.102500000000000036e+01 -9.224971733117935173e+02
1.103749999999999787e+01 -9.234404926076277889e+02
1.104583333333333250e+01 -9.231134931758538187e+02
1.105833333333333357e+01 -9.212947155301799285e+02
1.107083333333333286e+01 -9.215783115529408178e+02
1.108333333333333215e+01 -9.192879031580392848e+02
1.109166666666666679e+01 -9.184572061772818188e+02
1.110416666666666607e+01 -9.182035527302720084e+02
1.111666666666666536e+01 -9.154478813561911466e+02
1.112500000000000000e+01 -9.143363595210685162e+02
1.113749999999999929e+01 -9.137253263604490030e+02
1.115000000000000036e+01 -9.107661416915184418e+02
1.116249999999999964e+01 -9.102612833356312194e+02
1.117083333333333250e+01 -9.092345887532620736e+02
1.118333333333333357e+01 -9.068121427903623726e+02
1.119583333333333108e+01 -9.070334142601575422e+02
1.120833333333333215e+01 -9.051900501215933446e+02
1.121666666666666679e+01 -9.049342722435216047e+02
1.122916666666666607e+01 -9.059453365456715801e+02
1.124166666666666536e+01 -9.047355028497051990e+02
1.125000000000000000e+01 -9.046295060725492476e+02
1.126249999999999929e+01 -9.054486561293232398e+02
1.127499999999999858e+01 -9.038039863131108405e+02
1.128749999999999964e+01 -9.044621112222897636e+02
1.129583333333333250e+01 -9.040984582712924293e+02
1.130833333333333179e+01 -9.024412409223079976e+02
1.132083333333333286e+01 -9.031405892574271093e+02
1.133333333333333215e+01 -9.014691102909019946e+02
1.134166666666666501e+01 -9.011347172683922508e+02
1.135416666666666430e+01 -9.017163548482501483e+02
1.136666666666666536e+01 -8.999612911561704323e+02
1.137916666666666643e+01 -9.006679646672808985e+02
1.138749999999999751e+01 -9.004230919800857009e+02
1.139999999999999858e+01 -8.990894551312093199e+02
1.141249999999999964e+01 -9.002829850453575773e+02
1.142083333333333073e+01 -9.003415427845321801e+02
1.143333333333333179e+01 -8.993424465633946738e+02
1.144583333333333286e+01 -9.006432695192577285e+02
1.145833333333333037e+01 -8.994544193925927402e+02
1.146666666666666501e+01 -8.993610256603448079e+02
1.147916666666666607e+01 -9.001904605866355951e+02
1.149166666666666359e+01 -8.985355849150172389e+02
1.150416666666666465e+01 -8.991504791988546685e+02
1.151249999999999929e+01 -8.987312111528859759e+02
1.152499999999999680e+01 -8.969743835175225968e+02
1.153749999999999787e+01 -8.975819181639303679e+02
1.154583333333333073e+01 -8.971978288241189148e+02
1.155833333333333002e+01 -8.955442851752584374e+02
1.157083333333333108e+01 -8.962975558773509874e+02
1.158333333333333037e+01 -8.947777089642071360e+02
1.159166666666666323e+01 -8.946449207272087278e+02
1.160416666666666430e+01 -8.957482802501525612e+02
1.161666666666666359e+01 -8.947905294328382979e+02
1.162916666666666465e+01 -8.964996474636859602e+02
1.163749999999999751e+01 -8.969889593341646332e+02
1.164999999999999680e+01 -8.967516304476471305e+02
1.166249999999999787e+01 -8.989069527454911395e+02
1.167083333333333073e+01 -8.994985679519223822e+02
1.168333333333333002e+01 -8.991504535129845408e+02
1.169583333333333108e+01 -9.009699878988251385e+02
1.170833333333332860e+01 -9.002403290833857454e+02
1.171666666666666323e+01 -9.004478480567876204e+02
1.172916666666666430e+01 -9.017132865915295952e+02
1.174166666666666181e+01 -9.004336971084260313e+02
1.175416666666666288e+01 -9.013481477574700875e+02
1.176249999999999751e+01 -9.010981284911191551e+02
1.177499999999999503e+01 -8.995697407826563676e+02
1.178749999999999609e+01 -9.003853809953961900e+02
1.179583333333333073e+01 -9.001372533026035399e+02
1.180833333333332824e+01 -8.986884765725249054e+02
1.182083333333332931e+01 -8.996610909948886956e+02
1.183333333333332860e+01 -8.984041972226644930e+02
1.184166666666666146e+01 -8.984603318305795483e+02
1.185416666666666252e+01 -8.998071443672404257e+02
1.186666666666666181e+01 -8.989565520136210353e+02
1.187916666666666288e+01 -9.005629146759118839e+02
1.188749999999999574e+01 -9.008584995528173067e+02
1.189999999999999503e+01 -9.001949313905948884e+02
1.191249999999999609e+01 -9.018709609581243285e+02
1.192083333333332895e+01 -9.021679329270965582e+02
1.193333333333332824e+01 -9.014491551546490200e+02
1.194583333333332931e+01 -9.029590689118374485e+02
1.195833333333332860e+01 -9.019232212404237998e+02
1.196666666666666146e+01 -9.019147280108055611e+02
1.197916666666666252e+01 -9.028684788118825963e+02
1.199166666666666003e+01 -9.013635772434590763e+02
1.201250000000000107e+01 -9.019957490514335632e+02
1.202500000000000036e+01 -9.006782976286802977e+02
1.203749999999999964e+01 -9.020188093994535166e+02
1.204583333333333428e+01 -9.022628743172972463e+02
1.205833333333333357e+01 -9.017240406613215100e+02
1.207083333333333464e+01 -9.037610094161593679e+02
1.208333333333333393e+01 -9.036445869748965833e+02
1.209166666666666679e+01 -9.044628309956235626e+02
1.210416666666666785e+01 -9.068955930517718116e+02
1.211666666666666536e+01 -9.069600760039359102e+02
1.212500000000000000e+01 -9.077356314176186061e+02
1.213750000000000107e+01 -9.098544513836383203e+02
1.215000000000000036e+01 -9.093877196806341772e+02
1.216249999999999964e+01 -9.110452386913236751e+02
1.217083333333333428e+01 -9.112436404234700831e+02
1.218333333333333357e+01 -9.102643639929522124e+02
1.219583333333333286e+01 -9.113900917268102830e+02
1.220833333333333393e+01 -9.098879672110961110e+02
1.221666666666666679e+01 -9.095531614688767377e+02
1.222916666666666785e+01 -9.100200493065634646e+02
1.224166666666666714e+01 -9.080605360598807465e+02
1.225000000000000000e+01 -9.075789379984086054e+02
1.226250000000000107e+01 -9.080597966001563464e+02
1.227499999999999858e+01 -9.063557723766137997e+02
1.228749999999999964e+01 -9.072175184541251838e+02
1.229583333333333428e+01 -9.071192315600363827e+02
1.230833333333333179e+01 -9.060304743142642110e+02
1.232083333333333286e+01 -9.074538336444569495e+02
1.233333333333333393e+01 -9.065642215563868831e+02
1.234166666666666501e+01 -9.067312311550336972e+02
1.235416666666666607e+01 -9.079713574035359898e+02
1.236666666666666714e+01 -9.067215041549627585e+02
1.237916666666666643e+01 -9.077858504617406652e+02
1.238749999999999929e+01 -9.077081597533948525e+02
1.240000000000000036e+01 -9.065068263350607367e+02
1.241249999999999964e+01 -9.076481469533512154e+02
1.242083333333333250e+01 -9.075550165559390052e+02
1.243333333333333357e+01 -9.061677806126810992e+02
1.244583333333333286e+01 -9.069501939551245187e+02
1.245833333333333215e+01 -9.052397705642633809e+02
1.246666666666666501e+01 -9.048761465509476238e+02
1.247916666666666607e+01 -9.055163986317136278e+02
1.249166666666666536e+01 -9.039960473267832413e+02
1.250416666666666465e+01 -9.050615470930367792e+02
1.251249999999999929e+01 -9.050862056240589482e+02
1.252499999999999858e+01 -9.041515017855366523e+02
1.253749999999999787e+01 -9.056817001026724938e+02
1.254583333333333250e+01 -9.059184095928426359e+02
1.255833333333333179e+01 -9.051440323041115334e+02
1.257083333333333108e+01 -9.066616531312059806e+02
1.258333333333333215e+01 -9.057583323709555998e+02
1.259166666666666501e+01 -9.059416649284722780e+02
1.260416666666666430e+01 -9.073515826643506443e+02
1.261666666666666536e+01 -9.064681394481776806e+02
1.262916666666666465e+01 -9.080030438908977430e+02
1.263749999999999751e+01 -9.082369814396977290e+02
1.264999999999999858e+01 -9.074201561826558873e+02
1.266249999999999787e+01 -9.088037650788584187e+02
1.267083333333333073e+01 -9.088170372004083220e+02
1.268333333333333179e+01 -9.075884712431106891e+02
1.269583333333333108e+01 -9.086065663646264738e+02
1.270833333333333037e+01 -9.072367513847921145e+02
1.271666666666666501e+01 -9.071260708243574982e+02
1.272916666666666430e+01 -9.080847517915325398e+02
1.274166666666666359e+01 -9.067173883635233551e+02
1.275416666666666288e+01 -9.077648628164917000e+02
1.276249999999999751e+01 -9.077153062205843526e+02
1.277499999999999680e+01 -9.066285150558796886e+02
1.278749999999999609e+01 -9.080101015487773566e+02
1.279583333333333073e+01 -9.081705685937778298e+02
1.280833333333333002e+01 -9.073130524583802980e+02
1.282083333333332931e+01 -9.087816908429700788e+02
1.283333333333333037e+01 -9.078892697085404961e+02
1.284166666666666323e+01 -9.081264781474149004e+02
1.285416666666666252e+01 -9.096916650543894320e+02
1.286666666666666359e+01 -9.090256010101779793e+02
1.287916666666666288e+01 -9.107977798639483353e+02
1.288749999999999574e+01 -9.112012644865807260e+02
1.289999999999999680e+01 -9.107052295966863085e+02
1.291249999999999609e+01 -9.125507908692679848e+02
1.292083333333332895e+01 -9.129517116008343010e+02
1.293333333333333002e+01 -9.123635422186497408e+02
1.294583333333332931e+01 -9.139753455419172496e+02
1.295833333333332860e+01 -9.130258851495922272e+02
1.296666666666666323e+01 -9.130721272581811263e+02
1.297916666666666252e+01 -9.141051084126013393e+02
1.299166666666666181e+01 -9.126713297491648973e+02
1.301250000000000107e+01 -9.133157836596587913e+02
1.302500000000000213e+01 -9.116963785845781558e+02
1.303749999999999964e+01 -9.122240975520575148e+02
1.304583333333333428e+01 -9.116769574251859467e+02
1.305833333333333535e+01 -9.096903757616078110e+02
1.307083333333333464e+01 -9.100852470075535621e+02
1.308333333333333393e+01 -9.082013074020846943e+02
1.309166666666666856e+01 -9.077937156735679309e+02
1.310416666666666785e+01 -9.083710560079321112e+02
1.311666666666666714e+01 -9.066327142029351762e+02
1.312500000000000178e+01 -9.062708957415431996e+02
1.313750000000000107e+01 -9.068273002058069778e+02
1.315000000000000213e+01 -9.049864703205239493e+02
1.316250000000000142e+01 -9.054486627967714867e+02
1.317083333333333428e+01 -9.049479743707796615e+02
1.318333333333333535e+01 -9.030880704712913030e+02
1.319583333333333286e+01 -9.035789406422662751e+02
1.320833333333333393e+01 -9.017623682466256696e+02
1.321666666666666856e+01 -9.014203521778646291e+02
1.322916666666666785e+01 -9.021627898007786825e+02
1.324166666666666714e+01 -9.006177034113155742e+02
1.325000000000000178e+01 -9.003400731065228229e+02
1.326250000000000107e+01 -9.010007980190277976e+02
1.327500000000000036e+01 -8.993678047236704742e+02
1.328750000000000142e+01 -9.002566142264183782e+02
1.329583333333333428e+01 -9.001612533514271490e+02
1.330833333333333357e+01 -8.990476488825596562e+02
1.332083333333333464e+01 -9.004232155090771812e+02
1.333333333333333393e+01 -8.995221363774134034e+02
1.334166666666666679e+01 -8.997314493789701828e+02
1.335416666666666785e+01 -9.011312998952791986e+02
1.336666666666666714e+01 -9.001185488767777088e+02
1.337916666666666821e+01 -9.013836179068568981e+02
1.338749999999999929e+01 -9.013612153320375455e+02
1.340000000000000036e+01 -9.000780673438672466e+02
1.341250000000000142e+01 -9.009518018296167838e+02
1.342083333333333250e+01 -9.006096518714923604e+02
1.343333333333333357e+01 -8.987976586806124715e+02
1.344583333333333464e+01 -8.991240613759836151e+02
1.345833333333333215e+01 -8.969043665397558698e+02
1.346666666666666679e+01 -8.961454642356404747e+02
1.347916666666666785e+01 -8.960757531837375609e+02
1.349166666666666536e+01 -8.937124598290906761e+02
1.350416666666666643e+01 -8.938719184964961642e+02
1.351250000000000107e+01 -8.933078198923382161e+02
1.352499999999999858e+01 -8.915754277022056158e+02
1.353749999999999964e+01 -8.924703704225084948e+02
1.354583333333333250e+01 -8.924066256139278721e+02
1.355833333333333179e+01 -8.914043536476077634e+02
1.357083333333333286e+01 -8.929912236442287394e+02
1.358333333333333215e+01 -8.924422424432821117e+02
1.359166666666666501e+01 -8.929853997902436049e+02
1.360416666666666607e+01 -8.950400985649696395e+02
1.361666666666666536e+01 -8.948284711680023520e+02
1.362916666666666643e+01 -8.969863576452601137e+02
1.363749999999999929e+01 -8.975995473847202675e+02
1.364999999999999858e+01 -8.973153622359664041e+02
1.366249999999999964e+01 -8.992062673924750698e+02
1.367083333333333250e+01 -8.995320303892200400e+02
1.368333333333333179e+01 -8.986827203048111414e+02
1.369583333333333286e+01 -8.999173343750799177e+02
1.370833333333333037e+01 -8.985864145633922817e+02
1.371666666666666501e+01 -8.984245428665290092e+02
1.372916666666666607e+01 -8.992494365018498002e+02
1.374166666666666359e+01 -8.977452987339016772e+02
1.375416666666666465e+01 -8.987067540923301294e+02
1.376249999999999929e+01 -8.986393955862799885e+02
1.377499999999999680e+01 -8.975835373710227714e+02
1.378749999999999787e+01 -8.990631064791898552e+02
1.379583333333333250e+01 -8.993299897300748853e+02
1.380833333333333002e+01 -8.986990460444909559e+02
1.382083333333333108e+01 -9.004600697315516982e+02
1.383333333333333037e+01 -8.998613211684995576e+02
1.384166666666666323e+01 -9.002479582746914275e+02
1.385416666666666430e+01 -9.019120072930677452e+02
1.386666666666666359e+01 -9.011649255573356641e+02
1.387916666666666465e+01 -9.026730922479654282e+02
1.388749999999999751e+01 -9.028020948695295829e+02
1.389999999999999680e+01 -9.017477919957727863e+02
1.391249999999999787e+01 -9.028612128961175358e+02
1.392083333333333073e+01 -9.026934642944246434e+02
1.393333333333333002e+01 -9.011919209462962499e+02
1.394583333333333108e+01 -9.019189173429622315e+02
1.395833333333333037e+01 -9.002355165749105481e+02
1.396666666666666323e+01 -8.999244390372492717e+02
1.397916666666666430e+01 -9.006473094576917902e+02
1.399166666666666181e+01 -8.991575256846422235e+02
1.401250000000000107e+01 -9.001764193664694176e+02
1.402500000000000036e+01 -8.989294988424355779e+02
1.403749999999999964e+01 -8.997542211616394070e+02
1.404583333333333428e+01 -8.993768281745402646e+02
1.405833333333333357e+01 -8.975865420996982493e+02
1.407083333333333464e+01 -8.980679813978806578e+02
1.408333333333333393e+01 -8.961093583985581290e+02
1.409166666666666679e+01 -8.955388478821721492e+02
1.410416666666666785e+01 -8.956853996719178213e+02
1.411666666666666714e+01 -8.932996045879798430e+02
1.412500000000000000e+01 -8.923936617819890671e+02
1.413750000000000107e+01 -8.919903172179657531e+02
1.415000000000000036e+01 -8.890666305637423648e+02
1.416249999999999964e+01 -8.883842684503085820e+02
1.417083333333333428e+01 -8.871212359902400522e+02
1.418333333333333357e+01 -8.841996641396415271e+02
1.419583333333333286e+01 -8.838279905845349731e+02
1.420833333333333393e+01 -8.813928781649750590e+02
1.421666666666666679e+01 -8.807712580068656507e+02
1.422916666666666785e+01 -8.812788030612269949e+02
1.424166666666666714e+01 -8.795747360016856646e+02
1.425000000000000000e+01 -8.791168680984108050e+02
1.426250000000000107e+01 -8.793860157927812224e+02
1.427500000000000036e+01 -8.772069310983222294e+02
1.428749999999999964e+01 -8.773965741271010756e+02
1.429583333333333428e+01 -8.767623754427488620e+02
1.430833333333333179e+01 -8.747532634073396594e+02
1.432083333333333286e+01 -8.751511944641404170e+02
1.433333333333333393e+01 -8.732346152284653726e+02
1.434166666666666501e+01 -8.727746000962126800e+02
1.435416666666666607e+01 -8.732324307665256811e+02
1.436666666666666714e+01 -8.714062859651734243e+02
1.437916666666666643e+01 -8.720243549945655559e+02
1.438749999999999929e+01 -8.716757685771506203e+02
1.440000000000000036e+01 -8.701042219173486956e+02
1.441249999999999964e+01 -8.710223792099717457e+02
1.442083333333333250e+01 -8.709332477560554935e+02
1.443333333333333357e+01 -8.698455934216874539e+02
1.444583333333333286e+01 -8.712720377713520747e+02
1.445833333333333215e+01 -8.704250558315645776e+02
1.446666666666666501e+01 -8.706546198976645883e+02
1.447916666666666607e+01 -8.720462120878017913e+02
1.449166666666666536e+01 -8.709830726284767479e+02
1.450416666666666465e+01 -8.721831716380067974e+02
1.451249999999999929e+01 -8.721545175168920423e+02
1.452499999999999858e+01 -8.709943783727818527e+02
1.453749999999999787e+01 -8.721953769933128342e+02
1.454583333333333250e+01 -8.721922589603407232e+02
1.455833333333333179e+01 -8.710704629281061671e+02
1.457083333333333108e+01 -8.722940042742450260e+02
1.458333333333333215e+01 -8.711605947719185679e+02
1.459166666666666501e+01 -8.712079941844169753e+02
1.460416666666666430e+01 -8.723986411316892600e+02
1.461666666666666536e+01 -8.712460044200926177e+02
1.462916666666666465e+01 -8.724940940512090037e+02
1.463749999999999751e+01 -8.725830726932822472e+02
1.464999999999999858e+01 -8.717202883241018299e+02
1.466249999999999787e+01 -8.733378901601226971e+02
1.467083333333333073e+01 -8.736551342599493637e+02
1.468333333333333179e+01 -8.730105595195213937e+02
1.469583333333333108e+01 -8.746113074712836806e+02
1.470833333333333037e+01 -8.736698532552227334e+02
1.471666666666666501e+01 -8.737244816544792911e+02
1.472916666666666430e+01 -8.747622497968262678e+02
1.474166666666666359e+01 -8.733096661732154189e+02
1.475416666666666288e+01 -8.741442299742482192e+02
1.476249999999999751e+01 -8.738886109102262481e+02
1.477499999999999680e+01 -8.724016774936893626e+02
1.478749999999999609e+01 -8.733098047765370211e+02
1.479583333333333073e+01 -8.731554311096704168e+02
1.480833333333333002e+01 -8.718963794004636156e+02
1.482083333333332931e+01 -8.731016927352717403e+02
1.483333333333333037e+01 -8.720859802992484902e+02
1.484166666666666323e+01 -8.722939253873496455e+02
1.485416666666666252e+01 -8.738590777074696234e+02
1.486666666666666359e+01 -8.732462590524406778e+02
1.487916666666666465e+01 -8.751589430659576010e+02
1.488749999999999574e+01 -8.757193331865105392e+02
1.489999999999999680e+01 -8.755505025387993783e+02
1.491249999999999609e+01 -8.778011770864197842e+02
1.492083333333332895e+01 -8.784895398332018885e+02
1.493333333333333002e+01 -8.783216595462540681e+02
1.494583333333332931e+01 -8.803163901769797803e+02
1.495833333333332860e+01 -8.797029001791180463e+02
1.496666666666666323e+01 -8.799390205190019287e+02
1.497916666666666252e+01 -8.811789690696889465e+02
1.499166666666666359e+01 -8.798230566798804375e+02
1.501249999999999929e+01 -8.803270778517921826e+02
1.502500000000000036e+01 -8.786511447730288182e+02
1.503749999999999964e+01 -8.793627627751867522e+02
1.504583333333333250e+01 -8.790777390933959623e+02
1.505833333333333357e+01 -8.776335884592198227e+02
1.507083333333333286e+01 -8.786526830361410703e+02
1.508333333333333215e+01 -8.773864363229316723e+02
1.509166666666666679e+01 -8.773824132658694452e+02
1.510416666666666607e+01 -8.785865987711175649e+02
1.511666666666666536e+01 -8.775479431676751574e+02
1.512500000000000000e+01 -8.777101564906577096e+02
1.513749999999999929e+01 -8.791256920674292132e+02
1.515000000000000036e+01 -8.781692996845173411e+02
1.516249999999999964e+01 -8.794318149956906154e+02
1.517083333333333250e+01 -8.793610404957220226e+02
1.518333333333333357e+01 -8.779408251416485882e+02
1.519583333333333286e+01 -8.786088866971774678e+02
1.520833333333333215e+01 -8.766976854252615112e+02
1.521666666666666679e+01 -8.761509982619727452e+02
1.522916666666666607e+01 -8.764189521284697548e+02
1.524166666666666536e+01 -8.743320554439077341e+02
1.525000000000000000e+01 -8.737465397917856080e+02
1.526249999999999929e+01 -8.740368258550770406e+02
1.527499999999999858e+01 -8.720795380504578134e+02
1.528749999999999964e+01 -8.726179195734338236e+02
1.529583333333333250e+01 -8.722603315104579451e+02
1.530833333333333179e+01 -8.707331258571438184e+02
1.532083333333333286e+01 -8.717340892798079039e+02
1.533333333333333215e+01 -8.705718990376017246e+02
1.534166666666666501e+01 -8.706946540284103548e+02
1.535416666666666607e+01 -8.720932004685914762e+02
1.536666666666666536e+01 -8.711922243239652062e+02
1.537916666666666643e+01 -8.726198051419432886e+02
1.538749999999999929e+01 -8.727053109924776209e+02
1.539999999999999858e+01 -8.715718091573185120e+02
1.541249999999999964e+01 -8.725943088785260215e+02
1.542083333333333073e+01 -8.723528673796437261e+02
1.543333333333333179e+01 -8.706878981846730312e+02
1.544583333333333286e+01 -8.711476629986798343e+02
1.545833333333333037e+01 -8.690412946557237319e+02
1.546666666666666501e+01 -8.683557451517102663e+02
1.547916666666666607e+01 -8.684111278508867144e+02
1.549166666666666359e+01 -8.661851386417713456e+02
1.550416666666666465e+01 -8.664791476048904997e+02
1.551249999999999929e+01 -8.659995938309716621e+02
1.552499999999999680e+01 -8.643835248390549850e+02
1.553749999999999787e+01 -8.653832071386234475e+02
1.554583333333333250e+01 -8.653846731512682027e+02
1.555833333333333002e+01 -8.644723214706092449e+02
1.557083333333333108e+01 -8.661301015889517885e+02
1.558333333333333037e+01 -8.656338839499056803e+02
1.559166666666666323e+01 -8.662099500935674996e+02
1.560416666666666430e+01 -8.683194428836261523e+02
1.561666666666666359e+01 -8.681706307535741871e+02
1.562916666666666288e+01 -8.703949287641518140e+02
1.563749999999999929e+01 -8.710470166043625113e+02
1.564999999999999680e+01 -8.707923506783791936e+02
1.566249999999999609e+01 -8.726600266056426562e+02
1.567083333333333250e+01 -8.729479832450497270e+02
1.568333333333333002e+01 -8.720487641534155046e+02
1.569583333333332931e+01 -8.732940016925074360e+02
1.570833333333333037e+01 -8.720809325728350814e+02
1.571666666666666323e+01 -8.720657393933081494e+02
1.572916666666666252e+01 -8.731983863242755888e+02
1.574166666666666359e+01 -8.720681403755429528e+02
1.575416666666666288e+01 -8.733988676273229430e+02
1.576249999999999574e+01 -8.735340059773089934e+02
1.577499999999999680e+01 -8.726763822095581418e+02
1.578749999999999609e+01 -8.742358129002276428e+02
1.579583333333332895e+01 -8.745192229433010880e+02
1.580833333333333002e+01 -8.739094250871306713e+02
1.582083333333332931e+01 -8.757199105935164880e+02
1.583333333333332860e+01 -8.752008614270420139e+02
1.584166666666666323e+01 -8.756456278822317927e+02
1.585416666666666252e+01 -8.773789996411048833e+02
1.586666666666666003e+01 -8.766534826239341101e+02
1.587916666666666288e+01 -8.781144790212607631e+02
1.588749999999999574e+01 -8.781731341458909128e+02
1.589999999999999325e+01 -8.769765553311765416e+02
1.591249999999999609e+01 -8.779451893733378256e+02
1.592083333333332895e+01 -8.776999762756621521e+02
1.593333333333332646e+01 -8.761282110604739728e+02
1.594583333333332931e+01 -8.768546519878628942e+02
1.595833333333332860e+01 -8.752428933517786618e+02
1.596666666666665968e+01 -8.750088490099345790e+02
1.597916666666666252e+01 -8.758643676328056245e+02
1.599166666666666181e+01 -8.744982951278784640e+02
1.601249999999999929e+01 -8.756608900329709968e+02
1.602500000000000213e+01 -8.745958559834269863e+02
1.603750000000000142e+01 -8.758725960657834548e+02
1.604583333333333073e+01 -8.759062348388627015e+02
1.605833333333333357e+01 -8.748170152575255543e+02
1.607083333333333286e+01 -8.760467462374220986e+02
1.608333333333333570e+01 -8.748564542799940682e+02
1.609166666666666856e+01 -8.748101792745891316e+02
1.610416666666666430e+01 -8.757491589309325946e+02
1.611666666666666714e+01 -8.741295214745327939e+02
1.612500000000000000e+01 -8.737096117708686052e+02
1.613749999999999929e+01 -8.739901496709502453e+02
1.615000000000000213e+01 -8.717288458508108988e+02
1.616250000000000142e+01 -8.717295027243411596e+02
1.617083333333333073e+01 -8.709308250672748954e+02
1.618333333333333357e+01 -8.686743671637620992e+02
1.619583333333333286e+01 -8.688669016908866070e+02
1.620833333333333570e+01 -8.668282337584486186e+02
1.621666666666666856e+01 -8.663509873609793885e+02
1.622916666666666430e+01 -8.668777940637971824e+02
1.624166666666666714e+01 -8.651263497919433121e+02
1.625000000000000000e+01 -8.647445816758743149e+02
1.626249999999999929e+01 -8.652914538278954524e+02
1.627500000000000213e+01 -8.635124527188002048e+02
1.628750000000000142e+01 -8.641379208998531567e+02
1.629583333333333073e+01 -8.637930353232657126e+02
1.630833333333333357e+01 -8.622262805924165150e+02
1.632083333333333286e+01 -8.630739449929088778e+02
1.633333333333333215e+01 -8.615642429875985044e+02
1.634166666666666856e+01 -8.613275823344622495e+02
1.635416666666666785e+01 -8.620115522780686206e+02
1.636666666666666359e+01 -8.602834452293468530e+02
1.637916666666666643e+01 -8.609205036294853244e+02
1.638749999999999929e+01 -8.605612387471685452e+02
1.639999999999999858e+01 -8.589550444600562287e+02
1.641250000000000142e+01 -8.597919069807104506e+02
1.642083333333333073e+01 -8.595935042092565936e+02
1.643333333333333002e+01 -8.582253046629015216e+02
1.644583333333333286e+01 -8.592303003348763468e+02
1.645833333333333215e+01 -8.579099958607106373e+02
1.646666666666666501e+01 -8.578776545176477839e+02
1.647916666666666785e+01 -8.590559674969914568e+02
1.649166666666666359e+01 -8.580354962210290068e+02
1.650416666666666643e+01 -8.595049429165450192e+02
1.651249999999999929e+01 -8.597562265581054817e+02
1.652499999999999858e+01 -8.591384821955465441e+02
1.653750000000000142e+01 -8.609712081305208358e+02
1.654583333333333428e+01 -8.614071960064172799e+02
1.655833333333333002e+01 -8.609566204015361564e+02
1.657083333333333286e+01 -8.628464808816453342e+02
1.658333333333333215e+01 -8.623440794446962627e+02
1.659166666666666501e+01 -8.627862070219817952e+02
1.660416666666666785e+01 -8.645326535846844536e+02
1.661666666666666359e+01 -8.639021319132380086e+02
1.662916666666666288e+01 -8.656155004327195002e+02
1.663749999999999929e+01 -8.659426385672466040e+02
1.664999999999999858e+01 -8.652650705222316674e+02
1.666249999999999787e+01 -8.668304278757620978e+02
1.667083333333333428e+01 -8.669951822255102343e+02
1.668333333333333002e+01 -8.660015709118811174e+02
1.669583333333332931e+01 -8.671780182887285946e+02
1.670833333333333215e+01 -8.658334396202474181e+02
1.671666666666666501e+01 -8.656786976274288463e+02
1.672916666666666430e+01 -8.665371223914855818e+02
1.674166666666666359e+01 -8.650912488097644655e+02
1.675416666666666288e+01 -8.661152686174249311e+02
1.676249999999999574e+01 -8.660753796310191319e+02
1.677499999999999858e+01 -8.650152698758708993e+02
1.678749999999999787e+01 -8.664115286603615687e+02
1.679583333333333073e+01 -8.665690245276639416e+02
1.680833333333333002e+01 -8.656989259262702490e+02
1.682083333333332931e+01 -8.671698857705995351e+02
1.683333333333332860e+01 -8.663002712308154969e+02
1.684166666666666501e+01 -8.665534593342399603e+02
1.685416666666666430e+01 -8.681357967400217603e+02
1.686666666666666003e+01 -8.674905313625795316e+02
1.687916666666666288e+01 -8.692926039060916992e+02
1.688749999999999574e+01 -8.697039492707792760e+02
1.689999999999999503e+01 -8.691453836831657327e+02
1.691249999999999787e+01 -8.707799313146069835e+02
1.692083333333333073e+01 -8.709511393408010917e+02
1.693333333333332646e+01 -8.699308617844886840e+02
1.694583333333332931e+01 -8.711076431617781282e+02
1.695833333333332860e+01 -8.698374060067183109e+02
1.696666666666666146e+01 -8.697700812216364739e+02
1.697916666666666430e+01 -8.707846093839118566e+02
1.699166666666666359e+01 -8.694520586703619074e+02
1.701249999999999929e+01 -8.702832538760704892e+02
1.702500000000000213e+01 -8.688354657539936170e+02
1.703750000000000142e+01 -8.697676927170685985e+02
1.704583333333333428e+01 -8.696067533376525489e+02
1.705833333333333357e+01 -8.683151077407793537e+02
1.707083333333333286e+01 -8.695007783094556544e+02
1.708333333333333570e+01 -8.685006569262632183e+02
1.709166666666666856e+01 -8.687305734125459367e+02
1.710416666666666785e+01 -8.702841770133051114e+02
1.711666666666666714e+01 -8.694566055938718137e+02
1.712500000000000000e+01 -8.696213995260957290e+02
1.713749999999999929e+01 -8.708117814168688255e+02
1.715000000000000213e+01 -8.694410537522635423e+02
1.716250000000000142e+01 -8.702716999785882308e+02
1.717083333333333428e+01 -8.699960419176079540e+02
1.718333333333333357e+01 -8.684842229468491723e+02
1.719583333333333286e+01 -8.693579553470522114e+02
1.720833333333333570e+01 -8.679087614745351402e+02
1.721666666666666856e+01 -8.677609920453745644e+02
1.722916666666666785e+01 -8.686835613965843095e+02
1.724166666666667069e+01 -8.673014866029033101e+02
1.725000000000000000e+01 -8.672184292387564710e+02
1.726249999999999929e+01 -8.682723479462662226e+02
1.727500000000000213e+01 -8.670541039786385227e+02
1.728750000000000142e+01 -8.682879946469936385e+02
1.729583333333333428e+01 -8.683847524493436367e+02
1.730833333333333357e+01 -8.675405636237092040e+02
1.732083333333333286e+01 -8.691798676286447289e+02
1.733333333333333215e+01 -8.685013995670626628e+02
1.734166666666666856e+01 -8.688084561044431666e+02
1.735416666666666785e+01 -8.702486150641769882e+02
1.736666666666666714e+01 -8.691455775520892075e+02
1.737916666666666643e+01 -8.702287627072025771e+02
1.738749999999999929e+01 -8.700692519372025799e+02
1.739999999999999858e+01 -8.686184600639347764e+02
1.741250000000000142e+01 -8.694211022987776687e+02
1.742083333333333428e+01 -8.690864623065607475e+02
1.743333333333333357e+01 -8.673463351276996036e+02
1.744583333333333286e+01 -8.678138314778248059e+02
1.745833333333333215e+01 -8.658490233888693410e+02
1.746666666666666501e+01 -8.653487502364744159e+02
1.747916666666666785e+01 -8.657947473346123388e+02
1.749166666666666714e+01 -8.640240938604497387e+02
1.750416666666666643e+01 -8.647546586865767040e+02
1.751249999999999929e+01 -8.645326786856815033e+02
1.752499999999999858e+01 -8.632444671881263503e+02
1.753750000000000142e+01 -8.644872682964346495e+02
1.754583333333333428e+01 -8.645939398476191400e+02
1.755833333333333357e+01 -8.637467236773516106e+02
1.757083333333333286e+01 -8.653320536790741926e+02
1.758333333333333215e+01 -8.645753466814121566e+02
1.759166666666666501e+01 -8.648666037339987724e+02
1.760416666666666785e+01 -8.664219833831980395e+02
1.761666666666666714e+01 -8.656434350165029628e+02
1.762916666666666288e+01 -8.672393570435307311e+02
1.763749999999999929e+01 -8.674977776052435274e+02
1.764999999999999858e+01 -8.667261202085591094e+02
1.766249999999999787e+01 -8.682215152383876102e+02
1.767083333333333428e+01 -8.683671499373974711e+02
1.768333333333333357e+01 -8.674101905740559459e+02
1.769583333333332931e+01 -8.687319258950748235e+02
1.770833333333333215e+01 -8.676447134769063041e+02
1.771666666666666501e+01 -8.677076467236749977e+02
1.772916666666666430e+01 -8.689294704565429583e+02
1.774166666666666714e+01 -8.678625752345112687e+02
1.775416666666666288e+01 -8.692644710465489197e+02
1.776249999999999574e+01 -8.694702691481883221e+02
1.777499999999999858e+01 -8.687539275272068835e+02
1.778749999999999787e+01 -8.704300649524598157e+02
1.779583333333333073e+01 -8.707193010221412806e+02
1.780833333333333357e+01 -8.699557325097911189e+02
1.782083333333332931e+01 -8.714297071797428771e+02
1.783333333333332860e+01 -8.704601764829326385e+02
1.784166666666666501e+01 -8.705825364796367012e+02
1.785416666666666430e+01 -8.718497328773862591e+02
1.786666666666666359e+01 -8.707173425342875817e+02
1.787916666666666643e+01 -8.718643314653918424e+02
1.788749999999999574e+01 -8.717749630256395221e+02
1.789999999999999503e+01 -8.704439333712804228e+02
1.791249999999999787e+01 -8.713689832729197633e+02
1.792083333333333073e+01 -8.711374998433934707e+02
1.793333333333333002e+01 -8.696380539615372527e+02
1.794583333333332931e+01 -8.704809353023921403e+02
1.795833333333332860e+01 -8.690173495124038254e+02
1.796666666666666146e+01 -8.689039591889658141e+02
1.797916666666666430e+01 -8.699797760014088226e+02
1.799166666666666359e+01 -8.688609816362425136e+02
1.801249999999999929e+01 -8.703307511362720561e+02
1.802500000000000213e+01 -8.691316040746012277e+02
1.803750000000000142e+01 -8.697706722280072427e+02
1.804583333333333428e+01 -8.691674021002849031e+02
1.805833333333333712e+01 -8.669266560571816171e+02
1.807083333333333286e+01 -8.668807898993801473e+02
1.808333333333333570e+01 -8.643706396732184203e+02
1.809166666666666856e+01 -8.634358575054806124e+02
1.810416666666666785e+01 -8.630583140324739588e+02
1.811666666666667069e+01 -8.601899794138951165e+02
1.812500000000000355e+01 -8.590025716126436919e+02
1.813749999999999929e+01 -8.582754746774684236e+02
1.815000000000000213e+01 -8.551757849368682400e+02
1.816250000000000142e+01 -8.544674016549427051e+02
1.817083333333333428e+01 -8.532563801381950270e+02
1.818333333333333712e+01 -8.504857872841754443e+02
1.819583333333333641e+01 -8.503157870320651455e+02
1.820833333333333570e+01 -8.480865386303319156e+02
1.821666666666666856e+01 -8.475798780858573309e+02
1.822916666666666785e+01 -8.482064958844775902e+02
1.824166666666667069e+01 -8.465236092629832001e+02
1.825000000000000355e+01 -8.460070024833887601e+02
1.826249999999999929e+01 -8.461083518923504698e+02
1.827500000000000213e+01 -8.436754178950371852e+02
1.828750000000000142e+01 -8.435356922786158975e+02
1.829583333333333428e+01 -8.426468537726082104e+02
1.830833333333333712e+01 -8.402279029330134108e+02
1.832083333333333641e+01 -8.402191521763706987e+02
1.833333333333333215e+01 -8.379258572806963912e+02
1.834166666666666856e+01 -8.372444186162575761e+02
1.835416666666666785e+01 -8.374310193350564759e+02
1.836666666666666714e+01 -8.354064717947525196e+02
1.837916666666666998e+01 -8.358965479331246797e+02
1.838750000000000284e+01 -8.355037928116726107e+02
1.839999999999999858e+01 -8.339217554457405868e+02
1.841250000000000142e+01 -8.348576965265853005e+02
1.842083333333333428e+01 -8.347614734697559697e+02
1.843333333333333357e+01 -8.335924120809594342e+02
1.844583333333333641e+01 -8.348372374043036643e+02
1.845833333333333215e+01 -8.337425223960691483e+02
1.846666666666666501e+01 -8.338041328607927198e+02
1.847916666666666785e+01 -8.349807712280347687e+02
1.849166666666666714e+01 -8.337600259791205417e+02
1.850416666666666998e+01 -8.348396862315821636e+02
1.851250000000000284e+01 -8.347361249633772786e+02
1.852499999999999858e+01 -8.334626905767408971e+02
1.853750000000000142e+01 -8.345678723099380250e+02
1.854583333333333428e+01 -8.345428629214634384e+02
1.855833333333333357e+01 -8.335124992957330505e+02
1.857083333333333641e+01 -8.350017753905907512e+02
1.858333333333333215e+01 -8.342657796531224221e+02
1.859166666666666501e+01 -8.346170014660765446e+02
1.860416666666666785e+01 -8.362793496877272901e+02
1.861666666666666714e+01 -8.355781141103529990e+02
1.862916666666666643e+01 -8.372032192778926856e+02
1.863750000000000284e+01 -8.374704417747168463e+02
1.864999999999999858e+01 -8.367329958581245819e+02
1.866249999999999787e+01 -8.383026030273611013e+02
1.867083333333333428e+01 -8.385109354405511795e+02
1.868333333333333357e+01 -8.376364492522241108e+02
1.869583333333333286e+01 -8.389865348213669449e+02
1.870833333333333215e+01 -8.378303200396742341e+02
1.871666666666666501e+01 -8.377746851165512680e+02
1.872916666666666430e+01 -8.386925836024360024e+02
1.874166666666666714e+01 -8.371659602547847498e+02
1.875416666666666643e+01 -8.379949879754965423e+02
1.876249999999999929e+01 -8.378070403266210633e+02
1.877499999999999858e+01 -8.365776453673920514e+02
1.878749999999999787e+01 -8.379380201831045270e+02
1.879583333333333073e+01 -8.381644294722857467e+02
1.880833333333333357e+01 -8.375199307655919938e+02
1.882083333333333286e+01 -8.393055744397497620e+02
1.883333333333333215e+01 -8.387616518387211499e+02
1.884166666666666501e+01 -8.392016806140172775e+02
1.885416666666666430e+01 -8.409819317339150757e+02
1.886666666666666359e+01 -8.404189971926348335e+02
1.887916666666666643e+01 -8.422010153191955624e+02
1.888749999999999929e+01 -8.425652098233553033e+02
1.889999999999999503e+01 -8.419336113206094296e+02
1.891249999999999787e+01 -8.435352440821196751e+02
1.892083333333333073e+01 -8.437123323635571523e+02
1.893333333333333002e+01 -8.427146212726970589e+02
1.894583333333333286e+01 -8.438707410581026807e+02
1.895833333333333215e+01 -8.424862185440666735e+02
1.896666666666666146e+01 -8.422904614986607612e+02
1.897916666666666430e+01 -8.430750448773795824e+02
1.899166666666666359e+01 -8.415459411056115187e+02
1.901249999999999929e+01 -8.423740801944239820e+02
1.902499999999999858e+01 -8.411504416393877364e+02
1.903749999999999787e+01 -8.423773523510456016e+02
1.904583333333333073e+01 -8.424427876221036513e+02
1.905833333333333357e+01 -8.414880443465405051e+02
1.907083333333333286e+01 -8.429205308501624359e+02
1.908333333333333570e+01 -8.419547164810268214e+02
1.909166666666666501e+01 -8.420467241900437330e+02
1.910416666666666430e+01 -8.431513558276097910e+02
1.911666666666666714e+01 -8.416701136574354223e+02
1.912500000000000000e+01 -8.413460317473937948e+02
1.913749999999999929e+01 -8.418004334592668556e+02
1.914999999999999858e+01 -8.397279200877740095e+02
1.916249999999999787e+01 -8.398588339307053729e+02
1.917083333333333073e+01 -8.390892051268901923e+02
1.918333333333333357e+01 -8.367588644844842065e+02
1.919583333333333286e+01 -8.367381412011327484e+02
1.920833333333333570e+01 -8.343935594303090966e+02
1.921666666666666501e+01 -8.336962942291073659e+02
1.922916666666666430e+01 -8.339345727343857106e+02
1.924166666666666714e+01 -8.320430632413583680e+02
1.925000000000000000e+01 -8.317004192745157525e+02
1.926249999999999929e+01 -8.325303318814649174e+02
1.927500000000000213e+01 -8.313289587988482481e+02
1.928749999999999787e+01 -8.327993737842678001e+02
1.929583333333333073e+01 -8.331195549130791278e+02
1.930833333333333357e+01 -8.326066396981335629e+02
1.932083333333333286e+01 -8.344883740866890776e+02
1.933333333333333215e+01 -8.339645129694667958e+02
1.934166666666666501e+01 -8.343585637687129974e+02
1.935416666666666430e+01 -8.359658682332569697e+02
1.936666666666666359e+01 -8.351012429605254965e+02
1.937916666666666643e+01 -8.364587856709713378e+02
1.938749999999999929e+01 -8.364648310721208873e+02
1.939999999999999858e+01 -8.351610506236750098e+02
1.941249999999999787e+01 -8.359396550490384925e+02
1.942083333333333073e+01 -8.355043450269671439e+02
1.943333333333333002e+01 -8.335549387464390065e+02
1.944583333333333286e+01 -8.338268365579184547e+02
1.945833333333333215e+01 -8.317186894803867290e+02
1.946666666666666501e+01 -8.311536196965435010e+02
1.947916666666666430e+01 -8.315637854145971914e+02
1.949166666666666359e+01 -8.298778409566951950e+02
1.950416666666666643e+01 -8.308417375488270409e+02
1.951249999999999929e+01 -8.308435768415895382e+02
1.952499999999999858e+01 -8.299451301436130279e+02
1.953749999999999787e+01 -8.315859866110851044e+02
1.954583333333333073e+01 -8.319412169700730146e+02
1.955833333333333002e+01 -8.314269811735631492e+02
1.957083333333333286e+01 -8.332978971863500419e+02
1.958333333333333215e+01 -8.327860610056497990e+02
1.959166666666666501e+01 -8.332146803980648428e+02
1.960416666666666430e+01 -8.349126569408405203e+02
1.961666666666666359e+01 -8.341481287823588673e+02
1.962916666666666288e+01 -8.355750116088651112e+02
1.963749999999999929e+01 -8.356124776727735934e+02
1.964999999999999858e+01 -8.343784417071344706e+02
1.966249999999999432e+01 -8.353061143245219000e+02
1.967083333333333073e+01 -8.350402866355935885e+02
1.968333333333333002e+01 -8.334466770003308511e+02
1.969583333333332931e+01 -8.341400840158220262e+02
1.970833333333333215e+01 -8.324742545442536539e+02
1.971666666666666501e+01 -8.322054320976487816e+02
1.972916666666666075e+01 -8.330461459092014138e+02
1.974166666666666359e+01 -8.317590022157227168e+02
1.975416666666666288e+01 -8.331038628040471394e+02
1.976249999999999574e+01 -8.333564112051558368e+02
1.977499999999999858e+01 -8.328279200618303548e+02
1.978749999999999432e+01 -8.348422333077809299e+02
1.979583333333332718e+01 -8.354461814306496308e+02
1.980833333333333002e+01 -8.352690872420502046e+02
1.982083333333332931e+01 -8.374089701434169228e+02
1.983333333333332860e+01 -8.370997600590031880e+02
1.984166666666666501e+01 -8.376166023810264960e+02
1.985416666666666075e+01 -8.393564905469902442e+02
1.986666666666666003e+01 -8.385207534835150227e+02
1.987916666666666288e+01 -8.397840254765388863e+02
1.988749999999999574e+01 -8.396842959048412922e+02
1.989999999999999503e+01 -8.382314393253979006e+02
1.991249999999999787e+01 -8.389214675400440910e+02
1.992083333333332718e+01 -8.384715836146865513e+02
1.993333333333332646e+01 -8.365557143045655266e+02
1.994583333333332931e+01 -8.368960662086172988e+02
1.995833333333332860e+01 -8.348867068018306554e+02
1.996666666666666146e+01 -8.344094158224581861e+02
1.997916666666666075e+01 -8.349747400209225816e+02
1.999166666666666003e+01 -8.334316706859497117e+02
