0.000000000000000000e+00 0.000000000000000000e+00
1.250000000000000069e-02 -1.493880256819021568e+01
2.500000000000000139e-02 -2.645672721535203209e+01
3.500000000000000333e-02 -4.949257650971735956e+01
4.750000000000000056e-02 -9.940358331415471582e+01
5.750000000000000250e-02 -1.262787408242267446e+02
7.000000000000002054e-02 -1.800290558443916495e+02
8.000000000000004330e-02 -2.184221380016463741e+02
9.250000000000008216e-02 -2.798510694532663479e+02
1.025000000000001049e-01 -3.259227680419761555e+02
1.150000000000001438e-01 -3.873516994935753814e+02
1.250000000000001665e-01 -4.602985555923780794e+02
1.375000000000002054e-01 -5.294061034754323600e+02
1.500000000000002442e-01 -6.215495006528518616e+02
1.600000000000002531e-01 -6.944963567516546163e+02
1.725000000000002920e-01 -7.559252882032537855e+02
1.825000000000003286e-01 -8.135149114391462035e+02
1.950000000000003397e-01 -8.595866100278560680e+02
2.050000000000003764e-01 -9.018190004008382630e+02
2.175000000000004152e-01 -9.363727743423654601e+02
2.275000000000004241e-01 -9.517300072052755695e+02
2.400000000000004630e-01 -9.747658564996410178e+02
2.500000000000004996e-01 -9.978017057939855476e+02
2.625000000000005107e-01 -1.032355479735512517e+03
2.750000000000005773e-01 -1.066909253677060633e+03
2.850000000000005862e-01 -1.074587870108494826e+03
2.975000000000005973e-01 -1.089945102971405049e+03
3.075000000000006617e-01 -1.082266486539949938e+03
3.200000000000006728e-01 -1.086105794755677607e+03
3.300000000000006817e-01 -1.089945102971405049e+03
3.425000000000007483e-01 -1.093784411187132491e+03
3.525000000000007572e-01 -1.105302335834315272e+03
3.650000000000007683e-01 -1.139856109775842469e+03
3.750000000000008327e-01 -1.162891959070207577e+03
3.875000000000008438e-01 -1.201285041227462443e+03
4.000000000000009104e-01 -1.216642274090351975e+03
4.100000000000009193e-01 -1.228160198737534529e+03
4.225000000000009304e-01 -1.247356739816172421e+03
4.325000000000009948e-01 -1.247356739816172421e+03
4.450000000000010059e-01 -1.251196048031899636e+03
4.550000000000010147e-01 -1.274231897326244280e+03
4.675000000000010814e-01 -1.293428438404881945e+03
4.775000000000010902e-01 -1.316464287699226588e+03
4.900000000000010458e-01 -1.339500136993591696e+03
5.000000000000011102e-01 -1.358696678072208670e+03
5.125000000000011768e-01 -1.377893219150846562e+03
5.250000000000011324e-01 -1.374053910935119120e+03
5.350000000000011413e-01 -1.370214602719391451e+03
5.475000000000012079e-01 -1.374053910935119120e+03
5.575000000000012168e-01 -1.374053910935119120e+03
5.700000000000012834e-01 -1.381732527366574004e+03
5.800000000000012923e-01 -1.400929068445190978e+03
5.925000000000013589e-01 -1.423964917739556313e+03
6.025000000000013678e-01 -1.431643534171011424e+03
6.150000000000014344e-01 -1.450840075249628399e+03
6.250000000000014433e-01 -1.454679383465356068e+03
6.375000000000015099e-01 -1.454679383465356068e+03
6.500000000000014655e-01 -1.458518691681083510e+03
6.600000000000014744e-01 -1.466197308112538622e+03
6.725000000000015410e-01 -1.462357999896811179e+03
6.825000000000015499e-01 -1.477715232759721175e+03
6.950000000000016165e-01 -1.485393849191155368e+03
7.050000000000016254e-01 -1.504590390269793261e+03
7.175000000000016920e-01 -1.519947623132703484e+03
7.275000000000017009e-01 -1.523786931348431153e+03
7.400000000000017675e-01 -1.516108314916975814e+03
7.500000000000017764e-01 -1.519947623132703484e+03
7.625000000000017319e-01 -1.508429698485520930e+03
7.750000000000017986e-01 -1.508429698485520930e+03
7.850000000000018074e-01 -1.516108314916975814e+03
7.975000000000018741e-01 -1.535304855995592789e+03
8.075000000000018829e-01 -1.542983472427048127e+03
8.200000000000019496e-01 -1.546822780642775570e+03
8.300000000000019584e-01 -1.539144164211320458e+03
8.425000000000020250e-01 -1.542983472427048127e+03
8.525000000000020339e-01 -1.527626239564158595e+03
8.650000000000021005e-01 -1.516108314916975814e+03
8.750000000000021094e-01 -1.519947623132703484e+03
8.875000000000020650e-01 -1.523786931348431153e+03
9.000000000000021316e-01 -1.539144164211320458e+03
9.100000000000021405e-01 -1.558340705289958123e+03
9.225000000000022071e-01 -1.573697938152868574e+03
9.325000000000022160e-01 -1.573697938152868574e+03
9.450000000000022826e-01 -1.573697938152868574e+03
9.550000000000022915e-01 -1.558340705289958123e+03
9.675000000000023581e-01 -1.550662088858503239e+03
9.775000000000022560e-01 -1.542983472427048127e+03
9.900000000000017675e-01 -1.550662088858503239e+03
1.012499999999999956e+00 -1.554501397074230681e+03
1.025000000000000133e+00 -1.562180013505685793e+03
1.035000000000000142e+00 -1.573697938152868574e+03
1.047500000000000098e+00 -1.558340705289958123e+03
1.057500000000000107e+00 -1.554501397074230681e+03
1.070000000000000062e+00 -1.546822780642775570e+03
1.080000000000000071e+00 -1.527626239564158595e+03
1.092500000000000249e+00 -1.519947623132703484e+03
1.102500000000000258e+00 -1.516108314916975814e+03
1.115000000000000213e+00 -1.527626239564158595e+03
1.125000000000000222e+00 -1.535304855995592789e+03
1.137500000000000178e+00 -1.550662088858503239e+03
1.150000000000000133e+00 -1.566019321721413235e+03
1.160000000000000142e+00 -1.550662088858503239e+03
1.172500000000000320e+00 -1.542983472427048127e+03
1.182500000000000329e+00 -1.535304855995592789e+03
1.195000000000000284e+00 -1.519947623132703484e+03
1.205000000000000293e+00 -1.516108314916975814e+03
1.217500000000000471e+00 -1.516108314916975814e+03
1.227500000000000480e+00 -1.539144164211320458e+03
1.240000000000000435e+00 -1.550662088858503239e+03
1.250000000000000444e+00 -1.542983472427048127e+03
1.262500000000000622e+00 -1.546822780642775570e+03
1.275000000000000577e+00 -1.535304855995592789e+03
1.285000000000000586e+00 -1.519947623132703484e+03
1.297500000000000764e+00 -1.493072465622610707e+03
1.307500000000000773e+00 -1.489233157406883038e+03
1.320000000000000728e+00 -1.477715232759721175e+03
1.330000000000000737e+00 -1.470036616328266064e+03
1.342500000000000915e+00 -1.493072465622610707e+03
1.352500000000000924e+00 -1.496911773838338149e+03
1.365000000000000657e+00 -1.508429698485520930e+03
1.375000000000000888e+00 -1.500751082054065819e+03
1.387500000000000844e+00 -1.493072465622610707e+03
1.400000000000000799e+00 -1.470036616328266064e+03
1.410000000000000808e+00 -1.450840075249628399e+03
1.422500000000000986e+00 -1.439322150602445618e+03
1.432500000000000995e+00 -1.439322150602445618e+03
1.445000000000000950e+00 -1.439322150602445618e+03
1.455000000000000959e+00 -1.458518691681083510e+03
1.467500000000001137e+00 -1.473875924543993733e+03
1.477500000000001146e+00 -1.473875924543993733e+03
1.490000000000001101e+00 -1.470036616328266064e+03
1.500000000000001110e+00 -1.447000767033900729e+03
1.512500000000001288e+00 -1.416286301308101201e+03
1.525000000000001243e+00 -1.400929068445190978e+03
1.535000000000001252e+00 -1.404768376660918648e+03
1.547500000000001208e+00 -1.400929068445190978e+03
1.557500000000001217e+00 -1.397089760229463309e+03
1.570000000000001394e+00 -1.408607684876646090e+03
1.580000000000001403e+00 -1.408607684876646090e+03
1.592500000000001359e+00 -1.404768376660918648e+03
1.602500000000001590e+00 -1.397089760229463309e+03
1.615000000000001323e+00 -1.377893219150846562e+03
1.625000000000001332e+00 -1.358696678072208670e+03
1.637500000000001288e+00 -1.347178753425026116e+03
1.650000000000001465e+00 -1.339500136993591696e+03
1.660000000000001474e+00 -1.335660828777864253e+03
1.672500000000001652e+00 -1.347178753425026116e+03
1.682500000000001661e+00 -1.351018061640753558e+03
1.695000000000001616e+00 -1.354857369856481228e+03
1.705000000000001625e+00 -1.351018061640753558e+03
1.717500000000001581e+00 -1.339500136993591696e+03
1.727500000000001590e+00 -1.327982212346409142e+03
1.740000000000001767e+00 -1.304946363052044035e+03
1.750000000000001776e+00 -1.297267746620609614e+03
1.762500000000001954e+00 -1.289589130189154503e+03
1.775000000000001910e+00 -1.301107054836316365e+03
1.785000000000001918e+00 -1.297267746620609614e+03
1.797500000000001874e+00 -1.297267746620609614e+03
1.807500000000001883e+00 -1.289589130189154503e+03
1.820000000000002061e+00 -1.278071205541971949e+03
1.830000000000002069e+00 -1.262713972679061726e+03
1.842500000000002025e+00 -1.239678123384717082e+03
1.852500000000002256e+00 -1.235838815168989640e+03
1.865000000000001990e+00 -1.220481582306079190e+03
1.875000000000001998e+00 -1.224320890521806859e+03
1.887500000000001954e+00 -1.224320890521806859e+03
1.900000000000002132e+00 -1.224320890521806859e+03
1.910000000000002141e+00 -1.220481582306079190e+03
1.922500000000002318e+00 -1.212802965874624306e+03
1.932500000000002327e+00 -1.197445733011735001e+03
1.945000000000002283e+00 -1.178249191933097109e+03
1.955000000000002292e+00 -1.162891959070207577e+03
1.967500000000002247e+00 -1.155213342638752692e+03
1.977500000000002256e+00 -1.151374034423025023e+03
1.990000000000001767e+00 -1.151374034423025023e+03
2.012500000000000178e+00 -1.166731267285914555e+03
2.024999999999999911e+00 -1.159052650854480362e+03
2.034999999999999698e+00 -1.155213342638752692e+03
2.047499999999999876e+00 -1.143695417991569911e+03
2.057499999999999662e+00 -1.124498876912932246e+03
2.070000000000000284e+00 -1.116820260481498053e+03
2.080000000000000071e+00 -1.120659568697204577e+03
2.092500000000000249e+00 -1.112980952265770384e+03
2.102500000000000036e+00 -1.116820260481498053e+03
2.115000000000000213e+00 -1.128338185128659916e+03
2.125000000000000000e+00 -1.128338185128659916e+03
2.137500000000000178e+00 -1.116820260481498053e+03
2.150000000000000355e+00 -1.112980952265770384e+03
2.160000000000000586e+00 -1.101463027618587830e+03
2.172500000000000320e+00 -1.078427178324222496e+03
2.182500000000000551e+00 -1.078427178324222496e+03
2.195000000000000284e+00 -1.070748561892788302e+03
2.205000000000000515e+00 -1.078427178324222496e+03
2.217500000000000249e+00 -1.082266486539949938e+03
2.227500000000000480e+00 -1.074587870108494826e+03
2.240000000000000657e+00 -1.078427178324222496e+03
2.250000000000000888e+00 -1.070748561892788302e+03
2.262500000000000622e+00 -1.055391329029877852e+03
2.275000000000000355e+00 -1.047712712598422740e+03
2.285000000000000586e+00 -1.043873404382695298e+03
2.297500000000000320e+00 -1.036194787951240187e+03
2.307500000000000551e+00 -1.043873404382695298e+03
2.320000000000000728e+00 -1.043873404382695298e+03
2.330000000000000959e+00 -1.047712712598422740e+03
2.342500000000000693e+00 -1.043873404382695298e+03
2.352500000000000924e+00 -1.040034096166967856e+03
2.365000000000000657e+00 -1.024676863304078324e+03
2.375000000000000888e+00 -1.005480322225440545e+03
2.387500000000000622e+00 -1.001641014009713103e+03
2.400000000000001243e+00 -9.824444729310752109e+02
2.410000000000001030e+00 -9.901230893625303224e+02
2.422500000000001208e+00 -9.862837811468027667e+02
2.432500000000000995e+00 -9.939623975782579919e+02
2.445000000000001172e+00 -1.001641014009713103e+03
2.455000000000000959e+00 -1.005480322225440545e+03
2.467500000000001137e+00 -9.824444729310752109e+02
2.477500000000000924e+00 -9.670872400681857926e+02
2.490000000000001101e+00 -9.594086236367306810e+02
2.500000000000001332e+00 -9.402120825580930159e+02
2.512500000000001066e+00 -9.440513907738205717e+02
2.525000000000001243e+00 -9.517300072052755695e+02
2.535000000000001030e+00 -9.594086236367306810e+02
2.547500000000001208e+00 -9.632479318524582368e+02
2.557500000000000995e+00 -9.632479318524582368e+02
2.570000000000001172e+00 -9.517300072052755695e+02
2.580000000000001403e+00 -9.517300072052755695e+02
2.592500000000001581e+00 -9.286941579109311533e+02
2.602500000000001368e+00 -9.018190004008382630e+02
2.615000000000001545e+00 -9.056583086165659324e+02
2.625000000000001332e+00 -9.094976168322933745e+02
2.637500000000001510e+00 -9.248548496952035975e+02
2.650000000000001243e+00 -9.286941579109311533e+02
2.660000000000001918e+00 -9.286941579109311533e+02
2.672500000000001652e+00 -9.133369250480209303e+02
2.682500000000001883e+00 -9.094976168322933745e+02
2.695000000000001616e+00 -8.903010757536557094e+02
2.705000000000001847e+00 -8.672652264593111795e+02
2.717500000000001581e+00 -8.672652264593111795e+02
2.727500000000001812e+00 -8.557473018121285122e+02
2.740000000000001990e+00 -8.672652264593111795e+02
2.750000000000001776e+00 -8.711045346750387353e+02
2.762500000000001954e+00 -8.903010757536557094e+02
2.775000000000001688e+00 -8.979796921851107072e+02
2.785000000000001918e+00 -8.979796921851107072e+02
2.797500000000001652e+00 -8.864617675379489583e+02
2.807500000000001883e+00 -8.787831511064937331e+02
2.820000000000002061e+00 -8.557473018121285122e+02
2.830000000000001847e+00 -8.480686853806734007e+02
2.842500000000002025e+00 -8.595866100278560680e+02
2.852500000000002256e+00 -8.787831511064937331e+02
2.865000000000001990e+00 -8.864617675379489583e+02
2.875000000000002220e+00 -8.979796921851107072e+02
2.887500000000001954e+00 -8.941403839693831515e+02
2.900000000000002576e+00 -8.941403839693831515e+02
2.910000000000001918e+00 -8.711045346750387353e+02
2.922500000000002540e+00 -8.480686853806734007e+02
2.932500000000002327e+00 -8.442293771649458449e+02
2.945000000000002505e+00 -8.250328360863288708e+02
2.955000000000002292e+00 -8.365507607335115381e+02
2.967500000000002469e+00 -8.480686853806734007e+02
2.977500000000002256e+00 -8.634259182435836237e+02
2.990000000000001990e+00 -8.711045346750387353e+02
3.012500000000000178e+00 -8.519079935964009564e+02
3.024999999999999911e+00 -8.480686853806734007e+02
3.035000000000000142e+00 -8.327114525177840960e+02
3.047499999999999876e+00 -8.211935278706013150e+02
3.057500000000000107e+00 -8.288721443020564266e+02
3.070000000000000284e+00 -8.250328360863288708e+02
3.080000000000000071e+00 -8.288721443020564266e+02
3.092500000000000249e+00 -8.403900689492390939e+02
3.102500000000000036e+00 -8.365507607335115381e+02
3.115000000000000213e+00 -8.403900689492390939e+02
3.125000000000000000e+00 -8.365507607335115381e+02
3.137500000000000178e+00 -8.250328360863288708e+02
3.150000000000000355e+00 -8.096756032234186478e+02
3.160000000000000586e+00 -7.981576785762359805e+02
3.172500000000000320e+00 -7.981576785762359805e+02
3.182500000000000551e+00 -8.019969867919636499e+02
3.195000000000000284e+00 -8.250328360863288708e+02
3.205000000000000515e+00 -8.327114525177840960e+02
3.217500000000000249e+00 -8.250328360863288708e+02
3.227500000000000480e+00 -8.288721443020564266e+02
3.240000000000000657e+00 -8.288721443020564266e+02
3.250000000000000888e+00 -8.211935278706013150e+02
3.262500000000000622e+00 -8.173542196548738730e+02
3.275000000000000355e+00 -8.211935278706013150e+02
3.285000000000000586e+00 -8.173542196548738730e+02
3.297500000000000320e+00 -8.288721443020564266e+02
3.307500000000000551e+00 -8.403900689492390939e+02
3.320000000000000728e+00 -8.557473018121285122e+02
3.330000000000000959e+00 -8.442293771649458449e+02
3.342500000000000693e+00 -8.365507607335115381e+02
3.352500000000000924e+00 -8.211935278706013150e+02
3.365000000000000657e+00 -8.173542196548738730e+02
3.375000000000000888e+00 -8.173542196548738730e+02
3.387500000000000622e+00 -8.135149114391462035e+02
3.400000000000001243e+00 -8.211935278706013150e+02
3.410000000000001030e+00 -8.250328360863288708e+02
3.422500000000001208e+00 -8.442293771649458449e+02
3.432500000000000995e+00 -8.519079935964009564e+02
3.445000000000001172e+00 -8.519079935964009564e+02
3.455000000000000959e+00 -8.442293771649458449e+02
3.467500000000001137e+00 -8.403900689492390939e+02
3.477500000000000924e+00 -8.327114525177840960e+02
3.490000000000001101e+00 -8.442293771649458449e+02
3.500000000000001332e+00 -8.480686853806734007e+02
3.512500000000001510e+00 -8.634259182435836237e+02
3.525000000000001243e+00 -8.787831511064937331e+02
3.535000000000001030e+00 -8.711045346750387353e+02
3.547500000000001208e+00 -8.749438428907662910e+02
3.557500000000000995e+00 -8.595866100278560680e+02
3.570000000000001172e+00 -8.595866100278560680e+02
3.580000000000001403e+00 -8.442293771649458449e+02
3.592500000000001581e+00 -8.327114525177840960e+02
3.602500000000001368e+00 -8.403900689492390939e+02
3.615000000000001545e+00 -8.519079935964009564e+02
3.625000000000001332e+00 -8.519079935964009564e+02
3.637500000000001510e+00 -8.634259182435836237e+02
3.650000000000001243e+00 -8.749438428907662910e+02
3.660000000000001918e+00 -8.672652264593111795e+02
3.672500000000001652e+00 -8.595866100278560680e+02
3.682500000000001883e+00 -8.519079935964009564e+02
3.695000000000001616e+00 -8.519079935964009564e+02
3.705000000000001847e+00 -8.595866100278560680e+02
3.717500000000001581e+00 -8.749438428907662910e+02
3.727500000000001812e+00 -8.826224593222214025e+02
3.740000000000001990e+00 -8.979796921851107072e+02
3.750000000000001776e+00 -9.056583086165659324e+02
3.762500000000001954e+00 -9.056583086165659324e+02
3.775000000000001688e+00 -9.056583086165659324e+02
3.785000000000001918e+00 -8.864617675379489583e+02
3.797500000000001652e+00 -8.826224593222214025e+02
3.807500000000001883e+00 -8.787831511064937331e+02
3.820000000000002061e+00 -8.941403839693831515e+02
3.830000000000001847e+00 -8.826224593222214025e+02
3.842500000000002025e+00 -8.979796921851107072e+02
3.852500000000002256e+00 -8.979796921851107072e+02
3.865000000000001990e+00 -8.979796921851107072e+02
3.875000000000002220e+00 -8.979796921851107072e+02
3.887500000000001954e+00 -8.864617675379489583e+02
3.900000000000002576e+00 -8.749438428907662910e+02
3.910000000000001918e+00 -8.749438428907662910e+02
3.922500000000002540e+00 -8.826224593222214025e+02
3.932500000000001883e+00 -8.941403839693831515e+02
3.945000000000002505e+00 -9.171762332637484860e+02
3.955000000000001847e+00 -9.286941579109311533e+02
3.967500000000002469e+00 -9.440513907738205717e+02
3.977500000000001812e+00 -9.363727743423654601e+02
3.990000000000002434e+00 -9.478906989895481274e+02
4.012500000000000178e+00 -9.286941579109311533e+02
4.025000000000000355e+00 -9.171762332637484860e+02
4.035000000000000142e+00 -9.248548496952035975e+02
4.047500000000000320e+00 -9.363727743423654601e+02
4.057500000000000107e+00 -9.440513907738205717e+02
4.069999999999999396e+00 -9.594086236367306810e+02
4.080000000000000071e+00 -9.555693154210033526e+02
4.092499999999999361e+00 -9.594086236367306810e+02
4.102500000000000036e+00 -9.440513907738205717e+02
4.115000000000000213e+00 -9.402120825580930159e+02
4.125000000000000000e+00 -9.248548496952035975e+02
4.137500000000000178e+00 -9.248548496952035975e+02
4.150000000000000355e+00 -9.402120825580930159e+02
4.160000000000000142e+00 -9.478906989895481274e+02
4.172500000000000320e+00 -9.709265482839134620e+02
4.182500000000000107e+00 -9.901230893625303224e+02
4.195000000000001172e+00 -9.901230893625303224e+02
4.205000000000000071e+00 -9.901230893625303224e+02
4.217500000000001137e+00 -9.747658564996410178e+02
4.227500000000000036e+00 -9.824444729310752109e+02
4.240000000000001101e+00 -9.632479318524582368e+02
4.250000000000000000e+00 -9.632479318524582368e+02
4.262500000000001066e+00 -9.747658564996410178e+02
4.275000000000001243e+00 -9.862837811468027667e+02
4.285000000000001030e+00 -9.862837811468027667e+02
4.297500000000001208e+00 -1.009319630441168101e+03
4.307500000000000995e+00 -9.978017057939855476e+02
4.320000000000001172e+00 -9.824444729310752109e+02
4.330000000000000071e+00 -9.786051647153685735e+02
4.342500000000001137e+00 -9.594086236367306810e+02
4.352500000000000036e+00 -9.670872400681857926e+02
4.365000000000001101e+00 -9.709265482839134620e+02
4.375000000000000888e+00 -9.862837811468027667e+02
4.387500000000001066e+00 -9.939623975782579919e+02
4.400000000000001243e+00 -1.013158938656895657e+03
4.410000000000001030e+00 -1.020837555088350882e+03
4.422500000000001208e+00 -1.016998246872623213e+03
4.432500000000000995e+00 -1.001641014009713103e+03
4.445000000000001172e+00 -9.939623975782579919e+02
4.455000000000001847e+00 -1.001641014009713103e+03
4.467500000000001137e+00 -9.978017057939855476e+02
4.477500000000001812e+00 -1.001641014009713103e+03
4.490000000000001101e+00 -1.024676863304078324e+03
4.500000000000001776e+00 -1.032355479735512517e+03
4.512500000000001066e+00 -1.051552020814150410e+03
4.525000000000001243e+00 -1.036194787951240187e+03
4.535000000000001030e+00 -1.032355479735512517e+03
4.547500000000001208e+00 -1.024676863304078324e+03
4.557500000000001883e+00 -1.009319630441168101e+03
4.570000000000001172e+00 -1.005480322225440545e+03
4.580000000000001847e+00 -1.005480322225440545e+03
4.592500000000001137e+00 -1.020837555088350882e+03
4.602500000000001812e+00 -1.024676863304078324e+03
4.615000000000001101e+00 -1.032355479735512517e+03
4.625000000000001776e+00 -1.043873404382695298e+03
4.637500000000001954e+00 -1.043873404382695298e+03
4.650000000000001243e+00 -1.032355479735512517e+03
4.660000000000001918e+00 -1.024676863304078324e+03
4.672500000000001208e+00 -1.013158938656895657e+03
4.682500000000001883e+00 -1.013158938656895657e+03
4.695000000000001172e+00 -1.028516171519785075e+03
4.705000000000001847e+00 -1.032355479735512517e+03
4.717500000000002025e+00 -1.047712712598422740e+03
4.727500000000001812e+00 -1.047712712598422740e+03
4.740000000000001990e+00 -1.051552020814150410e+03
4.750000000000001776e+00 -1.043873404382695298e+03
4.762500000000001954e+00 -1.028516171519785075e+03
4.775000000000001243e+00 -1.020837555088350882e+03
4.785000000000001918e+00 -1.020837555088350882e+03
4.797500000000002096e+00 -1.036194787951240187e+03
4.807500000000001883e+00 -1.043873404382695298e+03
4.820000000000002061e+00 -1.043873404382695298e+03
4.830000000000001847e+00 -1.051552020814150410e+03
4.842500000000002025e+00 -1.051552020814150410e+03
4.852500000000001812e+00 -1.066909253677060633e+03
4.865000000000001990e+00 -1.051552020814150410e+03
4.875000000000002665e+00 -1.043873404382695298e+03
4.887500000000001954e+00 -1.043873404382695298e+03
4.900000000000002132e+00 -1.036194787951240187e+03
4.910000000000001918e+00 -1.047712712598422740e+03
4.922500000000002096e+00 -1.047712712598422740e+03
4.932500000000001883e+00 -1.059230637245605521e+03
4.945000000000002061e+00 -1.063069945461332964e+03
4.955000000000002736e+00 -1.059230637245605521e+03
4.967500000000002025e+00 -1.051552020814150410e+03
4.977500000000002700e+00 -1.055391329029877852e+03
4.990000000000001101e+00 -1.036194787951240187e+03
5.012500000000000178e+00 -1.036194787951240187e+03
5.025000000000000355e+00 -1.047712712598422740e+03
5.035000000000000142e+00 -1.051552020814150410e+03
5.047500000000000320e+00 -1.070748561892788302e+03
5.057500000000000107e+00 -1.078427178324222496e+03
5.070000000000000284e+00 -1.070748561892788302e+03
5.080000000000000071e+00 -1.066909253677060633e+03
5.092499999999999361e+00 -1.055391329029877852e+03
5.102500000000000036e+00 -1.055391329029877852e+03
5.115000000000000213e+00 -1.047712712598422740e+03
5.125000000000000000e+00 -1.055391329029877852e+03
5.137500000000000178e+00 -1.078427178324222496e+03
5.150000000000000355e+00 -1.074587870108494826e+03
5.160000000000000142e+00 -1.086105794755677607e+03
5.172500000000000320e+00 -1.089945102971405049e+03
5.182500000000000107e+00 -1.070748561892788302e+03
5.195000000000001172e+00 -1.051552020814150410e+03
5.205000000000000071e+00 -1.047712712598422740e+03
5.217500000000001137e+00 -1.036194787951240187e+03
5.227500000000000036e+00 -1.032355479735512517e+03
5.240000000000001101e+00 -1.043873404382695298e+03
5.250000000000000000e+00 -1.055391329029877852e+03
5.262500000000001066e+00 -1.074587870108494826e+03
5.275000000000001243e+00 -1.082266486539949938e+03
5.285000000000001030e+00 -1.078427178324222496e+03
5.297500000000001208e+00 -1.059230637245605521e+03
5.307500000000000995e+00 -1.063069945461332964e+03
5.320000000000001172e+00 -1.055391329029877852e+03
5.330000000000000959e+00 -1.055391329029877852e+03
5.342500000000001137e+00 -1.055391329029877852e+03
5.352500000000000924e+00 -1.066909253677060633e+03
5.365000000000001101e+00 -1.089945102971405049e+03
5.375000000000000888e+00 -1.086105794755677607e+03
5.387500000000001066e+00 -1.093784411187132491e+03
5.400000000000001243e+00 -1.074587870108494826e+03
5.410000000000001030e+00 -1.070748561892788302e+03
5.422500000000001208e+00 -1.047712712598422740e+03
5.432500000000000995e+00 -1.040034096166967856e+03
5.445000000000001172e+00 -1.032355479735512517e+03
5.455000000000001847e+00 -1.040034096166967856e+03
5.467500000000001137e+00 -1.051552020814150410e+03
5.477500000000001812e+00 -1.070748561892788302e+03
5.490000000000001101e+00 -1.074587870108494826e+03
5.500000000000001776e+00 -1.070748561892788302e+03
5.512500000000001066e+00 -1.066909253677060633e+03
5.525000000000001243e+00 -1.055391329029877852e+03
5.535000000000001918e+00 -1.047712712598422740e+03
5.547500000000001208e+00 -1.043873404382695298e+03
5.557500000000001883e+00 -1.047712712598422740e+03
5.570000000000001172e+00 -1.059230637245605521e+03
5.580000000000001847e+00 -1.070748561892788302e+03
5.592500000000001137e+00 -1.086105794755677607e+03
5.602500000000001812e+00 -1.089945102971405049e+03
5.615000000000001990e+00 -1.086105794755677607e+03
5.625000000000001776e+00 -1.070748561892788302e+03
5.637500000000001954e+00 -1.047712712598422740e+03
5.650000000000001243e+00 -1.040034096166967856e+03
5.660000000000001918e+00 -1.047712712598422740e+03
5.672500000000001208e+00 -1.036194787951240187e+03
5.682500000000001883e+00 -1.051552020814150410e+03
5.695000000000002061e+00 -1.070748561892788302e+03
5.705000000000001847e+00 -1.074587870108494826e+03
5.717500000000002025e+00 -1.074587870108494826e+03
5.727500000000001812e+00 -1.063069945461332964e+03
5.740000000000001990e+00 -1.047712712598422740e+03
5.750000000000001776e+00 -1.047712712598422740e+03
5.762500000000001954e+00 -1.040034096166967856e+03
5.775000000000002132e+00 -1.036194787951240187e+03
5.785000000000001918e+00 -1.055391329029877852e+03
5.797500000000002096e+00 -1.063069945461332964e+03
5.807500000000001883e+00 -1.074587870108494826e+03
5.820000000000002061e+00 -1.074587870108494826e+03
5.830000000000001847e+00 -1.070748561892788302e+03
5.842500000000002025e+00 -1.059230637245605521e+03
5.852500000000001812e+00 -1.047712712598422740e+03
5.865000000000001990e+00 -1.028516171519785075e+03
5.875000000000001776e+00 -1.036194787951240187e+03
5.887500000000001954e+00 -1.036194787951240187e+03
5.900000000000002132e+00 -1.040034096166967856e+03
5.910000000000001918e+00 -1.040034096166967856e+03
5.922500000000002096e+00 -1.051552020814150410e+03
5.932500000000001883e+00 -1.059230637245605521e+03
5.945000000000002061e+00 -1.047712712598422740e+03
5.955000000000001847e+00 -1.028516171519785075e+03
5.967500000000002025e+00 -1.020837555088350882e+03
5.977500000000001812e+00 -1.024676863304078324e+03
5.990000000000001990e+00 -1.009319630441168101e+03
6.012500000000000178e+00 -1.032355479735512517e+03
6.025000000000000355e+00 -1.051552020814150410e+03
6.035000000000000142e+00 -1.047712712598422740e+03
6.047500000000000320e+00 -1.055391329029877852e+03
6.057500000000000107e+00 -1.040034096166967856e+03
6.070000000000000284e+00 -1.032355479735512517e+03
6.080000000000000071e+00 -1.013158938656895657e+03
6.092500000000000249e+00 -1.016998246872623213e+03
6.102500000000000036e+00 -1.016998246872623213e+03
6.115000000000000213e+00 -1.024676863304078324e+03
6.125000000000000000e+00 -1.036194787951240187e+03
6.137500000000000178e+00 -1.043873404382695298e+03
6.150000000000000355e+00 -1.043873404382695298e+03
6.160000000000000142e+00 -1.032355479735512517e+03
6.172500000000000320e+00 -1.028516171519785075e+03
6.182500000000000107e+00 -1.016998246872623213e+03
6.195000000000001172e+00 -9.978017057939855476e+02
6.205000000000000071e+00 -1.005480322225440545e+03
6.217500000000001137e+00 -1.016998246872623213e+03
6.227500000000000036e+00 -1.024676863304078324e+03
6.240000000000001101e+00 -1.028516171519785075e+03
6.250000000000000000e+00 -1.040034096166967856e+03
6.262500000000001066e+00 -1.032355479735512517e+03
6.275000000000001243e+00 -1.020837555088350882e+03
6.285000000000001030e+00 -1.005480322225440545e+03
6.297500000000001208e+00 -9.978017057939855476e+02
6.307500000000000995e+00 -9.862837811468027667e+02
6.320000000000001172e+00 -1.005480322225440545e+03
6.330000000000000959e+00 -1.016998246872623213e+03
6.342500000000001137e+00 -1.009319630441168101e+03
6.352500000000000924e+00 -1.009319630441168101e+03
6.365000000000001101e+00 -1.020837555088350882e+03
6.375000000000000888e+00 -1.013158938656895657e+03
6.387500000000001066e+00 -1.005480322225440545e+03
6.400000000000001243e+00 -9.824444729310752109e+02
6.410000000000001030e+00 -9.824444729310752109e+02
6.422500000000001208e+00 -9.824444729310752109e+02
6.432500000000000995e+00 -9.939623975782579919e+02
6.445000000000001172e+00 -1.009319630441168101e+03
6.455000000000001847e+00 -1.013158938656895657e+03
6.467500000000001137e+00 -1.013158938656895657e+03
6.477500000000001812e+00 -1.005480322225440545e+03
6.490000000000001101e+00 -1.005480322225440545e+03
6.500000000000001776e+00 -9.901230893625303224e+02
6.512500000000001066e+00 -9.824444729310752109e+02
6.525000000000001243e+00 -9.862837811468027667e+02
6.535000000000001030e+00 -9.901230893625303224e+02
6.547500000000001208e+00 -9.978017057939855476e+02
6.557500000000001883e+00 -1.009319630441168101e+03
6.570000000000001172e+00 -1.016998246872623213e+03
6.580000000000001847e+00 -1.009319630441168101e+03
6.592500000000001137e+00 -1.009319630441168101e+03
6.602500000000001812e+00 -9.978017057939855476e+02
6.615000000000001101e+00 -9.786051647153685735e+02
6.625000000000001776e+00 -9.709265482839134620e+02
6.637500000000001954e+00 -9.709265482839134620e+02
6.650000000000001243e+00 -9.786051647153685735e+02
6.660000000000001918e+00 -9.939623975782579919e+02
6.672500000000001208e+00 -1.005480322225440545e+03
6.682500000000001883e+00 -1.009319630441168101e+03
6.695000000000001172e+00 -1.001641014009713103e+03
6.705000000000001847e+00 -9.862837811468027667e+02
6.717500000000002025e+00 -9.709265482839134620e+02
6.727500000000001812e+00 -9.670872400681857926e+02
6.740000000000001990e+00 -9.594086236367306810e+02
6.750000000000001776e+00 -9.747658564996410178e+02
6.762500000000001954e+00 -9.824444729310752109e+02
6.775000000000001243e+00 -9.901230893625303224e+02
6.785000000000001918e+00 -1.005480322225440545e+03
6.797500000000002096e+00 -1.001641014009713103e+03
6.807500000000001883e+00 -9.939623975782579919e+02
6.820000000000002061e+00 -9.862837811468027667e+02
6.830000000000001847e+00 -9.824444729310752109e+02
6.842500000000002025e+00 -9.670872400681857926e+02
6.852500000000001812e+00 -9.632479318524582368e+02
6.865000000000001990e+00 -9.862837811468027667e+02
6.875000000000002665e+00 -9.786051647153685735e+02
6.887500000000001954e+00 -9.939623975782579919e+02
6.900000000000002132e+00 -9.978017057939855476e+02
6.910000000000001918e+00 -1.001641014009713103e+03
6.922500000000002096e+00 -9.939623975782579919e+02
6.932500000000001883e+00 -9.709265482839134620e+02
6.945000000000002061e+00 -9.555693154210033526e+02
6.955000000000002736e+00 -9.594086236367306810e+02
6.967500000000002025e+00 -9.594086236367306810e+02
6.977500000000002700e+00 -9.786051647153685735e+02
6.990000000000001101e+00 -9.747658564996410178e+02
7.012500000000000178e+00 -1.001641014009713103e+03
7.025000000000000355e+00 -9.978017057939855476e+02
7.035000000000000142e+00 -9.747658564996410178e+02
7.047500000000000320e+00 -9.786051647153685735e+02
7.057500000000000107e+00 -9.594086236367306810e+02
7.070000000000000284e+00 -9.709265482839134620e+02
7.080000000000000071e+00 -9.632479318524582368e+02
7.092500000000000249e+00 -9.901230893625303224e+02
7.102500000000000036e+00 -9.901230893625303224e+02
7.115000000000001101e+00 -1.005480322225440545e+03
7.125000000000000000e+00 -1.001641014009713103e+03
7.137500000000000178e+00 -9.939623975782579919e+02
7.150000000000000355e+00 -9.862837811468027667e+02
7.160000000000000142e+00 -9.747658564996410178e+02
7.172500000000000320e+00 -9.709265482839134620e+02
7.182500000000000107e+00 -9.709265482839134620e+02
7.195000000000001172e+00 -9.786051647153685735e+02
7.205000000000000071e+00 -9.939623975782579919e+02
7.217500000000001137e+00 -1.001641014009713103e+03
7.227500000000000036e+00 -1.016998246872623213e+03
7.240000000000001101e+00 -1.005480322225440545e+03
7.250000000000000000e+00 -1.001641014009713103e+03
7.262500000000001066e+00 -9.862837811468027667e+02
7.275000000000001243e+00 -9.786051647153685735e+02
7.285000000000001030e+00 -9.747658564996410178e+02
7.297500000000001208e+00 -9.747658564996410178e+02
7.307500000000000995e+00 -9.901230893625303224e+02
7.320000000000001172e+00 -1.009319630441168101e+03
7.330000000000000959e+00 -1.020837555088350882e+03
7.342500000000001137e+00 -1.013158938656895657e+03
7.352500000000000924e+00 -1.009319630441168101e+03
7.365000000000001101e+00 -1.001641014009713103e+03
7.375000000000001776e+00 -9.824444729310752109e+02
7.387500000000001066e+00 -9.862837811468027667e+02
7.400000000000001243e+00 -9.824444729310752109e+02
7.410000000000001030e+00 -9.824444729310752109e+02
7.422500000000001208e+00 -9.978017057939855476e+02
7.432500000000000995e+00 -1.009319630441168101e+03
7.445000000000001172e+00 -1.005480322225440545e+03
7.455000000000001847e+00 -1.005480322225440545e+03
7.467500000000001137e+00 -9.939623975782579919e+02
7.477500000000001812e+00 -9.939623975782579919e+02
7.490000000000001101e+00 -9.824444729310752109e+02
7.500000000000001776e+00 -9.901230893625303224e+02
7.512500000000001066e+00 -9.901230893625303224e+02
7.525000000000001243e+00 -9.901230893625303224e+02
7.535000000000001918e+00 -9.978017057939855476e+02
7.547500000000001208e+00 -1.009319630441168101e+03
7.557500000000001883e+00 -1.009319630441168101e+03
7.570000000000001172e+00 -1.001641014009713103e+03
7.580000000000001847e+00 -9.978017057939855476e+02
7.592500000000001137e+00 -9.862837811468027667e+02
7.602500000000001812e+00 -9.862837811468027667e+02
7.615000000000001990e+00 -9.824444729310752109e+02
7.625000000000001776e+00 -9.939623975782579919e+02
7.637500000000001954e+00 -9.978017057939855476e+02
7.650000000000001243e+00 -1.005480322225440545e+03
7.660000000000001918e+00 -1.009319630441168101e+03
7.672500000000001208e+00 -1.009319630441168101e+03
7.682500000000001883e+00 -9.978017057939855476e+02
7.695000000000002061e+00 -9.824444729310752109e+02
7.705000000000001847e+00 -9.824444729310752109e+02
7.717500000000002025e+00 -9.824444729310752109e+02
7.727500000000001812e+00 -9.824444729310752109e+02
7.740000000000001990e+00 -9.862837811468027667e+02
7.750000000000001776e+00 -1.005480322225440545e+03
7.762500000000001954e+00 -1.005480322225440545e+03
7.775000000000002132e+00 -1.009319630441168101e+03
7.785000000000001918e+00 -1.005480322225440545e+03
7.797500000000002096e+00 -9.978017057939855476e+02
7.807500000000001883e+00 -9.824444729310752109e+02
7.820000000000002061e+00 -9.747658564996410178e+02
7.830000000000001847e+00 -9.824444729310752109e+02
7.842500000000002025e+00 -9.978017057939855476e+02
7.852500000000001812e+00 -1.005480322225440545e+03
7.865000000000001990e+00 -1.013158938656895657e+03
7.875000000000001776e+00 -1.013158938656895657e+03
7.887500000000001954e+00 -1.016998246872623213e+03
7.900000000000002132e+00 -1.005480322225440545e+03
7.910000000000001918e+00 -9.939623975782579919e+02
7.922500000000002096e+00 -9.786051647153685735e+02
7.932500000000001883e+00 -9.824444729310752109e+02
7.945000000000002061e+00 -9.901230893625303224e+02
7.955000000000001847e+00 -9.901230893625303224e+02
7.967500000000002025e+00 -1.013158938656895657e+03
7.977500000000001812e+00 -1.016998246872623213e+03
7.990000000000001990e+00 -1.013158938656895657e+03
8.012500000000001066e+00 -9.939623975782579919e+02
8.025000000000000355e+00 -9.824444729310752109e+02
8.035000000000000142e+00 -9.709265482839134620e+02
8.047500000000001208e+00 -9.709265482839134620e+02
8.057500000000000995e+00 -9.824444729310752109e+02
8.070000000000000284e+00 -9.901230893625303224e+02
8.080000000000000071e+00 -1.009319630441168101e+03
8.092500000000001137e+00 -1.009319630441168101e+03
8.102500000000000924e+00 -1.013158938656895657e+03
8.115000000000000213e+00 -1.005480322225440545e+03
8.125000000000000000e+00 -9.901230893625303224e+02
8.137500000000001066e+00 -9.901230893625303224e+02
8.150000000000000355e+00 -9.901230893625303224e+02
8.160000000000000142e+00 -1.001641014009713103e+03
8.172500000000001208e+00 -9.978017057939855476e+02
8.182500000000000995e+00 -1.009319630441168101e+03
8.195000000000000284e+00 -1.020837555088350882e+03
8.205000000000000071e+00 -1.016998246872623213e+03
8.217500000000001137e+00 -1.009319630441168101e+03
8.227500000000000924e+00 -9.939623975782579919e+02
8.240000000000000213e+00 -9.824444729310752109e+02
8.250000000000000000e+00 -9.747658564996410178e+02
8.262500000000001066e+00 -9.670872400681857926e+02
8.275000000000000355e+00 -9.747658564996410178e+02
8.285000000000000142e+00 -9.709265482839134620e+02
8.297500000000001208e+00 -9.939623975782579919e+02
8.307500000000000995e+00 -1.009319630441168101e+03
8.320000000000000284e+00 -1.001641014009713103e+03
8.330000000000000071e+00 -1.001641014009713103e+03
8.342500000000001137e+00 -9.824444729310752109e+02
8.352500000000000924e+00 -9.786051647153685735e+02
8.365000000000000213e+00 -9.786051647153685735e+02
8.375000000000000000e+00 -9.786051647153685735e+02
8.387500000000001066e+00 -9.862837811468027667e+02
8.400000000000000355e+00 -1.005480322225440545e+03
8.410000000000000142e+00 -1.013158938656895657e+03
8.422500000000001208e+00 -1.013158938656895657e+03
8.432500000000000995e+00 -1.013158938656895657e+03
8.445000000000000284e+00 -1.005480322225440545e+03
8.455000000000000071e+00 -9.939623975782579919e+02
8.467500000000001137e+00 -9.862837811468027667e+02
8.477500000000000924e+00 -9.824444729310752109e+02
8.490000000000000213e+00 -9.747658564996410178e+02
8.500000000000000000e+00 -9.786051647153685735e+02
8.512500000000001066e+00 -9.978017057939855476e+02
8.525000000000002132e+00 -9.939623975782579919e+02
8.535000000000000142e+00 -9.939623975782579919e+02
8.547500000000001208e+00 -9.978017057939855476e+02
8.557500000000000995e+00 -9.939623975782579919e+02
8.570000000000002061e+00 -9.862837811468027667e+02
8.580000000000000071e+00 -9.747658564996410178e+02
8.592500000000001137e+00 -9.786051647153685735e+02
8.602500000000000924e+00 -9.978017057939855476e+02
8.615000000000001990e+00 -9.978017057939855476e+02
8.625000000000000000e+00 -1.013158938656895657e+03
8.637500000000001066e+00 -1.013158938656895657e+03
8.650000000000002132e+00 -1.005480322225440545e+03
8.660000000000000142e+00 -1.005480322225440545e+03
8.672500000000001208e+00 -9.978017057939855476e+02
8.682500000000000995e+00 -9.824444729310752109e+02
8.695000000000002061e+00 -9.939623975782579919e+02
8.705000000000000071e+00 -9.862837811468027667e+02
8.717500000000001137e+00 -9.939623975782579919e+02
8.727500000000002700e+00 -9.939623975782579919e+02
8.740000000000001990e+00 -1.001641014009713103e+03
8.750000000000001776e+00 -1.005480322225440545e+03
8.762500000000001066e+00 -9.901230893625303224e+02
8.775000000000002132e+00 -9.862837811468027667e+02
8.785000000000001918e+00 -9.786051647153685735e+02
8.797500000000001208e+00 -9.670872400681857926e+02
8.807500000000002771e+00 -9.786051647153685735e+02
8.820000000000002061e+00 -9.747658564996410178e+02
8.830000000000003624e+00 -9.939623975782579919e+02
8.842500000000001137e+00 -1.009319630441168101e+03
8.852500000000002700e+00 -1.005480322225440545e+03
8.865000000000001990e+00 -1.013158938656895657e+03
8.875000000000003553e+00 -1.005480322225440545e+03
8.887500000000002842e+00 -9.978017057939855476e+02
8.900000000000002132e+00 -9.786051647153685735e+02
8.910000000000003695e+00 -9.824444729310752109e+02
8.922500000000001208e+00 -9.901230893625303224e+02
8.932500000000002771e+00 -9.978017057939855476e+02
8.945000000000002061e+00 -1.005480322225440545e+03
8.955000000000003624e+00 -1.009319630441168101e+03
8.967500000000002913e+00 -1.009319630441168101e+03
8.977500000000002700e+00 -1.005480322225440545e+03
8.990000000000001990e+00 -9.862837811468027667e+02
9.012500000000001066e+00 -9.709265482839134620e+02
9.025000000000002132e+00 -9.824444729310752109e+02
9.035000000000001918e+00 -9.824444729310752109e+02
9.047500000000001208e+00 -1.001641014009713103e+03
9.057500000000000995e+00 -1.005480322225440545e+03
9.070000000000002061e+00 -1.016998246872623213e+03
9.080000000000001847e+00 -1.005480322225440545e+03
9.092500000000001137e+00 -1.001641014009713103e+03
9.102500000000000924e+00 -9.901230893625303224e+02
9.115000000000001990e+00 -9.709265482839134620e+02
9.125000000000001776e+00 -9.632479318524582368e+02
9.137500000000001066e+00 -9.670872400681857926e+02
9.150000000000002132e+00 -9.747658564996410178e+02
9.160000000000001918e+00 -9.901230893625303224e+02
9.172500000000001208e+00 -9.939623975782579919e+02
9.182500000000000995e+00 -9.901230893625303224e+02
9.195000000000002061e+00 -9.901230893625303224e+02
9.205000000000001847e+00 -9.747658564996410178e+02
9.217500000000001137e+00 -9.594086236367306810e+02
9.227500000000000924e+00 -9.555693154210033526e+02
9.240000000000001990e+00 -9.555693154210033526e+02
9.250000000000001776e+00 -9.594086236367306810e+02
9.262500000000001066e+00 -9.747658564996410178e+02
9.275000000000002132e+00 -9.824444729310752109e+02
9.285000000000001918e+00 -9.862837811468027667e+02
9.297500000000001208e+00 -9.862837811468027667e+02
9.307500000000000995e+00 -9.747658564996410178e+02
9.320000000000002061e+00 -9.709265482839134620e+02
9.330000000000001847e+00 -9.517300072052755695e+02
9.342500000000001137e+00 -9.478906989895481274e+02
9.352500000000000924e+00 -9.594086236367306810e+02
9.365000000000001990e+00 -9.594086236367306810e+02
9.375000000000001776e+00 -9.670872400681857926e+02
9.387500000000001066e+00 -9.786051647153685735e+02
9.400000000000002132e+00 -9.862837811468027667e+02
9.410000000000001918e+00 -9.786051647153685735e+02
9.422500000000001208e+00 -9.632479318524582368e+02
9.432500000000000995e+00 -9.594086236367306810e+02
9.445000000000002061e+00 -9.440513907738205717e+02
9.455000000000001847e+00 -9.478906989895481274e+02
9.467500000000001137e+00 -9.555693154210033526e+02
9.477500000000000924e+00 -9.594086236367306810e+02
9.490000000000001990e+00 -9.862837811468027667e+02
9.500000000000001776e+00 -9.786051647153685735e+02
9.512500000000001066e+00 -9.862837811468027667e+02
9.525000000000002132e+00 -9.786051647153685735e+02
9.535000000000001918e+00 -9.632479318524582368e+02
9.547500000000002984e+00 -9.517300072052755695e+02
9.557500000000000995e+00 -9.478906989895481274e+02
9.570000000000002061e+00 -9.478906989895481274e+02
9.580000000000001847e+00 -9.594086236367306810e+02
9.592500000000002913e+00 -9.632479318524582368e+02
9.602500000000000924e+00 -9.824444729310752109e+02
9.615000000000001990e+00 -9.901230893625303224e+02
9.625000000000001776e+00 -9.824444729310752109e+02
9.637500000000002842e+00 -9.709265482839134620e+02
9.650000000000002132e+00 -9.555693154210033526e+02
9.660000000000001918e+00 -9.478906989895481274e+02
9.672500000000002984e+00 -9.440513907738205717e+02
9.682500000000000995e+00 -9.555693154210033526e+02
9.695000000000002061e+00 -9.670872400681857926e+02
9.705000000000001847e+00 -9.709265482839134620e+02
9.717500000000002913e+00 -9.786051647153685735e+02
9.727500000000002700e+00 -9.824444729310752109e+02
9.740000000000001990e+00 -9.747658564996410178e+02
9.750000000000003553e+00 -9.747658564996410178e+02
9.762500000000002842e+00 -9.555693154210033526e+02
9.775000000000002132e+00 -9.594086236367306810e+02
9.785000000000001918e+00 -9.517300072052755695e+02
9.797500000000002984e+00 -9.555693154210033526e+02
9.807500000000004547e+00 -9.670872400681857926e+02
9.820000000000002061e+00 -9.747658564996410178e+02
9.830000000000003624e+00 -9.901230893625303224e+02
9.842500000000002913e+00 -9.901230893625303224e+02
9.852500000000004476e+00 -9.747658564996410178e+02
9.865000000000001990e+00 -9.594086236367306810e+02
9.875000000000003553e+00 -9.478906989895481274e+02
9.887500000000004619e+00 -9.517300072052755695e+02
9.900000000000002132e+00 -9.555693154210033526e+02
9.910000000000003695e+00 -9.632479318524582368e+02
9.922500000000002984e+00 -9.824444729310752109e+02
9.932500000000004547e+00 -9.824444729310752109e+02
9.945000000000002061e+00 -9.824444729310752109e+02
9.955000000000003624e+00 -9.824444729310752109e+02
9.967500000000004690e+00 -9.632479318524582368e+02
9.977500000000004476e+00 -9.517300072052755695e+02
9.990000000000001990e+00 -9.440513907738205717e+02
1.001250000000000107e+01 -9.440513907738205717e+02
1.002500000000000036e+01 -9.670872400681857926e+02
1.003500000000000014e+01 -9.555693154210033526e+02
1.004750000000000121e+01 -9.824444729310752109e+02
1.005750000000000099e+01 -9.862837811468027667e+02
1.007000000000000028e+01 -9.786051647153685735e+02
1.008000000000000007e+01 -9.632479318524582368e+02
1.009250000000000114e+01 -9.517300072052755695e+02
1.010250000000000092e+01 -9.478906989895481274e+02
1.011500000000000021e+01 -9.440513907738205717e+02
1.012500000000000000e+01 -9.517300072052755695e+02
1.013750000000000107e+01 -9.478906989895481274e+02
1.015000000000000036e+01 -9.594086236367306810e+02
1.016000000000000014e+01 -9.670872400681857926e+02
1.017250000000000121e+01 -9.440513907738205717e+02
1.018250000000000099e+01 -9.363727743423654601e+02
1.019500000000000028e+01 -9.248548496952035975e+02
1.020500000000000007e+01 -9.210155414794761555e+02
1.021750000000000114e+01 -9.286941579109311533e+02
1.022750000000000092e+01 -9.286941579109311533e+02
1.024000000000000021e+01 -9.325334661266588228e+02
1.025000000000000000e+01 -9.363727743423654601e+02
1.026250000000000107e+01 -9.402120825580930159e+02
1.027500000000000036e+01 -9.363727743423654601e+02
1.028500000000000014e+01 -9.363727743423654601e+02
1.029750000000000121e+01 -9.248548496952035975e+02
1.030750000000000099e+01 -9.210155414794761555e+02
1.032000000000000028e+01 -9.133369250480209303e+02
1.033000000000000007e+01 -9.210155414794761555e+02
1.034250000000000114e+01 -9.248548496952035975e+02
1.035250000000000092e+01 -9.286941579109311533e+02
1.036500000000000021e+01 -9.402120825580930159e+02
1.037500000000000000e+01 -9.402120825580930159e+02
1.038750000000000107e+01 -9.210155414794761555e+02
1.040000000000000213e+01 -9.210155414794761555e+02
1.041000000000000014e+01 -9.133369250480209303e+02
1.042250000000000121e+01 -9.018190004008382630e+02
1.043250000000000099e+01 -9.133369250480209303e+02
1.044500000000000028e+01 -9.094976168322933745e+02
1.045500000000000007e+01 -9.210155414794761555e+02
1.046750000000000114e+01 -9.248548496952035975e+02
1.047750000000000092e+01 -9.363727743423654601e+02
1.049000000000000021e+01 -9.286941579109311533e+02
1.050000000000000000e+01 -9.286941579109311533e+02
1.051250000000000107e+01 -9.171762332637484860e+02
1.052500000000000213e+01 -9.094976168322933745e+02
1.053500000000000014e+01 -9.056583086165659324e+02
1.054750000000000121e+01 -9.171762332637484860e+02
1.055750000000000099e+01 -9.210155414794761555e+02
1.057000000000000206e+01 -9.325334661266588228e+02
1.058000000000000007e+01 -9.402120825580930159e+02
1.059250000000000114e+01 -9.363727743423654601e+02
1.060250000000000092e+01 -9.440513907738205717e+02
1.061500000000000199e+01 -9.286941579109311533e+02
1.062500000000000178e+01 -9.210155414794761555e+02
1.063750000000000107e+01 -8.979796921851107072e+02
1.065000000000000213e+01 -9.094976168322933745e+02
1.066000000000000192e+01 -9.171762332637484860e+02
1.067250000000000121e+01 -9.210155414794761555e+02
1.068250000000000099e+01 -9.325334661266588228e+02
1.069500000000000206e+01 -9.402120825580930159e+02
1.070500000000000185e+01 -9.248548496952035975e+02
1.071750000000000114e+01 -9.248548496952035975e+02
1.072750000000000270e+01 -9.018190004008382630e+02
1.074000000000000199e+01 -8.979796921851107072e+02
1.075000000000000178e+01 -8.787831511064937331e+02
1.076250000000000107e+01 -9.056583086165659324e+02
1.077500000000000213e+01 -9.210155414794761555e+02
1.078500000000000369e+01 -9.248548496952035975e+02
1.079750000000000121e+01 -9.363727743423654601e+02
1.080750000000000277e+01 -9.402120825580930159e+02
1.082000000000000206e+01 -9.363727743423654601e+02
1.083000000000000362e+01 -9.248548496952035975e+02
1.084250000000000114e+01 -9.133369250480209303e+02
1.085250000000000270e+01 -9.133369250480209303e+02
1.086500000000000377e+01 -9.018190004008382630e+02
1.087500000000000355e+01 -9.094976168322933745e+02
1.088750000000000284e+01 -9.248548496952035975e+02
1.090000000000000213e+01 -9.363727743423654601e+02
1.091000000000000369e+01 -9.478906989895481274e+02
1.092250000000000121e+01 -9.440513907738205717e+02
1.093250000000000277e+01 -9.363727743423654601e+02
1.094500000000000384e+01 -9.171762332637484860e+02
1.095500000000000362e+01 -9.094976168322933745e+02
1.096750000000000291e+01 -9.056583086165659324e+02
1.097750000000000270e+01 -9.056583086165659324e+02
1.099000000000000199e+01 -9.133369250480209303e+02
1.101249999999999929e+01 -9.286941579109311533e+02
1.102500000000000036e+01 -9.440513907738205717e+02
1.103500000000000014e+01 -9.325334661266588228e+02
1.104749999999999943e+01 -9.363727743423654601e+02
1.105749999999999922e+01 -9.248548496952035975e+02
1.107000000000000028e+01 -9.094976168322933745e+02
1.108000000000000007e+01 -8.979796921851107072e+02
1.109249999999999936e+01 -9.094976168322933745e+02
1.110249999999999915e+01 -9.094976168322933745e+02
1.111500000000000021e+01 -9.286941579109311533e+02
1.112500000000000000e+01 -9.363727743423654601e+02
1.113749999999999929e+01 -9.286941579109311533e+02
1.115000000000000036e+01 -9.210155414794761555e+02
1.116000000000000014e+01 -9.094976168322933745e+02
1.117249999999999943e+01 -9.094976168322933745e+02
1.118249999999999922e+01 -8.941403839693831515e+02
1.119500000000000028e+01 -8.903010757536557094e+02
1.120500000000000007e+01 -8.903010757536557094e+02
1.121749999999999936e+01 -9.094976168322933745e+02
1.122749999999999915e+01 -9.171762332637484860e+02
1.124000000000000021e+01 -9.248548496952035975e+02
1.125000000000000000e+01 -9.171762332637484860e+02
1.126249999999999929e+01 -9.056583086165659324e+02
1.127500000000000036e+01 -9.056583086165659324e+02
1.128500000000000014e+01 -8.941403839693831515e+02
1.129749999999999943e+01 -8.941403839693831515e+02
1.130749999999999922e+01 -8.864617675379489583e+02
1.132000000000000028e+01 -8.979796921851107072e+02
1.133000000000000007e+01 -9.094976168322933745e+02
1.134249999999999936e+01 -9.210155414794761555e+02
1.135249999999999915e+01 -9.210155414794761555e+02
1.136500000000000021e+01 -9.133369250480209303e+02
1.137500000000000000e+01 -9.056583086165659324e+02
1.138749999999999929e+01 -8.979796921851107072e+02
1.140000000000000036e+01 -8.979796921851107072e+02
1.141000000000000014e+01 -8.864617675379489583e+02
1.142250000000000121e+01 -8.941403839693831515e+02
1.143249999999999922e+01 -8.979796921851107072e+02
1.144500000000000028e+01 -9.094976168322933745e+02
1.145500000000000007e+01 -9.210155414794761555e+02
1.146750000000000114e+01 -9.210155414794761555e+02
1.147749999999999915e+01 -9.248548496952035975e+02
1.149000000000000021e+01 -8.979796921851107072e+02
1.150000000000000000e+01 -8.903010757536557094e+02
1.151249999999999929e+01 -8.903010757536557094e+02
1.152500000000000036e+01 -8.864617675379489583e+02
1.153500000000000014e+01 -8.979796921851107072e+02
1.154750000000000121e+01 -9.094976168322933745e+02
1.155749999999999922e+01 -9.171762332637484860e+02
1.157000000000000028e+01 -9.056583086165659324e+02
1.158000000000000007e+01 -9.094976168322933745e+02
1.159250000000000114e+01 -8.979796921851107072e+02
1.160249999999999915e+01 -8.941403839693831515e+02
1.161500000000000021e+01 -8.864617675379489583e+02
1.162500000000000000e+01 -8.826224593222214025e+02
1.163750000000000107e+01 -8.941403839693831515e+02
1.165000000000000036e+01 -9.056583086165659324e+02
1.166000000000000014e+01 -9.171762332637484860e+02
1.167250000000000121e+01 -9.248548496952035975e+02
1.168250000000000099e+01 -9.286941579109311533e+02
1.169500000000000028e+01 -9.133369250480209303e+02
1.170500000000000007e+01 -9.094976168322933745e+02
1.171750000000000114e+01 -8.941403839693831515e+02
1.172750000000000270e+01 -8.903010757536557094e+02
1.174000000000000021e+01 -8.941403839693831515e+02
1.175000000000000178e+01 -9.018190004008382630e+02
1.176250000000000107e+01 -9.018190004008382630e+02
1.177500000000000036e+01 -9.210155414794761555e+02
1.178500000000000014e+01 -9.171762332637484860e+02
1.179750000000000121e+01 -9.094976168322933745e+02
1.180750000000000277e+01 -8.979796921851107072e+02
1.182000000000000028e+01 -8.864617675379489583e+02
1.183000000000000185e+01 -8.826224593222214025e+02
1.184250000000000114e+01 -8.826224593222214025e+02
1.185250000000000270e+01 -8.864617675379489583e+02
1.186500000000000021e+01 -8.941403839693831515e+02
1.187500000000000178e+01 -9.094976168322933745e+02
1.188750000000000284e+01 -9.210155414794761555e+02
1.190000000000000036e+01 -9.248548496952035975e+02
1.191000000000000192e+01 -9.171762332637484860e+02
1.192250000000000121e+01 -8.979796921851107072e+02
1.193250000000000277e+01 -8.941403839693831515e+02
1.194500000000000028e+01 -8.941403839693831515e+02
1.195500000000000185e+01 -8.864617675379489583e+02
1.196750000000000291e+01 -9.018190004008382630e+02
1.197750000000000270e+01 -9.171762332637484860e+02
1.199000000000000021e+01 -9.286941579109311533e+02
1.201250000000000107e+01 -9.133369250480209303e+02
1.202500000000000036e+01 -8.979796921851107072e+02
1.203500000000000014e+01 -8.941403839693831515e+02
1.204750000000000121e+01 -8.941403839693831515e+02
1.205750000000000099e+01 -8.903010757536557094e+02
1.207000000000000028e+01 -8.826224593222214025e+02
1.208000000000000007e+01 -9.018190004008382630e+02
1.209250000000000114e+01 -9.171762332637484860e+02
1.210250000000000092e+01 -9.248548496952035975e+02
1.211500000000000021e+01 -9.171762332637484860e+02
1.212500000000000000e+01 -9.133369250480209303e+02
1.213750000000000107e+01 -9.056583086165659324e+02
1.215000000000000036e+01 -8.903010757536557094e+02
1.216000000000000014e+01 -8.903010757536557094e+02
1.217250000000000121e+01 -8.979796921851107072e+02
1.218250000000000099e+01 -9.056583086165659324e+02
1.219500000000000028e+01 -9.094976168322933745e+02
1.220500000000000007e+01 -9.363727743423654601e+02
1.221750000000000114e+01 -9.286941579109311533e+02
1.222750000000000092e+01 -9.363727743423654601e+02
1.224000000000000021e+01 -9.171762332637484860e+02
1.225000000000000000e+01 -9.094976168322933745e+02
1.226250000000000107e+01 -9.018190004008382630e+02
1.227500000000000036e+01 -8.941403839693831515e+02
1.228500000000000014e+01 -8.903010757536557094e+02
1.229750000000000121e+01 -9.056583086165659324e+02
1.230750000000000099e+01 -9.171762332637484860e+02
1.232000000000000028e+01 -9.248548496952035975e+02
1.233000000000000007e+01 -9.248548496952035975e+02
1.234250000000000114e+01 -9.133369250480209303e+02
1.235250000000000092e+01 -9.133369250480209303e+02
1.236500000000000021e+01 -9.018190004008382630e+02
1.237500000000000000e+01 -8.941403839693831515e+02
1.238750000000000107e+01 -8.864617675379489583e+02
1.240000000000000213e+01 -8.979796921851107072e+02
1.241000000000000014e+01 -9.056583086165659324e+02
1.242250000000000121e+01 -9.210155414794761555e+02
1.243250000000000099e+01 -9.133369250480209303e+02
1.244500000000000206e+01 -9.171762332637484860e+02
1.245500000000000007e+01 -9.056583086165659324e+02
1.246750000000000114e+01 -9.056583086165659324e+02
1.247750000000000092e+01 -8.941403839693831515e+02
1.249000000000000199e+01 -8.826224593222214025e+02
1.250000000000000000e+01 -8.903010757536557094e+02
1.251250000000000107e+01 -9.018190004008382630e+02
1.252500000000000213e+01 -9.018190004008382630e+02
1.253500000000000014e+01 -9.094976168322933745e+02
1.254750000000000121e+01 -9.210155414794761555e+02
1.255750000000000099e+01 -9.210155414794761555e+02
1.257000000000000206e+01 -9.171762332637484860e+02
1.258000000000000007e+01 -9.018190004008382630e+02
1.259250000000000114e+01 -8.787831511064937331e+02
1.260250000000000092e+01 -8.864617675379489583e+02
1.261500000000000199e+01 -8.941403839693831515e+02
1.262500000000000000e+01 -9.018190004008382630e+02
1.263750000000000107e+01 -9.056583086165659324e+02
1.265000000000000213e+01 -9.171762332637484860e+02
1.266000000000000192e+01 -9.171762332637484860e+02
1.267250000000000121e+01 -9.094976168322933745e+02
1.268250000000000099e+01 -8.979796921851107072e+02
1.269500000000000206e+01 -8.903010757536557094e+02
1.270500000000000185e+01 -8.864617675379489583e+02
1.271750000000000114e+01 -8.903010757536557094e+02
1.272750000000000270e+01 -9.018190004008382630e+02
1.274000000000000199e+01 -9.094976168322933745e+02
1.275000000000000178e+01 -9.171762332637484860e+02
1.276250000000000107e+01 -9.133369250480209303e+02
1.277500000000000213e+01 -9.171762332637484860e+02
1.278500000000000192e+01 -9.056583086165659324e+02
1.279750000000000121e+01 -8.941403839693831515e+02
1.280750000000000277e+01 -8.941403839693831515e+02
1.282000000000000206e+01 -8.864617675379489583e+02
1.283000000000000362e+01 -8.979796921851107072e+02
1.284250000000000114e+01 -9.018190004008382630e+02
1.285250000000000270e+01 -9.094976168322933745e+02
1.286500000000000199e+01 -9.210155414794761555e+02
1.287500000000000355e+01 -9.171762332637484860e+02
1.288750000000000284e+01 -9.094976168322933745e+02
1.290000000000000213e+01 -8.941403839693831515e+02
1.291000000000000369e+01 -8.864617675379489583e+02
1.292250000000000121e+01 -8.826224593222214025e+02
1.293250000000000277e+01 -8.941403839693831515e+02
1.294500000000000206e+01 -9.018190004008382630e+02
1.295500000000000362e+01 -9.210155414794761555e+02
1.296750000000000291e+01 -9.286941579109311533e+02
1.297750000000000270e+01 -9.286941579109311533e+02
1.299000000000000199e+01 -9.210155414794761555e+02
1.301250000000000107e+01 -9.133369250480209303e+02
1.302500000000000213e+01 -9.018190004008382630e+02
1.303500000000000192e+01 -8.864617675379489583e+02
1.304750000000000121e+01 -9.056583086165659324e+02
1.305750000000000099e+01 -9.094976168322933745e+02
1.307000000000000206e+01 -9.094976168322933745e+02
1.308000000000000185e+01 -9.248548496952035975e+02
1.309250000000000114e+01 -9.210155414794761555e+02
1.310250000000000092e+01 -9.056583086165659324e+02
1.311500000000000199e+01 -9.018190004008382630e+02
1.312500000000000178e+01 -8.903010757536557094e+02
1.313750000000000107e+01 -8.672652264593111795e+02
1.315000000000000213e+01 -8.826224593222214025e+02
1.316000000000000192e+01 -8.864617675379489583e+02
1.317250000000000121e+01 -8.941403839693831515e+02
1.318250000000000099e+01 -9.018190004008382630e+02
1.319500000000000206e+01 -9.133369250480209303e+02
1.320500000000000185e+01 -9.094976168322933745e+02
1.321750000000000114e+01 -8.941403839693831515e+02
1.322750000000000092e+01 -8.941403839693831515e+02
1.324000000000000199e+01 -8.903010757536557094e+02
1.325000000000000178e+01 -8.749438428907662910e+02
1.326250000000000107e+01 -8.711045346750387353e+02
1.327500000000000213e+01 -8.941403839693831515e+02
1.328500000000000192e+01 -9.018190004008382630e+02
1.329750000000000121e+01 -9.094976168322933745e+02
1.330750000000000099e+01 -9.094976168322933745e+02
1.332000000000000206e+01 -9.056583086165659324e+02
1.333000000000000185e+01 -8.864617675379489583e+02
1.334250000000000114e+01 -8.787831511064937331e+02
1.335250000000000092e+01 -8.749438428907662910e+02
1.336500000000000199e+01 -8.634259182435836237e+02
1.337500000000000178e+01 -8.864617675379489583e+02
1.338750000000000107e+01 -8.903010757536557094e+02
1.340000000000000213e+01 -9.056583086165659324e+02
1.341000000000000192e+01 -8.979796921851107072e+02
1.342250000000000298e+01 -9.094976168322933745e+02
1.343250000000000099e+01 -8.979796921851107072e+02
1.344500000000000206e+01 -8.826224593222214025e+02
1.345500000000000185e+01 -8.749438428907662910e+02
1.346750000000000291e+01 -8.672652264593111795e+02
1.347750000000000092e+01 -8.787831511064937331e+02
1.349000000000000199e+01 -8.787831511064937331e+02
1.350000000000000178e+01 -8.903010757536557094e+02
1.351250000000000107e+01 -9.056583086165659324e+02
1.352500000000000213e+01 -9.018190004008382630e+02
1.353500000000000192e+01 -8.979796921851107072e+02
1.354750000000000298e+01 -8.864617675379489583e+02
1.355750000000000099e+01 -8.749438428907662910e+02
1.357000000000000206e+01 -8.749438428907662910e+02
1.358000000000000185e+01 -8.634259182435836237e+02
1.359250000000000291e+01 -8.711045346750387353e+02
1.360250000000000092e+01 -8.864617675379489583e+02
1.361500000000000199e+01 -9.018190004008382630e+02
1.362500000000000178e+01 -9.018190004008382630e+02
1.363750000000000284e+01 -8.979796921851107072e+02
1.365000000000000213e+01 -8.941403839693831515e+02
1.366000000000000192e+01 -8.941403839693831515e+02
1.367250000000000298e+01 -8.711045346750387353e+02
1.368250000000000277e+01 -8.749438428907662910e+02
1.369500000000000206e+01 -8.749438428907662910e+02
1.370500000000000185e+01 -8.903010757536557094e+02
1.371750000000000291e+01 -9.018190004008382630e+02
1.372750000000000270e+01 -9.056583086165659324e+02
1.374000000000000199e+01 -9.018190004008382630e+02
1.375000000000000355e+01 -8.979796921851107072e+02
1.376250000000000284e+01 -8.941403839693831515e+02
1.377500000000000213e+01 -8.787831511064937331e+02
1.378500000000000192e+01 -8.749438428907662910e+02
1.379750000000000298e+01 -8.787831511064937331e+02
1.380750000000000455e+01 -8.787831511064937331e+02
1.382000000000000206e+01 -8.826224593222214025e+02
1.383000000000000362e+01 -8.941403839693831515e+02
1.384250000000000291e+01 -9.056583086165659324e+02
1.385250000000000448e+01 -9.056583086165659324e+02
1.386500000000000199e+01 -9.018190004008382630e+02
1.387500000000000355e+01 -8.979796921851107072e+02
1.388750000000000462e+01 -8.903010757536557094e+02
1.390000000000000213e+01 -8.711045346750387353e+02
1.391000000000000369e+01 -8.903010757536557094e+02
1.392250000000000298e+01 -8.903010757536557094e+02
1.393250000000000455e+01 -8.903010757536557094e+02
1.394500000000000206e+01 -9.018190004008382630e+02
1.395500000000000362e+01 -9.018190004008382630e+02
1.396750000000000469e+01 -9.056583086165659324e+02
1.397750000000000448e+01 -8.903010757536557094e+02
1.399000000000000199e+01 -8.787831511064937331e+02
1.401250000000000107e+01 -8.672652264593111795e+02
1.402500000000000036e+01 -8.749438428907662910e+02
1.403500000000000014e+01 -8.864617675379489583e+02
1.404750000000000121e+01 -8.941403839693831515e+02
1.405750000000000099e+01 -9.018190004008382630e+02
1.407000000000000028e+01 -9.018190004008382630e+02
1.408000000000000007e+01 -9.018190004008382630e+02
1.409250000000000114e+01 -8.826224593222214025e+02
1.410250000000000092e+01 -8.711045346750387353e+02
1.411500000000000021e+01 -8.711045346750387353e+02
1.412500000000000000e+01 -8.787831511064937331e+02
1.413750000000000107e+01 -8.749438428907662910e+02
1.415000000000000036e+01 -8.864617675379489583e+02
1.416000000000000014e+01 -8.941403839693831515e+02
1.417250000000000121e+01 -8.903010757536557094e+02
1.418250000000000099e+01 -8.903010757536557094e+02
1.419500000000000028e+01 -8.787831511064937331e+02
1.420500000000000007e+01 -8.749438428907662910e+02
1.421750000000000114e+01 -8.595866100278560680e+02
1.422750000000000092e+01 -8.557473018121285122e+02
1.424000000000000021e+01 -8.557473018121285122e+02
1.425000000000000000e+01 -8.672652264593111795e+02
1.426250000000000107e+01 -8.787831511064937331e+02
1.427500000000000036e+01 -8.864617675379489583e+02
1.428500000000000014e+01 -8.787831511064937331e+02
1.429750000000000121e+01 -8.749438428907662910e+02
1.430750000000000099e+01 -8.634259182435836237e+02
1.432000000000000028e+01 -8.595866100278560680e+02
1.433000000000000007e+01 -8.519079935964009564e+02
1.434250000000000114e+01 -8.595866100278560680e+02
1.435250000000000092e+01 -8.595866100278560680e+02
1.436500000000000021e+01 -8.749438428907662910e+02
1.437500000000000000e+01 -8.787831511064937331e+02
1.438750000000000107e+01 -8.903010757536557094e+02
1.440000000000000213e+01 -8.749438428907662910e+02
1.441000000000000014e+01 -8.672652264593111795e+02
1.442250000000000121e+01 -8.634259182435836237e+02
1.443250000000000099e+01 -8.519079935964009564e+02
1.444500000000000206e+01 -8.557473018121285122e+02
1.445500000000000007e+01 -8.519079935964009564e+02
1.446750000000000114e+01 -8.634259182435836237e+02
1.447750000000000092e+01 -8.711045346750387353e+02
1.449000000000000199e+01 -8.749438428907662910e+02
1.450000000000000000e+01 -8.826224593222214025e+02
1.451250000000000107e+01 -8.749438428907662910e+02
1.452500000000000213e+01 -8.672652264593111795e+02
1.453500000000000192e+01 -8.595866100278560680e+02
1.454750000000000121e+01 -8.557473018121285122e+02
1.455750000000000099e+01 -8.519079935964009564e+02
1.457000000000000206e+01 -8.634259182435836237e+02
1.458000000000000007e+01 -8.634259182435836237e+02
1.459250000000000114e+01 -8.903010757536557094e+02
1.460250000000000092e+01 -8.941403839693831515e+02
1.461500000000000199e+01 -8.787831511064937331e+02
1.462500000000000178e+01 -8.787831511064937331e+02
1.463750000000000107e+01 -8.595866100278560680e+02
1.465000000000000213e+01 -8.480686853806734007e+02
1.466000000000000192e+01 -8.557473018121285122e+02
1.467250000000000121e+01 -8.595866100278560680e+02
1.468250000000000099e+01 -8.634259182435836237e+02
1.469500000000000206e+01 -8.749438428907662910e+02
1.470500000000000362e+01 -8.864617675379489583e+02
1.471750000000000114e+01 -8.864617675379489583e+02
1.472750000000000270e+01 -8.787831511064937331e+02
1.474000000000000199e+01 -8.711045346750387353e+02
1.475000000000000355e+01 -8.634259182435836237e+02
1.476250000000000107e+01 -8.557473018121285122e+02
1.477500000000000213e+01 -8.519079935964009564e+02
1.478500000000000369e+01 -8.557473018121285122e+02
1.479750000000000121e+01 -8.672652264593111795e+02
1.480750000000000277e+01 -8.787831511064937331e+02
1.482000000000000206e+01 -8.826224593222214025e+02
1.483000000000000362e+01 -8.826224593222214025e+02
1.484250000000000114e+01 -8.787831511064937331e+02
1.485250000000000270e+01 -8.634259182435836237e+02
1.486500000000000377e+01 -8.595866100278560680e+02
1.487500000000000355e+01 -8.519079935964009564e+02
1.488750000000000284e+01 -8.519079935964009564e+02
1.490000000000000213e+01 -8.595866100278560680e+02
1.491000000000000369e+01 -8.749438428907662910e+02
1.492250000000000121e+01 -8.864617675379489583e+02
1.493250000000000277e+01 -8.826224593222214025e+02
1.494500000000000384e+01 -8.826224593222214025e+02
1.495500000000000362e+01 -8.826224593222214025e+02
1.496750000000000291e+01 -8.672652264593111795e+02
1.497750000000000270e+01 -8.711045346750387353e+02
1.499000000000000199e+01 -8.595866100278560680e+02
1.501249999999999929e+01 -8.826224593222214025e+02
1.502500000000000036e+01 -8.826224593222214025e+02
1.503500000000000014e+01 -8.979796921851107072e+02
1.504749999999999943e+01 -8.903010757536557094e+02
1.505749999999999922e+01 -8.826224593222214025e+02
1.507000000000000028e+01 -8.826224593222214025e+02
1.508000000000000007e+01 -8.595866100278560680e+02
1.509249999999999936e+01 -8.595866100278560680e+02
1.510249999999999915e+01 -8.519079935964009564e+02
1.511500000000000021e+01 -8.557473018121285122e+02
1.512500000000000000e+01 -8.787831511064937331e+02
1.513749999999999929e+01 -8.903010757536557094e+02
1.515000000000000036e+01 -8.903010757536557094e+02
1.516000000000000014e+01 -8.941403839693831515e+02
1.517249999999999943e+01 -8.787831511064937331e+02
1.518249999999999922e+01 -8.634259182435836237e+02
1.519500000000000028e+01 -8.711045346750387353e+02
1.520500000000000007e+01 -8.711045346750387353e+02
1.521749999999999936e+01 -8.711045346750387353e+02
1.522749999999999915e+01 -8.787831511064937331e+02
1.524000000000000021e+01 -8.941403839693831515e+02
1.525000000000000000e+01 -8.864617675379489583e+02
1.526249999999999929e+01 -8.941403839693831515e+02
1.527500000000000036e+01 -8.826224593222214025e+02
1.528500000000000014e+01 -8.749438428907662910e+02
1.529750000000000121e+01 -8.634259182435836237e+02
1.530749999999999922e+01 -8.557473018121285122e+02
1.532000000000000028e+01 -8.595866100278560680e+02
1.533000000000000007e+01 -8.557473018121285122e+02
1.534249999999999936e+01 -8.749438428907662910e+02
1.535249999999999915e+01 -8.787831511064937331e+02
1.536500000000000021e+01 -8.864617675379489583e+02
1.537500000000000000e+01 -8.864617675379489583e+02
1.538749999999999929e+01 -8.787831511064937331e+02
1.540000000000000036e+01 -8.634259182435836237e+02
1.541000000000000014e+01 -8.634259182435836237e+02
1.542250000000000121e+01 -8.595866100278560680e+02
1.543249999999999922e+01 -8.634259182435836237e+02
1.544500000000000028e+01 -8.903010757536557094e+02
1.545500000000000007e+01 -8.864617675379489583e+02
1.546750000000000114e+01 -8.903010757536557094e+02
1.547749999999999915e+01 -8.941403839693831515e+02
1.549000000000000021e+01 -8.787831511064937331e+02
1.550000000000000000e+01 -8.749438428907662910e+02
1.551250000000000107e+01 -8.711045346750387353e+02
1.552500000000000036e+01 -8.480686853806734007e+02
1.553500000000000014e+01 -8.595866100278560680e+02
1.554750000000000121e+01 -8.557473018121285122e+02
1.555750000000000099e+01 -8.711045346750387353e+02
1.557000000000000028e+01 -8.864617675379489583e+02
1.558000000000000007e+01 -8.903010757536557094e+02
1.559250000000000114e+01 -8.787831511064937331e+02
1.560250000000000092e+01 -8.711045346750387353e+02
1.561500000000000021e+01 -8.634259182435836237e+02
1.562500000000000000e+01 -8.557473018121285122e+02
1.563750000000000284e+01 -8.557473018121285122e+02
1.565000000000000036e+01 -8.672652264593111795e+02
1.566000000000000014e+01 -8.711045346750387353e+02
1.567250000000000298e+01 -8.826224593222214025e+02
1.568250000000000277e+01 -8.979796921851107072e+02
1.569500000000000028e+01 -8.979796921851107072e+02
1.570500000000000007e+01 -8.864617675379489583e+02
1.571750000000000291e+01 -8.787831511064937331e+02
1.572750000000000270e+01 -8.711045346750387353e+02
1.574000000000000021e+01 -8.672652264593111795e+02
1.575000000000000000e+01 -8.595866100278560680e+02
1.576250000000000284e+01 -8.672652264593111795e+02
1.577500000000000036e+01 -8.826224593222214025e+02
1.578500000000000014e+01 -8.941403839693831515e+02
1.579750000000000298e+01 -8.941403839693831515e+02
1.580750000000000277e+01 -8.903010757536557094e+02
1.582000000000000028e+01 -8.787831511064937331e+02
1.583000000000000007e+01 -8.711045346750387353e+02
1.584250000000000291e+01 -8.634259182435836237e+02
1.585250000000000270e+01 -8.634259182435836237e+02
1.586500000000000021e+01 -8.595866100278560680e+02
1.587500000000000000e+01 -8.787831511064937331e+02
1.588750000000000284e+01 -8.864617675379489583e+02
1.590000000000000036e+01 -9.018190004008382630e+02
1.591000000000000014e+01 -8.979796921851107072e+02
1.592250000000000298e+01 -8.903010757536557094e+02
1.593250000000000277e+01 -8.903010757536557094e+02
1.594500000000000028e+01 -8.749438428907662910e+02
1.595500000000000007e+01 -8.711045346750387353e+02
1.596750000000000291e+01 -8.711045346750387353e+02
1.597750000000000270e+01 -8.749438428907662910e+02
1.599000000000000021e+01 -8.864617675379489583e+02
1.601249999999999929e+01 -8.903010757536557094e+02
1.602500000000000213e+01 -8.903010757536557094e+02
1.603500000000000014e+01 -8.826224593222214025e+02
1.604749999999999943e+01 -8.749438428907662910e+02
1.605749999999999744e+01 -8.672652264593111795e+02
1.607000000000000028e+01 -8.595866100278560680e+02
1.608000000000000185e+01 -8.595866100278560680e+02
1.609249999999999758e+01 -8.711045346750387353e+02
1.610249999999999915e+01 -8.826224593222214025e+02
1.611500000000000199e+01 -8.903010757536557094e+02
1.612500000000000000e+01 -8.941403839693831515e+02
1.613749999999999929e+01 -8.903010757536557094e+02
1.615000000000000213e+01 -8.787831511064937331e+02
1.616000000000000014e+01 -8.749438428907662910e+02
1.617249999999999943e+01 -8.595866100278560680e+02
1.618249999999999744e+01 -8.557473018121285122e+02
1.619500000000000028e+01 -8.595866100278560680e+02
1.620500000000000185e+01 -8.749438428907662910e+02
1.621749999999999758e+01 -8.826224593222214025e+02
1.622750000000000270e+01 -8.787831511064937331e+02
1.624000000000000199e+01 -8.864617675379489583e+02
1.625000000000000000e+01 -8.787831511064937331e+02
1.626249999999999929e+01 -8.749438428907662910e+02
1.627500000000000213e+01 -8.634259182435836237e+02
1.628500000000000014e+01 -8.557473018121285122e+02
1.629749999999999943e+01 -8.519079935964009564e+02
1.630750000000000099e+01 -8.634259182435836237e+02
1.632000000000000028e+01 -8.749438428907662910e+02
1.633000000000000185e+01 -8.864617675379489583e+02
1.634250000000000114e+01 -8.864617675379489583e+02
1.635250000000000270e+01 -8.826224593222214025e+02
1.636500000000000199e+01 -8.672652264593111795e+02
1.637500000000000000e+01 -8.595866100278560680e+02
1.638750000000000284e+01 -8.480686853806734007e+02
1.640000000000000213e+01 -8.519079935964009564e+02
1.641000000000000014e+01 -8.557473018121285122e+02
1.642249999999999943e+01 -8.595866100278560680e+02
1.643250000000000099e+01 -8.711045346750387353e+02
1.644500000000000028e+01 -8.749438428907662910e+02
1.645500000000000185e+01 -8.864617675379489583e+02
1.646750000000000469e+01 -8.672652264593111795e+02
1.647750000000000270e+01 -8.672652264593111795e+02
1.649000000000000199e+01 -8.595866100278560680e+02
1.650000000000000000e+01 -8.519079935964009564e+02
1.651250000000000284e+01 -8.442293771649458449e+02
1.652500000000000213e+01 -8.557473018121285122e+02
1.653500000000000014e+01 -8.711045346750387353e+02
1.654750000000000298e+01 -8.826224593222214025e+02
1.655750000000000455e+01 -8.864617675379489583e+02
1.657000000000000028e+01 -8.787831511064937331e+02
1.658000000000000185e+01 -8.749438428907662910e+02
1.659250000000000469e+01 -8.595866100278560680e+02
1.660250000000000270e+01 -8.557473018121285122e+02
1.661500000000000199e+01 -8.595866100278560680e+02
1.662500000000000000e+01 -8.557473018121285122e+02
1.663750000000000284e+01 -8.595866100278560680e+02
1.665000000000000213e+01 -8.826224593222214025e+02
1.666000000000000014e+01 -8.787831511064937331e+02
1.667250000000000298e+01 -8.903010757536557094e+02
1.668250000000000455e+01 -8.826224593222214025e+02
1.669500000000000028e+01 -8.595866100278560680e+02
1.670500000000000185e+01 -8.557473018121285122e+02
1.671750000000000469e+01 -8.557473018121285122e+02
1.672750000000000270e+01 -8.480686853806734007e+02
1.674000000000000199e+01 -8.519079935964009564e+02
1.675000000000000000e+01 -8.711045346750387353e+02
1.676250000000000284e+01 -8.787831511064937331e+02
1.677500000000000213e+01 -8.826224593222214025e+02
1.678500000000000014e+01 -8.787831511064937331e+02
1.679750000000000298e+01 -8.711045346750387353e+02
1.680750000000000455e+01 -8.519079935964009564e+02
1.682000000000000028e+01 -8.519079935964009564e+02
1.683000000000000185e+01 -8.595866100278560680e+02
1.684250000000000469e+01 -8.672652264593111795e+02
1.685250000000000270e+01 -8.672652264593111795e+02
1.686500000000000199e+01 -8.826224593222214025e+02
1.687500000000000000e+01 -8.826224593222214025e+02
1.688750000000000284e+01 -8.749438428907662910e+02
1.690000000000000213e+01 -8.787831511064937331e+02
1.691000000000000014e+01 -8.634259182435836237e+02
1.692250000000000298e+01 -8.557473018121285122e+02
1.693250000000000455e+01 -8.557473018121285122e+02
1.694500000000000028e+01 -8.557473018121285122e+02
1.695500000000000185e+01 -8.672652264593111795e+02
1.696750000000000469e+01 -8.672652264593111795e+02
1.697750000000000270e+01 -8.787831511064937331e+02
1.699000000000000199e+01 -8.787831511064937331e+02
1.701249999999999929e+01 -8.672652264593111795e+02
1.702500000000000213e+01 -8.711045346750387353e+02
1.703500000000000014e+01 -8.672652264593111795e+02
1.704749999999999943e+01 -8.480686853806734007e+02
1.705750000000000099e+01 -8.557473018121285122e+02
1.707000000000000028e+01 -8.672652264593111795e+02
1.708000000000000185e+01 -8.749438428907662910e+02
1.709250000000000114e+01 -8.749438428907662910e+02
1.710249999999999915e+01 -8.826224593222214025e+02
1.711500000000000199e+01 -8.903010757536557094e+02
1.712500000000000000e+01 -8.711045346750387353e+02
1.713749999999999929e+01 -8.634259182435836237e+02
1.715000000000000213e+01 -8.557473018121285122e+02
1.716000000000000014e+01 -8.442293771649458449e+02
1.717249999999999943e+01 -8.557473018121285122e+02
1.718250000000000099e+01 -8.557473018121285122e+02
1.719500000000000028e+01 -8.749438428907662910e+02
1.720500000000000185e+01 -8.864617675379489583e+02
1.721750000000000114e+01 -8.787831511064937331e+02
1.722750000000000270e+01 -8.749438428907662910e+02
1.724000000000000199e+01 -8.634259182435836237e+02
1.725000000000000000e+01 -8.480686853806734007e+02
1.726249999999999929e+01 -8.480686853806734007e+02
1.727500000000000213e+01 -8.519079935964009564e+02
1.728500000000000014e+01 -8.519079935964009564e+02
1.729749999999999943e+01 -8.672652264593111795e+02
1.730750000000000455e+01 -8.787831511064937331e+02
1.732000000000000028e+01 -8.711045346750387353e+02
1.733000000000000185e+01 -8.711045346750387353e+02
1.734250000000000114e+01 -8.672652264593111795e+02
1.735250000000000270e+01 -8.595866100278560680e+02
1.736500000000000199e+01 -8.480686853806734007e+02
1.737500000000000000e+01 -8.519079935964009564e+02
1.738750000000000284e+01 -8.480686853806734007e+02
1.740000000000000213e+01 -8.711045346750387353e+02
1.741000000000000014e+01 -8.749438428907662910e+02
1.742249999999999943e+01 -8.826224593222214025e+02
1.743250000000000455e+01 -8.787831511064937331e+02
1.744500000000000384e+01 -8.787831511064937331e+02
1.745500000000000185e+01 -8.634259182435836237e+02
1.746750000000000469e+01 -8.480686853806734007e+02
1.747750000000000270e+01 -8.442293771649458449e+02
1.749000000000000199e+01 -8.442293771649458449e+02
1.750000000000000000e+01 -8.557473018121285122e+02
1.751250000000000284e+01 -8.595866100278560680e+02
1.752500000000000213e+01 -8.711045346750387353e+02
1.753500000000000369e+01 -8.826224593222214025e+02
1.754750000000000298e+01 -8.711045346750387353e+02
1.755750000000000455e+01 -8.557473018121285122e+02
1.757000000000000384e+01 -8.557473018121285122e+02
1.758000000000000185e+01 -8.365507607335115381e+02
1.759250000000000469e+01 -8.403900689492390939e+02
1.760250000000000270e+01 -8.519079935964009564e+02
1.761500000000000199e+01 -8.557473018121285122e+02
1.762500000000000000e+01 -8.711045346750387353e+02
1.763750000000000284e+01 -8.787831511064937331e+02
1.765000000000000213e+01 -8.711045346750387353e+02
1.766000000000000369e+01 -8.672652264593111795e+02
1.767250000000000298e+01 -8.595866100278560680e+02
1.768250000000000455e+01 -8.519079935964009564e+02
1.769500000000000384e+01 -8.442293771649458449e+02
1.770500000000000185e+01 -8.480686853806734007e+02
1.771750000000000469e+01 -8.442293771649458449e+02
1.772750000000000270e+01 -8.672652264593111795e+02
1.774000000000000199e+01 -8.711045346750387353e+02
1.775000000000000355e+01 -8.711045346750387353e+02
1.776250000000000284e+01 -8.672652264593111795e+02
1.777500000000000213e+01 -8.634259182435836237e+02
1.778500000000000369e+01 -8.595866100278560680e+02
1.779750000000000298e+01 -8.480686853806734007e+02
1.780750000000000455e+01 -8.365507607335115381e+02
1.782000000000000384e+01 -8.557473018121285122e+02
1.783000000000000185e+01 -8.519079935964009564e+02
1.784250000000000469e+01 -8.749438428907662910e+02
1.785250000000000270e+01 -8.672652264593111795e+02
1.786500000000000199e+01 -8.826224593222214025e+02
1.787500000000000355e+01 -8.711045346750387353e+02
1.788750000000000284e+01 -8.634259182435836237e+02
1.790000000000000213e+01 -8.557473018121285122e+02
1.791000000000000369e+01 -8.557473018121285122e+02
1.792250000000000298e+01 -8.595866100278560680e+02
1.793250000000000455e+01 -8.634259182435836237e+02
1.794500000000000384e+01 -8.672652264593111795e+02
1.795500000000000185e+01 -8.749438428907662910e+02
1.796750000000000469e+01 -8.749438428907662910e+02
1.797750000000000270e+01 -8.749438428907662910e+02
1.799000000000000199e+01 -8.672652264593111795e+02
1.801249999999999929e+01 -8.595866100278560680e+02
1.802500000000000213e+01 -8.519079935964009564e+02
1.803500000000000369e+01 -8.480686853806734007e+02
1.804749999999999943e+01 -8.595866100278560680e+02
1.805750000000000099e+01 -8.595866100278560680e+02
1.807000000000000384e+01 -8.634259182435836237e+02
1.808000000000000185e+01 -8.672652264593111795e+02
1.809250000000000114e+01 -8.634259182435836237e+02
1.810249999999999915e+01 -8.557473018121285122e+02
1.811500000000000199e+01 -8.403900689492390939e+02
1.812500000000000355e+01 -8.327114525177840960e+02
1.813749999999999929e+01 -8.365507607335115381e+02
1.815000000000000213e+01 -8.365507607335115381e+02
1.816000000000000369e+01 -8.480686853806734007e+02
1.817249999999999943e+01 -8.519079935964009564e+02
1.818250000000000099e+01 -8.634259182435836237e+02
1.819500000000000384e+01 -8.480686853806734007e+02
1.820500000000000185e+01 -8.480686853806734007e+02
1.821750000000000114e+01 -8.365507607335115381e+02
1.822750000000000270e+01 -8.288721443020564266e+02
1.824000000000000199e+01 -8.211935278706013150e+02
1.825000000000000355e+01 -8.250328360863288708e+02
1.826249999999999929e+01 -8.327114525177840960e+02
1.827500000000000213e+01 -8.365507607335115381e+02
1.828500000000000369e+01 -8.480686853806734007e+02
1.829750000000000298e+01 -8.519079935964009564e+02
1.830750000000000455e+01 -8.403900689492390939e+02
1.832000000000000384e+01 -8.327114525177840960e+02
1.833000000000000185e+01 -8.211935278706013150e+02
1.834250000000000114e+01 -8.135149114391462035e+02
1.835250000000000270e+01 -8.135149114391462035e+02
1.836500000000000199e+01 -8.173542196548738730e+02
1.837500000000000355e+01 -8.288721443020564266e+02
1.838750000000000284e+01 -8.365507607335115381e+02
1.840000000000000213e+01 -8.365507607335115381e+02
1.841000000000000369e+01 -8.403900689492390939e+02
1.842250000000000298e+01 -8.288721443020564266e+02
1.843250000000000455e+01 -8.250328360863288708e+02
1.844500000000000384e+01 -8.173542196548738730e+02
1.845500000000000185e+01 -8.096756032234186478e+02
1.846750000000000469e+01 -8.211935278706013150e+02
1.847750000000000270e+01 -8.250328360863288708e+02
1.849000000000000199e+01 -8.288721443020564266e+02
1.850000000000000355e+01 -8.365507607335115381e+02
1.851250000000000639e+01 -8.365507607335115381e+02
1.852500000000000213e+01 -8.365507607335115381e+02
1.853500000000000369e+01 -8.288721443020564266e+02
1.854750000000000654e+01 -8.211935278706013150e+02
1.855750000000000455e+01 -8.211935278706013150e+02
1.857000000000000384e+01 -8.135149114391462035e+02
1.858000000000000185e+01 -8.211935278706013150e+02
1.859250000000000469e+01 -8.250328360863288708e+02
1.860250000000000270e+01 -8.327114525177840960e+02
1.861500000000000199e+01 -8.442293771649458449e+02
1.862500000000000355e+01 -8.442293771649458449e+02
1.863750000000000639e+01 -8.327114525177840960e+02
1.865000000000000213e+01 -8.250328360863288708e+02
1.866000000000000369e+01 -8.096756032234186478e+02
1.867250000000000654e+01 -8.173542196548738730e+02
1.868250000000000455e+01 -8.096756032234186478e+02
1.869500000000000384e+01 -8.250328360863288708e+02
1.870500000000000185e+01 -8.288721443020564266e+02
1.871750000000000469e+01 -8.442293771649458449e+02
1.872750000000000625e+01 -8.519079935964009564e+02
1.874000000000000199e+01 -8.403900689492390939e+02
1.875000000000000355e+01 -8.365507607335115381e+02
1.876250000000000639e+01 -8.250328360863288708e+02
1.877500000000000213e+01 -8.173542196548738730e+02
1.878500000000000369e+01 -8.096756032234186478e+02
1.879750000000000654e+01 -8.365507607335115381e+02
1.880750000000000455e+01 -8.365507607335115381e+02
1.882000000000000384e+01 -8.519079935964009564e+02
1.883000000000000185e+01 -8.442293771649458449e+02
1.884250000000000469e+01 -8.480686853806734007e+02
1.885250000000000625e+01 -8.403900689492390939e+02
1.886500000000000199e+01 -8.288721443020564266e+02
1.887500000000000355e+01 -8.250328360863288708e+02
1.888750000000000639e+01 -8.173542196548738730e+02
1.890000000000000213e+01 -8.250328360863288708e+02
1.891000000000000369e+01 -8.365507607335115381e+02
1.892250000000000654e+01 -8.442293771649458449e+02
1.893250000000000455e+01 -8.557473018121285122e+02
1.894500000000000384e+01 -8.442293771649458449e+02
1.895500000000000185e+01 -8.403900689492390939e+02
1.896750000000000469e+01 -8.365507607335115381e+02
1.897750000000000625e+01 -8.365507607335115381e+02
1.899000000000000199e+01 -8.211935278706013150e+02
1.901249999999999929e+01 -8.211935278706013150e+02
1.902499999999999858e+01 -8.327114525177840960e+02
1.903500000000000014e+01 -8.442293771649458449e+02
1.904749999999999943e+01 -8.557473018121285122e+02
1.905749999999999744e+01 -8.557473018121285122e+02
1.907000000000000028e+01 -8.480686853806734007e+02
1.907999999999999829e+01 -8.403900689492390939e+02
1.909249999999999758e+01 -8.288721443020564266e+02
1.910249999999999915e+01 -8.135149114391462035e+02
1.911499999999999844e+01 -8.135149114391462035e+02
1.912500000000000000e+01 -8.250328360863288708e+02
1.913749999999999929e+01 -8.403900689492390939e+02
1.914999999999999858e+01 -8.403900689492390939e+02
1.916000000000000014e+01 -8.480686853806734007e+02
1.917249999999999943e+01 -8.365507607335115381e+02
1.918249999999999744e+01 -8.403900689492390939e+02
1.919500000000000028e+01 -8.365507607335115381e+02
1.920499999999999829e+01 -8.250328360863288708e+02
1.921749999999999758e+01 -8.135149114391462035e+02
1.922750000000000270e+01 -8.135149114391462035e+02
1.923999999999999844e+01 -8.211935278706013150e+02
1.925000000000000000e+01 -8.403900689492390939e+02
1.926249999999999929e+01 -8.442293771649458449e+02
1.927500000000000213e+01 -8.557473018121285122e+02
1.928500000000000014e+01 -8.403900689492390939e+02
1.929749999999999943e+01 -8.250328360863288708e+02
1.930750000000000099e+01 -8.173542196548738730e+02
1.932000000000000028e+01 -8.096756032234186478e+02
1.932999999999999829e+01 -8.173542196548738730e+02
1.934249999999999758e+01 -8.288721443020564266e+02
1.935250000000000270e+01 -8.327114525177840960e+02
1.936500000000000199e+01 -8.480686853806734007e+02
1.937500000000000000e+01 -8.519079935964009564e+02
1.938750000000000284e+01 -8.442293771649458449e+02
1.940000000000000213e+01 -8.403900689492390939e+02
1.941000000000000014e+01 -8.250328360863288708e+02
1.942249999999999943e+01 -8.211935278706013150e+02
1.943250000000000099e+01 -8.173542196548738730e+02
1.944500000000000028e+01 -8.327114525177840960e+02
1.945499999999999829e+01 -8.365507607335115381e+02
1.946750000000000114e+01 -8.365507607335115381e+02
1.947750000000000270e+01 -8.519079935964009564e+02
1.949000000000000199e+01 -8.480686853806734007e+02
1.950000000000000000e+01 -8.519079935964009564e+02
1.951250000000000284e+01 -8.288721443020564266e+02
1.952500000000000213e+01 -8.173542196548738730e+02
1.953500000000000014e+01 -8.211935278706013150e+02
1.954750000000000298e+01 -8.173542196548738730e+02
1.955750000000000099e+01 -8.288721443020564266e+02
1.957000000000000028e+01 -8.365507607335115381e+02
1.958000000000000185e+01 -8.442293771649458449e+02
1.959250000000000114e+01 -8.519079935964009564e+02
1.960250000000000270e+01 -8.403900689492390939e+02
1.961500000000000199e+01 -8.403900689492390939e+02
1.962500000000000000e+01 -8.288721443020564266e+02
1.963750000000000284e+01 -8.173542196548738730e+02
1.965000000000000213e+01 -8.211935278706013150e+02
1.966000000000000014e+01 -8.250328360863288708e+02
1.967250000000000298e+01 -8.327114525177840960e+02
1.968250000000000099e+01 -8.403900689492390939e+02
1.969500000000000028e+01 -8.442293771649458449e+02
1.970500000000000185e+01 -8.480686853806734007e+02
1.971750000000000114e+01 -8.365507607335115381e+02
1.972750000000000270e+01 -8.288721443020564266e+02
1.974000000000000199e+01 -8.327114525177840960e+02
1.975000000000000000e+01 -8.173542196548738730e+02
1.976250000000000284e+01 -8.058362950076912057e+02
1.977500000000000213e+01 -8.250328360863288708e+02
1.978500000000000014e+01 -8.250328360863288708e+02
1.979750000000000298e+01 -8.403900689492390939e+02
1.980750000000000099e+01 -8.480686853806734007e+02
1.982000000000000028e+01 -8.519079935964009564e+02
1.983000000000000185e+01 -8.442293771649458449e+02
1.984250000000000114e+01 -8.365507607335115381e+02
1.985250000000000270e+01 -8.365507607335115381e+02
1.986500000000000199e+01 -8.250328360863288708e+02
1.987500000000000000e+01 -8.327114525177840960e+02
1.988750000000000284e+01 -8.327114525177840960e+02
1.990000000000000213e+01 -8.519079935964009564e+02
1.991000000000000014e+01 -8.595866100278560680e+02
1.992250000000000298e+01 -8.595866100278560680e+02
1.993250000000000099e+01 -8.634259182435836237e+02
1.994500000000000028e+01 -8.442293771649458449e+02
1.995500000000000185e+01 -8.442293771649458449e+02
1.996750000000000114e+01 -8.211935278706013150e+02
1.997750000000000270e+01 -8.211935278706013150e+02
1.999000000000000199e+01 -8.211935278706013150e+02
