0.000000000000000000e+00 0.000000000000000000e+00
1.250000000000000069e-02 1.506042642621978666e+04
2.500000000000000139e-02 -4.021141159428170067e+05
3.500000000000000333e-02 -1.303801907584392698e+06
4.750000000000000056e-02 -2.348277373481293675e+06
5.750000000000000250e-02 -2.685922396532136481e+06
7.000000000000002054e-02 -3.367248027308774646e+06
8.000000000000004330e-02 -3.560647670711405575e+06
9.250000000000008216e-02 -3.808562268174775410e+06
1.025000000000001049e-01 -4.098191130654840264e+06
1.150000000000001438e-01 -4.269041982954015024e+06
1.250000000000001665e-01 -4.606573173629644327e+06
1.375000000000002054e-01 -5.391059170174506493e+06
1.500000000000002442e-01 -5.946122047352564521e+06
1.600000000000002531e-01 -5.773491411172772758e+06
1.725000000000002920e-01 -6.030165865382981487e+06
1.825000000000003286e-01 -5.322697409840298817e+06
1.950000000000003397e-01 -5.081628203659382649e+06
2.050000000000003764e-01 -4.386980751949666068e+06
2.175000000000004152e-01 -3.603132834135606419e+06
2.275000000000004241e-01 -2.456357718606871087e+06
2.400000000000004630e-01 -1.587038179853345500e+06
2.500000000000004996e-01 -1.876447455120255239e+06
2.625000000000005107e-01 -2.079510038161708275e+06
2.750000000000005773e-01 -2.443723590625454206e+06
2.850000000000005862e-01 -1.997676367831240175e+06
2.975000000000005973e-01 -1.528379844767606352e+06
3.075000000000006617e-01 -9.874244876223821193e+05
3.200000000000006728e-01 -5.318583721945601283e+05
3.300000000000006817e-01 1.097068252804601798e+05
3.425000000000007483e-01 2.376565465075905086e+05
3.525000000000007572e-01 -2.484669451248687983e+05
3.650000000000007683e-01 -9.619631850340401288e+05
3.750000000000008327e-01 -1.831850801178771304e+06
3.875000000000008438e-01 -2.353590106808965094e+06
4.000000000000009104e-01 -2.682564596602628008e+06
4.100000000000009193e-01 -1.842947892894743010e+06
4.225000000000009304e-01 -1.334495218430352863e+06
4.325000000000009948e-01 -1.008135689171275939e+06
4.450000000000010059e-01 -6.025587348639561096e+05
4.550000000000010147e-01 -3.575611649534908356e+05
4.675000000000010814e-01 -9.581038947535699699e+05
4.775000000000010902e-01 -1.383950221451318590e+06
4.900000000000010458e-01 -1.708111259735111380e+06
5.000000000000011102e-01 -1.996513978342352202e+06
5.125000000000011768e-01 -1.868905476391041651e+06
5.250000000000011324e-01 -1.130989229539962485e+06
5.350000000000011413e-01 -5.563985391750786221e+05
5.475000000000012079e-01 -4.236459136782155838e+05
5.575000000000012168e-01 8.001843563551772968e+04
5.700000000000012834e-01 -9.316005456811055774e+04
5.800000000000012923e-01 -3.754814195234652143e+05
5.925000000000013589e-01 -9.755084945478814188e+05
6.025000000000013678e-01 -1.255194853974876693e+06
6.150000000000014344e-01 -1.458703180944404099e+06
6.250000000000014433e-01 -8.586633577557207318e+05
6.375000000000015099e-01 -7.210729005290397909e+05
6.500000000000014655e-01 -8.225661370710787014e+04
6.600000000000014744e-01 -1.450745870593476575e+05
6.725000000000015410e-01 4.102183326742467762e+04
6.825000000000015499e-01 -7.551251218898000661e+05
6.950000000000016165e-01 -1.049978000229464378e+06
7.050000000000016254e-01 -1.350006658688665135e+06
7.175000000000016920e-01 -1.378293321795928990e+06
7.275000000000017009e-01 -1.042378967470990145e+06
7.400000000000017675e-01 -3.423810689834211953e+05
7.500000000000017764e-01 5.115719139680402805e+03
7.625000000000017319e-01 9.885092186140583362e+04
7.750000000000017986e-01 3.566563771221778588e+05
7.850000000000018074e-01 1.292557160452732496e+05
7.975000000000018741e-01 -2.681176303427652456e+05
8.075000000000018829e-01 -5.336842665917824488e+05
8.200000000000019496e-01 -6.433431390169579536e+05
8.300000000000019584e-01 -5.223907422802465735e+05
8.425000000000020250e-01 2.243854163068372145e+04
8.525000000000020339e-01 4.392903031552457833e+05
8.650000000000021005e-01 2.186671647347902472e+05
8.750000000000021094e-01 3.356878591371548246e+05
8.875000000000020650e-01 4.933737246327236644e+05
9.000000000000021316e-01 -3.759549470344224246e+05
9.100000000000021405e-01 -7.234377610354815843e+05
9.225000000000022071e-01 -9.085508777384668356e+05
9.325000000000022160e-01 -6.891323737450572662e+05
9.450000000000022826e-01 -4.566327309922580607e+05
9.550000000000022915e-01 8.943949732965831936e+04
9.675000000000023581e-01 3.383034909878181061e+05
9.775000000000022560e-01 2.548757999065693584e+05
9.900000000000017675e-01 2.553353012407129572e+05
1.012499999999999956e+00 2.397799459847779872e+03
1.025000000000000133e+00 -3.449586488406611606e+05
1.035000000000000142e+00 -4.239438367378073744e+05
1.047500000000000098e+00 -3.932238340624007396e+05
1.057500000000000107e+00 2.067418467504489818e+05
1.070000000000000062e+00 5.559118982360339724e+05
1.080000000000000071e+00 6.786756354201065842e+05
1.092500000000000249e+00 1.236383509588004323e+06
1.102500000000000258e+00 9.724434007569232490e+05
1.115000000000000213e+00 4.619884259742192226e+05
1.125000000000000222e+00 -4.396851473149213125e+05
1.137500000000000178e+00 -1.043808244228405063e+06
1.150000000000000133e+00 -1.155710995189759182e+06
1.160000000000000142e+00 -8.048600993667022558e+05
1.172500000000000320e+00 6.877798535107602947e+04
1.182500000000000329e+00 4.174663149669267004e+05
1.195000000000000284e+00 1.016945700350359315e+06
1.205000000000000293e+00 7.250898252833689330e+05
1.217500000000000471e+00 5.945802682015144965e+05
1.227500000000000480e+00 1.528179978341462265e+05
1.240000000000000435e+00 -3.143987940663589397e+05
1.250000000000000444e+00 -7.166325797785364557e+05
1.262500000000000622e+00 -7.817518122867960483e+05
1.275000000000000577e+00 -1.716579336329533544e+05
1.285000000000000586e+00 4.887434657950329129e+05
1.297500000000000764e+00 1.418675970926344395e+06
1.307500000000000773e+00 1.728339641962446505e+06
1.320000000000000728e+00 1.589073898508126615e+06
1.330000000000000737e+00 5.592736231049105991e+05
1.342500000000000915e+00 -2.533255695299636573e+05
1.352500000000000924e+00 -6.403021955772782676e+05
1.365000000000000657e+00 -7.355465312301223166e+05
1.375000000000000888e+00 -8.455012997446313966e+05
1.387500000000000844e+00 3.336308504876662046e+05
1.400000000000000799e+00 9.239622174750496633e+05
1.410000000000000808e+00 1.085973124500933336e+06
1.422500000000000986e+00 1.333094072483918397e+06
1.432500000000000995e+00 9.398069401447986020e+05
1.445000000000000950e+00 1.319141148812751926e+05
1.455000000000000959e+00 -2.888974378760909894e+05
1.467500000000001137e+00 -5.515926206669392996e+05
1.477500000000001146e+00 -2.378398557047611102e+05
1.490000000000001101e+00 -4.412263428176698653e+04
1.500000000000001110e+00 2.926565056073906817e+04
1.512500000000001288e+00 7.273158230193924392e+05
1.525000000000001243e+00 1.283943541306470986e+06
1.535000000000001252e+00 1.551055173171304632e+06
1.547500000000001208e+00 1.065230271979939891e+06
1.557500000000001217e+00 5.898949403951965505e+05
1.570000000000001394e+00 -2.214319488030242210e+05
1.580000000000001403e+00 -6.224061614159481833e+05
1.592500000000001359e+00 -1.768226304898466624e+05
1.602500000000001590e+00 1.640631405396096234e+05
1.615000000000001323e+00 8.753943850075998344e+05
1.625000000000001332e+00 1.369070761490325909e+06
1.637500000000001288e+00 1.027737312242104905e+06
1.650000000000001465e+00 1.300138019173174165e+06
1.660000000000001474e+00 3.759166757419103524e+05
1.672500000000001652e+00 -4.863613175771146780e+04
1.682500000000001661e+00 -1.440869096731766185e+05
1.695000000000001616e+00 -3.820144404084020061e+05
1.705000000000001625e+00 -2.758983407181382645e+05
1.717500000000001581e+00 2.921186363916487317e+05
1.727500000000001590e+00 1.008608306385494070e+06
1.740000000000001767e+00 1.305589253060800955e+06
1.750000000000001776e+00 9.384564534006291069e+05
1.762500000000001954e+00 8.293343319986005081e+05
1.775000000000001910e+00 4.260519936759861303e+05
1.785000000000001918e+00 2.611004574302280380e+05
1.797500000000001874e+00 -1.783320471569468791e+05
1.807500000000001883e+00 -2.195437994884001091e+05
1.820000000000002061e+00 2.824021669789986918e+05
1.830000000000002069e+00 8.468165004111326998e+05
1.842500000000002025e+00 1.174560273702722974e+06
1.852500000000002256e+00 1.013067345507520484e+06
1.865000000000001990e+00 1.341770264356986387e+06
1.875000000000001998e+00 1.243500203417657642e+06
1.887500000000001954e+00 -3.405461031846129481e+04
1.900000000000002132e+00 4.275319681958603906e+04
1.910000000000002141e+00 1.829323314458716777e+05
1.922500000000002318e+00 4.157444409844432957e+05
1.932500000000002327e+00 7.076001336234842893e+05
1.945000000000002283e+00 1.022652186481437879e+06
1.955000000000002292e+00 1.064183393844382139e+06
1.967500000000002247e+00 8.732501152672041208e+05
1.977500000000002256e+00 7.039737126220058417e+05
1.990000000000001767e+00 3.404674912544012768e+05
2.012500000000000178e+00 -3.277339497077997075e+05
2.024999999999999911e+00 -2.267658335958044336e+05
2.034999999999999698e+00 4.134931692653382925e+04
2.047499999999999876e+00 7.877791167803758290e+05
2.057499999999999662e+00 1.054200482092959806e+06
2.070000000000000284e+00 6.535369632122894982e+05
2.080000000000000071e+00 6.633357313912672689e+05
2.092500000000000249e+00 2.294164531565831858e+05
2.102500000000000036e+00 1.444658569465636974e+05
2.115000000000000213e+00 -2.203820965581473138e+05
2.125000000000000000e+00 -2.220624321798551537e+05
2.137500000000000178e+00 -1.226190549665085855e+05
2.150000000000000355e+00 2.364051706753355393e+05
2.160000000000000586e+00 6.438280417548470432e+05
2.172500000000000320e+00 6.049497660396837164e+05
2.182500000000000551e+00 1.289341918950538384e+06
2.195000000000000284e+00 8.983998068382345373e+05
2.205000000000000515e+00 5.243454295627430547e+05
2.217500000000000249e+00 -9.131243862592830556e+04
2.227500000000000480e+00 -6.349389480433908757e+05
2.240000000000000657e+00 -3.613282450131741352e+05
2.250000000000000888e+00 1.532274483099092322e+05
2.262500000000000622e+00 7.792434990439125104e+05
2.275000000000000355e+00 1.016226667846473283e+06
2.285000000000000586e+00 9.008860901284166612e+05
2.297500000000000320e+00 1.154628333023192827e+06
2.307500000000000551e+00 5.670903968738163821e+05
2.320000000000000728e+00 -1.267987047961816133e+05
2.330000000000000959e+00 -3.997062501452212455e+05
2.342500000000000693e+00 -4.334847740160693065e+05
2.352500000000000924e+00 3.049563301297416328e+05
2.365000000000000657e+00 2.336480157925189706e+05
2.375000000000000888e+00 6.615684193347992841e+05
2.387500000000000622e+00 1.173121370173480362e+06
2.400000000000001243e+00 9.248877138123455225e+05
2.410000000000001030e+00 5.783561778670860222e+05
2.422500000000001208e+00 -5.399516500379766512e+04
2.432500000000000995e+00 -3.426506042764296290e+05
2.445000000000001172e+00 -2.682641712805457646e+05
2.455000000000000959e+00 -1.270118603205984109e+05
2.467500000000001137e+00 5.219173155335484771e+05
2.477500000000000924e+00 7.428191738467768300e+05
2.490000000000001101e+00 1.022416550830849679e+06
2.500000000000001332e+00 7.778812929257721407e+05
2.512500000000001066e+00 9.130722477433907334e+05
2.525000000000001243e+00 4.014487188825635822e+05
2.535000000000001030e+00 7.943744312694850669e+04
2.547500000000001208e+00 -4.598565172392984387e+05
2.557500000000000995e+00 -6.783804467698128428e+05
2.570000000000001172e+00 -4.335642488179515349e+05
2.580000000000001403e+00 3.819071300469398848e+05
2.592500000000001581e+00 8.500145831496495521e+05
2.602500000000001368e+00 1.287890403467089403e+06
2.615000000000001545e+00 8.294722453825694975e+05
2.625000000000001332e+00 7.441547378612030298e+05
2.637500000000001510e+00 2.475872602895112650e+05
2.650000000000001243e+00 -2.774134011622220278e+05
2.660000000000001918e+00 -1.595088885618440399e+05
2.672500000000001652e+00 -1.933464983738760347e+05
2.682500000000001883e+00 2.247709306914071203e+04
2.695000000000001616e+00 6.247589999233278213e+05
2.705000000000001847e+00 1.201060667511634761e+06
2.717500000000001581e+00 1.096338304210706381e+06
2.727500000000001812e+00 8.505185301130610751e+05
2.740000000000001990e+00 6.763004180961120874e+05
2.750000000000001776e+00 -9.068202263232757105e+04
2.762500000000001954e+00 -8.146003310923668323e+05
2.775000000000001688e+00 -7.863592005287100328e+05
2.785000000000001918e+00 -8.393255533127683448e+05
2.797500000000001652e+00 -6.178312042608548654e+04
2.807500000000001883e+00 4.572750236770234769e+05
2.820000000000002061e+00 9.477418283503071871e+05
2.830000000000001847e+00 7.950808101434103446e+05
2.842500000000002025e+00 3.951766864126611617e+05
2.852500000000002256e+00 -1.695111002344401786e+05
2.865000000000001990e+00 -5.256819172761968803e+05
2.875000000000002220e+00 -6.639811625609725015e+05
2.887500000000001954e+00 -6.798457921118446393e+05
2.900000000000002576e+00 3.619905607147937553e+04
2.910000000000001918e+00 4.941782579743025708e+05
2.922500000000002540e+00 1.089348732899236027e+06
2.932500000000002327e+00 1.178288219160704175e+06
2.945000000000002505e+00 6.727463595245120814e+05
2.955000000000002292e+00 7.831046764371410245e+05
2.967500000000002469e+00 4.671776370017801673e+04
2.977500000000002256e+00 -3.160013216220929171e+05
2.990000000000001990e+00 -8.268213302142241737e+05
3.012500000000000178e+00 -5.960014504668081645e+05
3.024999999999999911e+00 -1.258772681155878236e+05
3.035000000000000142e+00 6.134309320455413545e+05
3.047499999999999876e+00 8.181378621666379040e+05
3.057500000000000107e+00 9.211859922662622994e+05
3.070000000000000284e+00 5.352157702922258759e+05
3.080000000000000071e+00 -8.862590802389680175e+04
3.092500000000000249e+00 -7.739098295298970770e+05
3.102500000000000036e+00 -7.532984121759505942e+05
3.115000000000000213e+00 -4.086867569095207728e+05
3.125000000000000000e+00 2.849852655145806493e+05
3.137500000000000178e+00 4.866633449888796313e+05
3.150000000000000355e+00 1.014381550177890575e+06
3.160000000000000586e+00 9.802208128623856464e+05
3.172500000000000320e+00 5.297702580492474372e+05
3.182500000000000551e+00 4.433062167046642280e+05
3.195000000000000284e+00 -6.091587317922640359e+05
3.205000000000000515e+00 -7.641471187646940816e+05
3.217500000000000249e+00 -8.777455532218187582e+05
3.227500000000000480e+00 -5.142353132839035243e+05
3.240000000000000657e+00 -1.824140891973543621e+05
3.250000000000000888e+00 4.059210862162625999e+05
3.262500000000000622e+00 9.386383797566696303e+05
3.275000000000000355e+00 9.399367211463722633e+05
3.285000000000000586e+00 3.792230755955003551e+05
3.297500000000000320e+00 -4.991035278724539676e+05
3.307500000000000551e+00 -6.554805085812878096e+05
3.320000000000000728e+00 -1.232913673650105251e+06
3.330000000000000959e+00 -5.614251610815917375e+05
3.342500000000000693e+00 -5.378185902554157656e+05
3.352500000000000924e+00 1.252355737596367107e+05
3.365000000000000657e+00 6.666985719740272034e+05
3.375000000000000888e+00 1.207322903318419820e+06
3.387500000000000622e+00 3.989881502901562490e+05
3.400000000000001243e+00 1.342695552609750594e+05
3.410000000000001030e+00 -4.138600031376703409e+05
3.422500000000001208e+00 -6.555200254536011489e+05
3.432500000000000995e+00 -7.037569485978349112e+05
3.445000000000001172e+00 -6.768358193485741504e+05
3.455000000000000959e+00 -2.266945521654358308e+05
3.467500000000001137e+00 -2.983518649938773706e+02
3.477500000000000924e+00 3.387783848645760445e+05
3.490000000000001101e+00 2.800689025441698614e+05
3.500000000000001332e+00 1.378381422880619648e+05
3.512500000000001510e+00 -2.398583203080778767e+05
3.525000000000001243e+00 -6.508879890275711659e+05
3.535000000000001030e+00 -1.024391125853864593e+06
3.547500000000001208e+00 -6.667330068311153445e+05
3.557500000000000995e+00 8.454844841538602850e+03
3.570000000000001172e+00 3.294378770617378177e+05
3.580000000000001403e+00 5.463042175904593896e+05
3.592500000000001581e+00 9.132000504529074533e+05
3.602500000000001368e+00 4.655547129275122425e+05
3.615000000000001545e+00 1.323830988431766746e+05
3.625000000000001332e+00 1.189320068457245361e+05
3.637500000000001510e+00 -7.674158357347954297e+05
3.650000000000001243e+00 -8.052936482501041610e+05
3.660000000000001918e+00 -1.770794560730659286e+05
3.672500000000001652e+00 3.525820170343607315e+05
3.682500000000001883e+00 4.785205654864360695e+05
3.695000000000001616e+00 2.980354318298873259e+05
3.705000000000001847e+00 -2.412043095162332611e+04
3.717500000000001581e+00 -2.404888259376393398e+05
3.727500000000001812e+00 -1.021209936030095094e+06
3.740000000000001990e+00 -1.330272783466498367e+06
3.750000000000001776e+00 -8.171867186073319754e+05
3.762500000000001954e+00 -9.986621031561488053e+05
3.775000000000001688e+00 -4.613224848185355659e+05
3.785000000000001918e+00 1.711075561404985492e+05
3.797500000000001652e+00 9.598428105970579199e+05
3.807500000000001883e+00 7.459821744871623814e+05
3.820000000000002061e+00 3.512543588634617045e+05
3.830000000000001847e+00 -5.405485743627746706e+04
3.842500000000002025e+00 -1.417494022087599151e+05
3.852500000000002256e+00 -6.549589874854248483e+05
3.865000000000001990e+00 -5.021218312828948256e+05
3.875000000000002220e+00 4.240020835052731854e+04
3.887500000000001954e+00 3.119991544388147304e+05
3.900000000000002576e+00 2.461364732935707725e+05
3.910000000000001918e+00 3.935692493135521072e+05
3.922500000000002540e+00 2.572447369417888985e+05
3.932500000000001883e+00 -4.489154288997748517e+05
3.945000000000002505e+00 -4.421042769555675332e+05
3.955000000000001847e+00 -1.208624303250712808e+06
3.967500000000002469e+00 -1.567630103730277624e+06
3.977500000000001812e+00 -9.615575795406941324e+05
3.990000000000002434e+00 -3.614459579140896094e+05
4.012500000000000178e+00 3.815839084964319482e+05
4.025000000000000355e+00 9.680032845547966426e+05
4.035000000000000142e+00 8.327446351121214684e+05
4.047500000000000320e+00 6.143745417470816392e+03
4.057500000000000107e+00 -6.396269149669148028e+05
4.069999999999999396e+00 -8.066973175156395882e+05
4.080000000000000071e+00 -1.042678113911667257e+06
4.092499999999999361e+00 -5.005988426296525868e+05
4.102500000000000036e+00 1.508118499542503559e+05
4.115000000000000213e+00 4.011760276641408564e+05
4.125000000000000000e+00 9.808109540830046171e+05
4.137500000000000178e+00 5.615410638798833825e+05
4.150000000000000355e+00 1.930264288482403499e+05
4.160000000000000142e+00 -4.102241931109797442e+05
4.172500000000000320e+00 -1.083314607008578489e+06
4.182500000000000107e+00 -1.334690414280285593e+06
4.195000000000001172e+00 -1.218234939635469811e+06
4.205000000000000071e+00 -6.379562268024369841e+05
4.217500000000001137e+00 8.580979823458884493e+04
4.227500000000000036e+00 3.854156092039055657e+05
4.240000000000001101e+00 4.330021454748545075e+05
4.250000000000000000e+00 2.513421868058294931e+05
4.262500000000001066e+00 8.805630700119260291e+04
4.275000000000001243e+00 -4.112488171025224729e+05
4.285000000000001030e+00 -6.405901487472783774e+05
4.297500000000001208e+00 -6.921396643877775641e+05
4.307500000000000995e+00 -3.949867817336789449e+05
4.320000000000001172e+00 1.412184646897133789e+05
4.330000000000000071e+00 5.022467303023468121e+05
4.342500000000001137e+00 1.066993046306657372e+06
4.352500000000000036e+00 6.048343759570246330e+05
4.365000000000001101e+00 3.431756301710605621e+05
4.375000000000000888e+00 1.164640447349871392e+05
4.387500000000001066e+00 -6.895247234191044699e+05
4.400000000000001243e+00 -1.431172674116158392e+06
4.410000000000001030e+00 -1.406804286072101444e+06
4.422500000000001208e+00 -1.043510464409199310e+06
4.432500000000000995e+00 2.173112195985567523e+05
4.445000000000001172e+00 7.443651222207116662e+05
4.455000000000001847e+00 2.787555477232735138e+05
4.467500000000001137e+00 5.774096493956232443e+05
4.477500000000001812e+00 -1.439450051248110867e+04
4.490000000000001101e+00 -7.242216297399775358e+05
4.500000000000001776e+00 -1.009122258826989681e+06
4.512500000000001066e+00 -1.186594802777651697e+06
4.525000000000001243e+00 -2.872224569949951838e+05
4.535000000000001030e+00 -1.858153443209392426e+05
4.547500000000001208e+00 3.403711196069696452e+05
4.557500000000001883e+00 4.708430746447757701e+05
4.570000000000001172e+00 9.859998968963987427e+05
4.580000000000001847e+00 4.083888265742714866e+05
4.592500000000001137e+00 2.032053081190338416e+05
4.602500000000001812e+00 -3.594854703515755245e+05
4.615000000000001101e+00 -7.678202829689733917e+05
4.625000000000001776e+00 -6.734088796916304855e+05
4.637500000000001954e+00 -7.589052267622703221e+05
4.650000000000001243e+00 2.498391491697926831e+05
4.660000000000001918e+00 1.398445718706393382e+05
4.672500000000001208e+00 4.610893336460316204e+05
4.682500000000001883e+00 6.187969033652907237e+05
4.695000000000001172e+00 1.076062216261871217e+05
4.705000000000001847e+00 1.942907574103844818e+05
4.717500000000002025e+00 -2.837264536339429906e+05
4.727500000000001812e+00 -8.409318497053824831e+05
4.740000000000001990e+00 -6.165829400037468877e+05
4.750000000000001776e+00 -1.389873369683252822e+05
4.762500000000001954e+00 5.553613037243012513e+04
4.775000000000001243e+00 2.224968941754580883e+05
4.785000000000001918e+00 5.830971235783353914e+05
4.797500000000002096e+00 2.822279861677408335e+05
4.807500000000001883e+00 7.210078478621953400e+04
4.820000000000002061e+00 -4.329712323791647796e+05
4.830000000000001847e+00 -7.923202275614135433e+05
4.842500000000002025e+00 -1.226095926844543079e+06
4.852500000000001812e+00 -3.797855455952812918e+05
4.865000000000001990e+00 -2.513981169701425533e+05
4.875000000000002665e+00 5.881250336625507334e+05
4.887500000000001954e+00 4.173525128650609404e+05
4.900000000000002132e+00 5.969470572751794243e+05
4.910000000000001918e+00 3.780096146801580326e+05
4.922500000000002096e+00 9.245722973102401738e+03
4.932500000000001883e+00 -6.495762710494897328e+05
4.945000000000002061e+00 -4.012163971362204175e+05
4.955000000000002736e+00 -7.048150764377304586e+05
4.967500000000002025e+00 -5.705666721389903250e+04
4.977500000000002700e+00 2.858199430307100411e+05
4.990000000000001101e+00 8.047349946150202304e+05
5.012500000000000178e+00 8.624631113775821868e+05
5.025000000000000355e+00 -6.236008835024011933e+04
5.035000000000000142e+00 -4.280817848546668538e+05
5.047500000000000320e+00 -7.511186883338207845e+05
5.057500000000000107e+00 -9.170218671754244715e+05
5.070000000000000284e+00 -4.121092307528331876e+05
5.080000000000000071e+00 -8.715637286051748379e+04
5.092499999999999361e+00 3.182363765809640172e+05
5.102500000000000036e+00 4.252834865853550145e+05
5.115000000000000213e+00 6.780901271962912288e+05
5.125000000000000000e+00 1.665052119099340925e+05
5.137500000000000178e+00 -3.261662811262837495e+05
5.150000000000000355e+00 -8.683276065186817432e+05
5.160000000000000142e+00 -4.893084419173406786e+05
5.172500000000000320e+00 -5.789768069448214956e+05
5.182500000000000107e+00 2.094762599794925773e+05
5.195000000000001172e+00 3.331338970970095834e+05
5.205000000000000071e+00 1.046550968154395232e+06
5.217500000000001137e+00 9.110510828148927540e+05
5.227500000000000036e+00 7.400876916246180190e+05
5.240000000000001101e+00 2.216802764127636910e+05
5.250000000000000000e+00 -5.740744227547041373e+05
5.262500000000001066e+00 -6.739011751993352082e+05
5.275000000000001243e+00 -8.128571419652919285e+05
5.285000000000001030e+00 -6.237357247151795309e+05
5.297500000000001208e+00 -2.908447366042211652e+05
5.307500000000000995e+00 7.611308936104582390e+05
5.320000000000001172e+00 7.094235070046245819e+05
5.330000000000000959e+00 3.759576285026672413e+05
5.342500000000001137e+00 1.146519890449209488e+05
5.352500000000000924e+00 -4.237082304150348064e+05
5.365000000000001101e+00 -9.346114851421464700e+05
5.375000000000000888e+00 -9.316928697841949761e+05
5.387500000000001066e+00 -6.498967337360801175e+05
5.400000000000001243e+00 -1.414364284162090626e+05
5.410000000000001030e+00 7.536538072676339652e+05
5.422500000000001208e+00 9.383263662456250750e+05
5.432500000000000995e+00 9.817638228726410307e+05
5.445000000000001172e+00 1.104812592673723120e+06
5.455000000000001847e+00 6.417547355246309889e+05
5.467500000000001137e+00 -4.658851804752105963e+05
5.477500000000001812e+00 -1.115143057738575619e+06
5.490000000000001101e+00 -9.310514968279775931e+05
5.500000000000001776e+00 -5.994736113645666046e+05
5.512500000000001066e+00 -9.994103935637632094e+04
5.525000000000001243e+00 7.740127345933691831e+05
5.535000000000001918e+00 8.054972291032448411e+05
5.547500000000001208e+00 7.281724604216808220e+05
5.557500000000001883e+00 5.173784384020009893e+05
5.570000000000001172e+00 -3.263990309126271750e+05
5.580000000000001847e+00 -8.273029301160335308e+05
5.592500000000001137e+00 -1.008086825459012180e+06
5.602500000000001812e+00 -8.808767807067204267e+05
5.615000000000001990e+00 -4.494061449532015831e+05
5.625000000000001776e+00 4.247778517130888649e+05
5.637500000000001954e+00 1.028010642328999238e+06
5.650000000000001243e+00 1.008587836023626849e+06
5.660000000000001918e+00 6.876347824925283203e+05
5.672500000000001208e+00 1.513741114951152413e+05
5.682500000000001883e+00 -2.031223672529982869e+05
5.695000000000002061e+00 -6.242681312770728255e+05
5.705000000000001847e+00 -7.361695663413146976e+05
5.717500000000002025e+00 -4.358865654806046514e+05
5.727500000000001812e+00 -1.567890580912934383e+05
5.740000000000001990e+00 2.672590984740265412e+05
5.750000000000001776e+00 6.787710256099641556e+05
5.762500000000001954e+00 7.634886681894769426e+05
5.775000000000002132e+00 4.434018562895960640e+05
5.785000000000001918e+00 1.554500268246604537e+05
5.797500000000002096e+00 -6.850036758536265697e+05
5.807500000000001883e+00 -1.023649729831031058e+06
5.820000000000002061e+00 -6.566918073656279594e+05
5.830000000000001847e+00 -5.361993345178839518e+05
5.842500000000002025e+00 4.292763849090496660e+05
5.852500000000001812e+00 6.411543687718620058e+05
5.865000000000001990e+00 1.102184676833417732e+06
5.875000000000001776e+00 8.719032241229312494e+05
5.887500000000001954e+00 5.541712635385652538e+05
5.900000000000002132e+00 -4.739007569774816511e+05
5.910000000000001918e+00 -4.066274788984710467e+05
5.922500000000002096e+00 -3.432771699855492334e+05
5.932500000000001883e+00 -7.240738232042250456e+05
5.945000000000002061e+00 -2.271727298997636535e+05
5.955000000000001847e+00 2.887354621189367026e+05
5.967500000000002025e+00 9.923460777631696546e+05
5.977500000000001812e+00 8.785232460196630564e+05
5.990000000000001990e+00 4.518112756224786281e+05
6.012500000000000178e+00 -7.578728357503976440e+03
6.025000000000000355e+00 -5.456903883527121507e+05
6.035000000000000142e+00 -4.488962229040910606e+05
6.047500000000000320e+00 -7.729311764655921143e+05
6.057500000000000107e+00 -2.383616591923588712e+05
6.070000000000000284e+00 7.075517948367760982e+05
6.080000000000000071e+00 9.270119235737548443e+05
6.092500000000000249e+00 5.705930553082635161e+05
6.102500000000000036e+00 3.535628109755412443e+05
6.115000000000000213e+00 -1.418621496604351851e+05
6.125000000000000000e+00 -7.676953053951449692e+04
6.137500000000000178e+00 -5.769887080530491658e+05
6.150000000000000355e+00 -5.938278945647150977e+05
6.160000000000000142e+00 -1.931265228888960264e+05
6.172500000000000320e+00 2.808775188492145389e+05
6.182500000000000107e+00 7.000685849995770259e+05
6.195000000000001172e+00 7.773265396096358309e+05
6.205000000000000071e+00 1.725783764919320820e+05
6.217500000000001137e+00 -2.103857954087789985e+05
6.227500000000000036e+00 -2.215702849437789991e+05
6.240000000000001101e+00 -4.013489285860430682e+05
6.250000000000000000e+00 -4.086505986083844909e+05
6.262500000000001066e+00 -8.862620004392290139e+04
6.275000000000001243e+00 1.778787909094199131e+05
6.285000000000001030e+00 1.715029276829824666e+05
6.297500000000001208e+00 9.217021101295212284e+05
6.307500000000000995e+00 9.907251418739904184e+05
6.320000000000001172e+00 7.022522180584738962e+05
6.330000000000000959e+00 -1.079824703099312610e+05
6.342500000000001137e+00 -6.978836948611667613e+05
6.352500000000000924e+00 -8.233033845569040859e+05
6.365000000000001101e+00 -3.493671670454677660e+05
6.375000000000000888e+00 7.698361129226630146e+04
6.387500000000001066e+00 5.747384599644095870e+05
6.400000000000001243e+00 7.300959721472826786e+05
6.410000000000001030e+00 5.827423591248659650e+05
6.422500000000001208e+00 4.180248757855144213e+05
6.432500000000000995e+00 -9.194456789564907376e+04
6.445000000000001172e+00 -4.678908542102313950e+05
6.455000000000001847e+00 -7.758430645384750096e+05
6.467500000000001137e+00 -3.737056974693067605e+05
6.477500000000001812e+00 1.819393053764866199e+05
6.490000000000001101e+00 -2.272848488379388800e+04
6.500000000000001776e+00 6.912071381662625936e+04
6.512500000000001066e+00 4.779677914338934934e+05
6.525000000000001243e+00 6.522920305361914216e+05
6.535000000000001030e+00 5.451848555437248433e+05
6.547500000000001208e+00 -1.442603042474531976e+05
6.557500000000001883e+00 -2.698965869309191476e+05
6.570000000000001172e+00 -8.741245118699602317e+05
6.580000000000001847e+00 -5.096504595656509046e+05
6.592500000000001137e+00 -4.143865323779288155e+04
6.602500000000001812e+00 6.593513810531995259e+05
6.615000000000001101e+00 8.327531445517296670e+05
6.625000000000001776e+00 7.823870254038335988e+05
6.637500000000001954e+00 6.928388859364296077e+05
6.650000000000001243e+00 2.181896353314718290e+05
6.660000000000001918e+00 -5.639012616454140516e+05
6.672500000000001208e+00 -1.079089715943320422e+06
6.682500000000001883e+00 -5.977924707208349137e+05
6.695000000000001172e+00 -3.340126581781622954e+05
6.705000000000001847e+00 3.037235634972734260e+05
6.717500000000002025e+00 4.815122884299501893e+05
6.727500000000001812e+00 7.285717964033575263e+05
6.740000000000001990e+00 7.454343518268067855e+05
6.750000000000001776e+00 6.910913515735837864e+05
6.762500000000001954e+00 -4.941607397200987907e+04
6.775000000000001243e+00 -9.227704293091344880e+05
6.785000000000001918e+00 -8.871619183820415055e+05
6.797500000000002096e+00 -4.781792301249643788e+05
6.807500000000001883e+00 -2.881998178155169589e+05
6.820000000000002061e+00 1.703418091011426004e+05
6.830000000000001847e+00 4.968035376146113267e+05
6.842500000000002025e+00 9.162587453348229174e+05
6.852500000000001812e+00 8.963239175585743506e+05
6.865000000000001990e+00 7.298992347348472686e+04
6.875000000000002665e+00 -7.401395147345333826e+05
6.887500000000001954e+00 -6.318670093879317865e+05
6.900000000000002132e+00 -7.322226377274370752e+05
6.910000000000001918e+00 -7.068984687409626786e+05
6.922500000000002096e+00 1.708878319482018414e+05
6.932500000000001883e+00 7.511564701651963405e+05
6.945000000000002061e+00 9.881331342899055453e+05
6.955000000000002736e+00 4.708693363405109267e+05
6.967500000000002025e+00 5.306272914839807199e+05
6.977500000000002700e+00 4.465957181041097501e+05
6.990000000000001101e+00 -4.684899695505569107e+05
7.012500000000000178e+00 -1.063360205304820556e+06
7.025000000000000355e+00 -8.875352130225859582e+05
7.035000000000000142e+00 -1.632593415079799015e+05
7.047500000000000320e+00 1.103587076802761585e+05
7.057500000000000107e+00 1.103635381541857263e+06
7.070000000000000284e+00 8.816098455228029052e+05
7.080000000000000071e+00 1.472315196166046953e+05
7.092500000000000249e+00 -3.983414273158333963e+05
7.102500000000000036e+00 -5.080898436284878990e+05
7.115000000000001101e+00 -1.000761717373500462e+06
7.125000000000000000e+00 -6.866690314626157051e+05
7.137500000000000178e+00 -5.672997834888432408e+05
7.150000000000000355e+00 1.354839076028302952e+05
7.160000000000000142e+00 5.451290622286697617e+05
7.172500000000000320e+00 1.104018380831230665e+06
7.182500000000000107e+00 8.999569763029308524e+05
7.195000000000001172e+00 1.622888225712790154e+05
7.205000000000000071e+00 -5.291547141064967727e+05
7.217500000000001137e+00 -6.203630115444811527e+05
7.227500000000000036e+00 -1.057398351254961919e+06
7.240000000000001101e+00 -5.642612560316125164e+05
7.250000000000000000e+00 1.022656696921178809e+05
7.262500000000001066e+00 1.022748591187425336e+05
7.275000000000001243e+00 6.090109955797465518e+05
7.285000000000001030e+00 6.132441594158757944e+05
7.297500000000001208e+00 6.148842923177329358e+05
7.307500000000000995e+00 -4.904259565768854809e+05
7.320000000000001172e+00 -7.134379457834614441e+05
7.330000000000000959e+00 -5.922764164081906201e+05
7.342500000000001137e+00 -7.068820805853093043e+05
7.352500000000000924e+00 -2.823361480115943705e+05
7.365000000000001101e+00 1.002069395756931044e+05
7.375000000000001776e+00 8.517803563758899691e+05
7.387500000000001066e+00 8.144545901380656287e+05
7.400000000000001243e+00 4.377089505982003757e+05
7.410000000000001030e+00 -1.527229593375426703e+03
7.422500000000001208e+00 -5.367916488054491347e+05
7.432500000000000995e+00 -8.577751578719473910e+05
7.445000000000001172e+00 -5.605642561071359087e+05
7.455000000000001847e+00 -2.262222289431622194e+05
7.467500000000001137e+00 1.061453065301394672e+05
7.477500000000001812e+00 4.266191703874747618e+05
7.490000000000001101e+00 5.996221071343236836e+05
7.500000000000001776e+00 6.540333917225832120e+05
7.512500000000001066e+00 5.130027237767564366e+05
7.525000000000001243e+00 -3.095257528591824812e+05
7.535000000000001918e+00 -1.212136505949952261e+05
7.547500000000001208e+00 -5.673831856425304431e+05
7.557500000000001883e+00 -4.354194347022572183e+05
7.570000000000001172e+00 -6.486307825901771866e+04
7.580000000000001847e+00 -7.145788822373547009e+04
7.592500000000001137e+00 2.352429900997693476e+05
7.602500000000001812e+00 7.669152452917969786e+05
7.615000000000001990e+00 1.542495616803606099e+05
7.625000000000001776e+00 -8.446948610315749829e+04
7.637500000000001954e+00 -1.124401287270459434e+05
7.650000000000001243e+00 -6.223304604417276569e+05
7.660000000000001918e+00 -4.832558209487685235e+05
7.672500000000001208e+00 -8.921225126806210028e+04
7.682500000000001883e+00 5.982591977829593088e+04
7.695000000000002061e+00 4.886599754656308214e+05
7.705000000000001847e+00 1.078258402073151898e+06
7.717500000000002025e+00 2.033387267385103623e+05
7.727500000000001812e+00 8.242556443550518452e+03
7.740000000000001990e+00 -3.257580350568985450e+05
7.750000000000001776e+00 -6.860645779027390527e+05
7.762500000000001954e+00 -8.915362674394277856e+05
7.775000000000002132e+00 -5.472122475153469713e+05
7.785000000000001918e+00 7.051709193510490877e+04
7.797500000000002096e+00 3.476981303869426483e+05
7.807500000000001883e+00 8.206175429252034519e+05
7.820000000000002061e+00 7.203012880858540302e+05
7.830000000000001847e+00 2.303205135701503896e+05
7.842500000000002025e+00 -1.469043616242892167e+05
7.852500000000001812e+00 -1.850635304868088278e+05
7.865000000000001990e+00 -1.356030658135864185e+06
7.875000000000001776e+00 -5.168102911563558155e+05
7.887500000000001954e+00 -1.905467389703898516e+05
7.900000000000002132e+00 1.235374639917511086e+05
7.910000000000001918e+00 1.547595700104764837e+05
7.922500000000002096e+00 7.846956060391865904e+05
7.932500000000001883e+00 8.821222018451994518e+05
7.945000000000002061e+00 6.503604808690103237e+05
7.955000000000001847e+00 -2.590415245426021866e+05
7.967500000000002025e+00 -6.701996424855752848e+05
7.977500000000001812e+00 -7.586758415119015845e+05
7.990000000000001990e+00 -5.799800841359266778e+05
8.012500000000001066e+00 1.449044988046126964e+05
8.025000000000000355e+00 6.946061976309516467e+05
8.035000000000000142e+00 1.086764580539310584e+06
8.047500000000001208e+00 8.443867999497116543e+05
8.057500000000000995e+00 -1.705624144814163810e+04
8.070000000000000284e+00 -6.620182687295055948e+05
8.080000000000000071e+00 -4.042301908385540592e+05
8.092500000000001137e+00 -9.802412506559692556e+05
8.102500000000000924e+00 -9.747870970253768610e+05
8.115000000000000213e+00 -3.965278025019428460e+05
8.125000000000000000e+00 4.944333906430731877e+05
8.137500000000001066e+00 6.564032951891889097e+05
8.150000000000000355e+00 6.822190716003042180e+05
8.160000000000000142e+00 3.824175791928394465e+05
8.172500000000001208e+00 -1.488646662232319359e+05
8.182500000000000995e+00 -3.669053033916574204e+05
8.195000000000000284e+00 -8.148387632072005654e+05
8.205000000000000071e+00 -5.720301453904605005e+05
8.217500000000001137e+00 -2.475645391731474665e+05
8.227500000000000924e+00 5.062365018265711260e+05
8.240000000000000213e+00 6.249894825862126891e+05
8.250000000000000000e+00 7.911818275765505387e+05
8.262500000000001066e+00 8.957135272999891313e+05
8.275000000000000355e+00 9.361745342667900259e+05
8.285000000000000142e+00 2.497898348784898408e+05
8.297500000000001208e+00 -6.050350494931117864e+05
8.307500000000000995e+00 -7.072574315988146700e+05
8.320000000000000284e+00 -6.936812301186146215e+05
8.330000000000000071e+00 -5.160231346875524614e+05
8.342500000000001137e+00 4.161291914905060548e+04
8.352500000000000924e+00 3.881639955164211278e+04
8.365000000000000213e+00 8.497015879313615151e+05
8.375000000000000000e+00 8.297029214401508216e+05
8.387500000000001066e+00 3.632463430843088281e+04
8.400000000000000355e+00 -8.902169774535521865e+05
8.410000000000000142e+00 -1.160327728140454739e+06
8.422500000000001208e+00 -8.511232696618504124e+05
8.432500000000000995e+00 -6.591156153665129095e+05
8.445000000000000284e+00 2.432386683240960410e+05
8.455000000000000071e+00 9.359328246656408301e+05
8.467500000000001137e+00 1.120847799303934677e+06
8.477500000000000924e+00 1.082234314513978316e+06
8.490000000000000213e+00 1.700954865005724423e+05
8.500000000000000000e+00 -2.033043175874506414e+04
8.512500000000001066e+00 -3.401850883454305585e+05
8.525000000000002132e+00 -8.282782819386380725e+05
8.535000000000000142e+00 -1.759610139039225760e+05
8.547500000000001208e+00 -1.928893526705199329e+05
8.557500000000000995e+00 2.740173750498628578e+04
8.570000000000002061e+00 4.905156961348945042e+05
8.580000000000000071e+00 5.360051469830947462e+05
8.592500000000001137e+00 1.692367197978107724e+05
8.602500000000000924e+00 1.299198056539914833e+05
8.615000000000001990e+00 -7.685200124059813097e+05
8.625000000000000000e+00 -8.092428751599962125e+05
8.637500000000001066e+00 -1.009160053759536589e+06
8.650000000000002132e+00 -1.958200698883730511e+05
8.660000000000000142e+00 1.170617498955163028e+05
8.672500000000001208e+00 5.654259759096649941e+05
8.682500000000000995e+00 7.113232920611250447e+05
8.695000000000002061e+00 9.843621172452509636e+05
8.705000000000000071e+00 3.405743596369206789e+05
8.717500000000001137e+00 -1.287619005993848550e+05
8.727500000000002700e+00 -3.387270869501599809e+05
8.740000000000001990e+00 -3.825454318533203332e+05
8.750000000000001776e+00 -4.989189307728809654e+05
8.762500000000001066e+00 -1.684259510866143974e+05
8.775000000000002132e+00 2.750617787391680176e+05
8.785000000000001918e+00 8.266226600116542540e+05
8.797500000000001208e+00 7.453385959052653052e+05
8.807500000000002771e+00 9.402881048373908270e+05
8.820000000000002061e+00 1.837431093968018467e+04
8.830000000000003624e+00 -6.592403705288635101e+05
8.842500000000001137e+00 -1.240848106006399263e+06
8.852500000000002700e+00 -1.119691462004076922e+06
8.865000000000001990e+00 -8.588230040288404562e+05
8.875000000000003553e+00 -1.239617508761591162e+05
8.887500000000002842e+00 5.494623759146204684e+05
8.900000000000002132e+00 4.883671254064760869e+05
8.910000000000003695e+00 5.281358440416814992e+05
8.922500000000001208e+00 5.778877995751790004e+05
8.932500000000002771e+00 -2.211069108092881215e+05
8.945000000000002061e+00 -4.806321673707963200e+05
8.955000000000003624e+00 -4.743030070007812465e+05
8.967500000000002913e+00 -6.737218376125933137e+05
8.977500000000002700e+00 -1.116061847255839893e+04
8.990000000000001990e+00 4.533449665350905270e+05
9.012500000000001066e+00 9.305033844512864016e+05
9.025000000000002132e+00 9.201070631920936285e+05
9.035000000000001918e+00 3.650829242273799027e+05
9.047500000000001208e+00 -3.671225306062874151e+05
9.057500000000000995e+00 -6.806827270286645507e+05
9.070000000000002061e+00 -7.374696069962207694e+05
9.080000000000001847e+00 -5.595568170509970514e+05
9.092500000000001137e+00 -1.204511822021225234e+05
9.102500000000000924e+00 4.696562781650416437e+05
9.115000000000001990e+00 8.360013910913063446e+05
9.125000000000001776e+00 1.113871084291507490e+06
9.137500000000001066e+00 6.895252019627270056e+05
9.150000000000002132e+00 1.238396007723460934e+05
9.160000000000001918e+00 -2.264009621087600826e+05
9.172500000000001208e+00 -7.740842729660399491e+05
9.182500000000000995e+00 -7.153660394441842800e+05
9.195000000000002061e+00 -2.391020149489030009e+05
9.205000000000001847e+00 5.528438095513849985e+05
9.217500000000001137e+00 7.993567258153621806e+05
9.227500000000000924e+00 6.460345020096651278e+05
9.240000000000001990e+00 5.893787984933197731e+05
9.250000000000001776e+00 1.703675159974002454e+05
9.262500000000001066e+00 -4.366443000190120656e+05
9.275000000000002132e+00 -6.843266149148223922e+05
9.285000000000001918e+00 -7.212675754626423586e+05
9.297500000000001208e+00 -4.069724697307680617e+05
9.307500000000000995e+00 1.175811620234359680e+03
9.320000000000002061e+00 2.516326921294895874e+05
9.330000000000001847e+00 7.603870703303989721e+05
9.342500000000001137e+00 1.111633574587077834e+06
9.352500000000000924e+00 7.085733304120356916e+05
9.365000000000001990e+00 2.013492663980394582e+03
9.375000000000001776e+00 -3.323495295925623504e+05
9.387500000000001066e+00 -1.104351608363163890e+06
9.400000000000002132e+00 -9.590377162302561337e+05
9.410000000000001918e+00 -7.283755867727639270e+04
9.422500000000001208e+00 3.430365508228166727e+05
9.432500000000000995e+00 5.800095398772106273e+05
9.445000000000002061e+00 7.991109062666620594e+05
9.455000000000001847e+00 6.383236180775091052e+05
9.467500000000001137e+00 3.067000448547620908e+05
9.477500000000000924e+00 -6.138717701226340141e+05
9.490000000000001990e+00 -7.302887496912953211e+05
9.500000000000001776e+00 -8.484604686356290476e+05
9.512500000000001066e+00 -4.993897431235561962e+05
9.525000000000002132e+00 2.363226622825793165e+05
9.535000000000001918e+00 5.695211197680850455e+04
9.547500000000002984e+00 8.108785717977561289e+05
9.557500000000000995e+00 3.780442280729025370e+05
9.570000000000002061e+00 3.647115591952736722e+05
9.580000000000001847e+00 1.969400265833256708e+05
9.592500000000002913e+00 -7.621853216314189194e+04
9.602500000000000924e+00 -9.465411913303778274e+05
9.615000000000001990e+00 -8.994001512238224968e+05
9.625000000000001776e+00 -6.199111428847793723e+05
9.637500000000002842e+00 2.889817173497962067e+05
9.650000000000002132e+00 9.629027387143111555e+05
9.660000000000001918e+00 9.923084566518939100e+05
9.672500000000002984e+00 8.303612296889828285e+05
9.682500000000000995e+00 2.738307603060857509e+05
9.695000000000002061e+00 -1.413619138537379040e+05
9.705000000000001847e+00 -6.070686824200135889e+05
9.717500000000002913e+00 -1.015397467818993726e+06
9.727500000000002700e+00 -8.095973283657908905e+05
9.740000000000001990e+00 -2.502891954293534800e+05
9.750000000000003553e+00 1.550795853329415258e+05
9.762500000000002842e+00 3.355256921800329583e+05
9.775000000000002132e+00 1.063561160075842170e+06
9.785000000000001918e+00 6.480743341144926380e+05
9.797500000000002984e+00 -3.470079622516276140e+04
9.807500000000004547e+00 -6.223463905149822822e+05
9.820000000000002061e+00 -1.195688510822772747e+06
9.830000000000003624e+00 -5.398172823178152321e+05
9.842500000000002913e+00 -1.156874472496338713e+05
9.852500000000004476e+00 1.917639838775772951e+05
9.865000000000001990e+00 4.668312795838274760e+05
9.875000000000003553e+00 7.473805301254022634e+05
9.887500000000004619e+00 7.650363525022931863e+05
9.900000000000002132e+00 7.020934794548527570e+05
9.910000000000003695e+00 2.306333390744632634e+05
9.922500000000002984e+00 -5.561747191917944001e+05
9.932500000000004547e+00 -1.076143080250704894e+06
9.945000000000002061e+00 -5.974925620973857585e+05
9.955000000000003624e+00 -1.963921699042309774e+05
9.967500000000004690e+00 2.791913903505240451e+05
9.977500000000004476e+00 5.613906071758782491e+05
9.990000000000001990e+00 6.631808667307378491e+05
1.001250000000000107e+01 1.165677387781482830e+05
1.002500000000000036e+01 -8.694316034764520009e+04
1.003500000000000014e+01 -3.804444497225712985e+05
1.004750000000000121e+01 -2.903934811822760967e+05
1.005750000000000099e+01 -2.730428187296278193e+05
1.007000000000000028e+01 -4.217773461133184028e+05
1.008000000000000007e+01 3.252426655411658885e+03
1.009250000000000114e+01 1.086562397602169076e+06
1.010250000000000092e+01 8.971004160295575857e+05
1.011500000000000021e+01 7.175001798817819217e+05
1.012500000000000000e+01 2.068681343504386896e+05
1.013750000000000107e+01 -3.036996368373818113e+05
1.015000000000000036e+01 -4.463539036938535282e+05
1.016000000000000014e+01 -1.467735238283728831e+05
1.017250000000000121e+01 -2.743185626049815328e+05
1.018250000000000099e+01 9.022434102547074144e+04
1.019500000000000028e+01 8.413143480911207153e+05
1.020500000000000007e+01 5.321897681362509029e+05
1.021750000000000114e+01 7.600690314817853505e+05
1.022750000000000092e+01 6.192729382992308820e+05
1.024000000000000021e+01 2.537138241214659865e+04
1.025000000000000000e+01 -5.647394284820595058e+05
1.026250000000000107e+01 -8.883067534684418933e+05
1.027500000000000036e+01 -5.780735111560219666e+05
1.028500000000000014e+01 -2.322549706769328041e+05
1.029750000000000121e+01 3.823724419778424199e+05
1.030750000000000099e+01 1.071137769247650634e+06
1.032000000000000028e+01 6.413891733087234898e+05
1.033000000000000007e+01 2.340542247853027075e+05
1.034250000000000114e+01 1.617711946987323427e+04
1.035250000000000092e+01 -4.658761887872133520e+05
1.036500000000000021e+01 -3.894984022826362634e+05
1.037500000000000000e+01 -3.313384199282967020e+05
1.038750000000000107e+01 -5.807538748987609288e+05
1.040000000000000213e+01 1.643498109009937616e+05
1.041000000000000014e+01 8.490777819072070997e+05
1.042250000000000121e+01 6.563070397379207425e+05
1.043250000000000099e+01 4.459403670287005370e+05
1.044500000000000028e+01 1.871695173413324810e+05
1.045500000000000007e+01 -2.449294379623821878e+05
1.046750000000000114e+01 -3.923386865089882049e+05
1.047750000000000092e+01 -2.565613125276650826e+05
1.049000000000000021e+01 -7.945426594330131775e+05
1.050000000000000000e+01 -3.300381578957400779e+04
1.051250000000000107e+01 1.923094434827430232e+05
1.052500000000000213e+01 4.444310135782238794e+05
1.053500000000000014e+01 8.669038615597090684e+05
1.054750000000000121e+01 3.172602698715200531e+05
1.055750000000000099e+01 -1.155683991774155438e+05
1.057000000000000206e+01 -8.741278642243851209e+05
1.058000000000000007e+01 -9.668654619193642866e+05
1.059250000000000114e+01 -6.956811446007136256e+05
1.060250000000000092e+01 -4.459287675805956242e+05
1.061500000000000199e+01 5.146566925626200391e+05
1.062500000000000178e+01 9.631438056265158812e+05
1.063750000000000107e+01 6.537645060238591395e+05
1.065000000000000213e+01 9.650628501517368713e+05
1.066000000000000192e+01 3.405316825585450861e+05
1.067250000000000121e+01 -3.998374425241093850e+05
1.068250000000000099e+01 -8.391220764738491271e+05
1.069500000000000206e+01 -5.829979364142956911e+05
1.070500000000000185e+01 -1.117308706759899505e+05
1.071750000000000114e+01 6.878067999767547008e+04
1.072750000000000270e+01 3.640971512361720670e+05
1.074000000000000199e+01 6.964635688563914737e+05
1.075000000000000178e+01 4.749739816335791838e+05
1.076250000000000107e+01 4.764406119972024462e+05
1.077500000000000213e+01 -2.902566433949592756e+05
1.078500000000000369e+01 -7.861188448941051029e+05
1.079750000000000121e+01 -5.694775064162329072e+05
1.080750000000000277e+01 -6.679530798749204259e+05
1.082000000000000206e+01 -8.092117231423535850e+05
1.083000000000000362e+01 -2.078058545239819796e+05
1.084250000000000114e+01 7.428316777257745853e+05
1.085250000000000270e+01 1.085911650500734104e+06
1.086500000000000377e+01 8.303539343289990211e+05
1.087500000000000355e+01 -2.841810752877266714e+04
1.088750000000000284e+01 -3.911561970506446087e+05
1.090000000000000213e+01 -5.917946826917949365e+05
1.091000000000000369e+01 -5.191781781518007629e+05
1.092250000000000121e+01 -4.037136632695922162e+05
1.093250000000000277e+01 -5.198185380791807256e+04
1.094500000000000384e+01 2.067994326116512821e+05
1.095500000000000362e+01 5.998382883030546363e+05
1.096750000000000291e+01 7.149630813091259915e+05
1.097750000000000270e+01 7.014858494726473000e+05
1.099000000000000199e+01 2.439697810599973600e+05
1.101249999999999929e+01 -8.213587281031328021e+05
1.102500000000000036e+01 -1.022618591163557605e+06
1.103500000000000014e+01 -6.181555127589362673e+05
1.104749999999999943e+01 -9.007469887875662243e+04
1.105749999999999922e+01 2.345820090074025211e+05
1.107000000000000028e+01 6.333270720278673107e+05
1.108000000000000007e+01 5.967750075959258247e+05
1.109249999999999936e+01 4.563660605853064335e+05
1.110249999999999915e+01 4.886126034622717416e+05
1.111500000000000021e+01 -4.132413476917685475e+05
1.112500000000000000e+01 -4.765636630317812087e+05
1.113749999999999929e+01 -9.705887681475923164e+05
1.115000000000000036e+01 -3.940711758638166357e+05
1.116000000000000014e+01 2.189294496460131195e+05
1.117249999999999943e+01 1.118966551505208947e+06
1.118249999999999922e+01 8.642750078008654527e+05
1.119500000000000028e+01 8.196028518889466068e+05
1.120500000000000007e+01 1.621367020156629442e+05
1.121749999999999936e+01 -3.688861891279763076e+05
1.122749999999999915e+01 -4.878656042479908210e+05
1.124000000000000021e+01 -5.776267411873412784e+05
1.125000000000000000e+01 -4.807416211142192478e+05
1.126249999999999929e+01 -9.948902194268461608e+04
1.127500000000000036e+01 6.033856684013532940e+05
1.128500000000000014e+01 3.879820696961594513e+05
1.129749999999999943e+01 8.448300076302695088e+05
1.130749999999999922e+01 4.528047665841999114e+05
1.132000000000000028e+01 -1.356329141062128765e+05
1.133000000000000007e+01 -5.136095118839874049e+05
1.134249999999999936e+01 -6.633666429568813182e+05
1.135249999999999915e+01 -6.826743369814336766e+05
1.136500000000000021e+01 -5.190563749059846741e+05
1.137500000000000000e+01 4.506250642656484270e+05
1.138749999999999929e+01 2.394994797356381605e+05
1.140000000000000036e+01 6.261463149567344226e+05
1.141000000000000014e+01 7.276683576308484189e+05
1.142250000000000121e+01 2.901546157531741192e+05
1.143249999999999922e+01 -6.522378686389038339e+05
1.144500000000000028e+01 -6.192371586849904852e+05
1.145500000000000007e+01 -7.460777393589216517e+05
1.146750000000000114e+01 -3.072786811453732080e+05
1.147749999999999915e+01 -1.859485972529303981e+05
1.149000000000000021e+01 7.603648204635253642e+05
1.150000000000000000e+01 6.798004983412300935e+05
1.151249999999999929e+01 9.044350652172620175e+05
1.152500000000000036e+01 4.214167826056500780e+05
1.153500000000000014e+01 -3.985971480343128496e+04
1.154750000000000121e+01 -1.494083102293412958e+05
1.155749999999999922e+01 -5.270248563191690482e+05
1.157000000000000028e+01 -5.324598234958612593e+05
1.158000000000000007e+01 -4.325906717278463766e+05
1.159250000000000114e+01 -7.217690284689144755e+04
1.160249999999999915e+01 6.126506592040936230e+05
1.161500000000000021e+01 8.026519645779954735e+05
1.162500000000000000e+01 4.940422337192863342e+05
1.163750000000000107e+01 -2.280821792429190245e+05
1.165000000000000036e+01 -3.250377735795540502e+05
1.166000000000000014e+01 -4.819698617540847044e+05
1.167250000000000121e+01 -7.230594076911050361e+05
1.168250000000000099e+01 -6.025651497987135081e+05
1.169500000000000028e+01 2.545826244948369567e+05
1.170500000000000007e+01 3.769315089846943738e+05
1.171750000000000114e+01 6.557210261658307863e+05
1.172750000000000270e+01 4.377549412535262527e+05
1.174000000000000021e+01 -9.580740711649628065e+04
1.175000000000000178e+01 -6.197513972652419034e+04
1.176250000000000107e+01 -3.011158224837282905e+05
1.177500000000000036e+01 -5.081059319938641274e+05
1.178500000000000014e+01 -6.130840671202364611e+05
1.179750000000000121e+01 4.829604200701047375e+04
1.180750000000000277e+01 4.857251519604094210e+05
1.182000000000000028e+01 8.026454132151938975e+05
1.183000000000000185e+01 8.054888612410667120e+05
1.184250000000000114e+01 4.438784431040892377e+05
1.185250000000000270e+01 6.049438870210784444e+03
1.186500000000000021e+01 -5.322348899374078028e+05
1.187500000000000178e+01 -3.033552067872783518e+05
1.188750000000000284e+01 -7.945531350934262155e+05
1.190000000000000036e+01 -7.110150650451950496e+05
1.191000000000000192e+01 -3.680361656723131309e+05
1.192250000000000121e+01 3.068955711570491549e+05
1.193250000000000277e+01 4.935368134083642508e+05
1.194500000000000028e+01 7.376329336554389447e+05
1.195500000000000185e+01 4.732258621048040222e+05
1.196750000000000291e+01 -2.273169120162489126e+05
1.197750000000000270e+01 -8.714002649999250425e+05
1.199000000000000021e+01 -7.955405788980994839e+05
1.201250000000000107e+01 -2.784680107941575116e+05
1.202500000000000036e+01 1.279061212654973206e+05
1.203500000000000014e+01 4.590426262719940278e+05
1.204750000000000121e+01 8.967787436873168917e+05
1.205750000000000099e+01 8.906603822458701907e+05
1.207000000000000028e+01 4.882538234861531528e+05
1.208000000000000007e+01 1.918523396029760261e+04
1.209250000000000114e+01 -9.482035463763001608e+05
1.210250000000000092e+01 -6.507665562839927152e+05
1.211500000000000021e+01 -9.667141692296884721e+05
1.212500000000000000e+01 -4.809119462099424563e+05
1.213750000000000107e+01 2.842752799976635142e+05
1.215000000000000036e+01 3.678502835353844566e+05
1.216000000000000014e+01 7.781966618639775552e+05
1.217250000000000121e+01 5.414857889021337032e+05
1.218250000000000099e+01 9.426058510876470245e+04
1.219500000000000028e+01 -6.244944690677477047e+05
1.220500000000000007e+01 -5.421696386320653837e+05
1.221750000000000114e+01 -8.282389466885604197e+05
1.222750000000000092e+01 -5.346674868802445708e+05
1.224000000000000021e+01 -2.129824586929521756e+05
1.225000000000000000e+01 2.481173896707970998e+05
1.226250000000000107e+01 1.093042156905591255e+06
1.227500000000000036e+01 1.387530882597873220e+06
1.228500000000000014e+01 7.064691209346862743e+05
1.229750000000000121e+01 6.221238922566284600e+04
1.230750000000000099e+01 -4.202030545660796342e+05
1.232000000000000028e+01 -1.055408981817363761e+06
1.233000000000000007e+01 -7.561218049203142291e+05
1.234250000000000114e+01 -6.095969275258397684e+05
1.235250000000000092e+01 -1.846544116663019668e+04
1.236500000000000021e+01 5.677727712173113832e+05
1.237500000000000000e+01 8.889051093885614537e+05
1.238750000000000107e+01 7.159166908806342399e+05
1.240000000000000213e+01 3.460113421023177798e+05
1.241000000000000014e+01 -1.882658545784638845e+05
1.242250000000000121e+01 -5.275942511390652508e+05
1.243250000000000099e+01 -6.603784241053982405e+05
1.244500000000000206e+01 -6.763397695926661836e+05
1.245500000000000007e+01 -2.382730004283210728e+05
1.246750000000000114e+01 4.045563842797441757e+05
1.247750000000000092e+01 8.147611151627426734e+05
1.249000000000000199e+01 6.997474188503319165e+05
1.250000000000000000e+01 9.058870110230233986e+05
1.251250000000000107e+01 2.543135323810784030e+03
1.252500000000000213e+01 -9.391908056509022135e+05
1.253500000000000014e+01 -9.150925215190135641e+05
1.254750000000000121e+01 -7.730986315001256298e+05
1.255750000000000099e+01 2.852841784408191961e+04
1.257000000000000206e+01 -3.155110408684896538e+05
1.258000000000000007e+01 2.841066529479796300e+05
1.259250000000000114e+01 1.012934392206024495e+06
1.260250000000000092e+01 6.204439355417913757e+05
1.261500000000000199e+01 9.464238406204250350e+04
1.262500000000000000e+01 -2.314394500572463148e+05
1.263750000000000107e+01 -4.938052551315622986e+05
1.265000000000000213e+01 -4.823344463130246149e+05
1.266000000000000192e+01 -5.385318997040439863e+05
1.267250000000000121e+01 -1.735860086555779853e+05
1.268250000000000099e+01 4.199319190114645171e+05
1.269500000000000206e+01 8.095909841036596335e+05
1.270500000000000185e+01 6.912252198368208483e+05
1.271750000000000114e+01 3.475246975581321749e+05
1.272750000000000270e+01 -4.200422861434902006e+04
1.274000000000000199e+01 -6.835072157763863215e+05
1.275000000000000178e+01 -8.296560536285074195e+05
1.276250000000000107e+01 -2.204035984292129579e+05
1.277500000000000213e+01 4.713540497961967776e+04
1.278500000000000192e+01 3.762418255139521789e+05
1.279750000000000121e+01 2.979217531732265488e+05
1.280750000000000277e+01 5.568000562296395656e+05
1.282000000000000206e+01 6.542105015707579441e+05
1.283000000000000362e+01 -2.776420170174710074e+04
1.284250000000000114e+01 -4.801224362205240759e+05
1.285250000000000270e+01 -1.080063291759022046e+06
1.286500000000000199e+01 -4.835638528769369586e+05
1.287500000000000355e+01 -3.775253036772573250e+05
1.288750000000000284e+01 -4.018088908468983573e+04
1.290000000000000213e+01 6.238757765546708833e+05
1.291000000000000369e+01 5.267124458809917560e+05
1.292250000000000121e+01 6.774482166486342903e+05
1.293250000000000277e+01 4.143169950059757102e+05
1.294500000000000206e+01 1.700438276886655876e+04
1.295500000000000362e+01 -9.295721962863255758e+05
1.296750000000000291e+01 -6.347657928505341988e+05
1.297750000000000270e+01 -8.204523128995073494e+05
1.299000000000000199e+01 -2.262676277210349217e+05
1.301250000000000107e+01 4.543063516360269859e+05
1.302500000000000213e+01 7.143725489998770645e+05
1.303500000000000192e+01 8.794050721599591197e+05
1.304750000000000121e+01 3.911759292175907758e+05
1.305750000000000099e+01 -3.343090253222184838e+05
1.307000000000000206e+01 -5.225879874357851804e+05
1.308000000000000185e+01 -6.158793708119237563e+05
1.309250000000000114e+01 -3.645727339131919434e+05
1.310250000000000092e+01 2.834655444415937527e+05
1.311500000000000199e+01 4.732156769064787077e+05
1.312500000000000178e+01 3.127527035208927118e+05
1.313750000000000107e+01 6.804437911444563651e+05
1.315000000000000213e+01 4.759242271383950720e+05
1.316000000000000192e+01 3.434663160441264627e+05
1.317250000000000121e+01 -2.622300846853805706e+05
1.318250000000000099e+01 -1.002580233971456648e+06
1.319500000000000206e+01 -7.561196003581656842e+05
1.320500000000000185e+01 -7.144733154959256353e+04
1.321750000000000114e+01 1.499185699807738420e+05
1.322750000000000092e+01 6.963951921848913189e+05
1.324000000000000199e+01 8.104834243575177388e+05
1.325000000000000178e+01 6.155573298602094874e+05
1.326250000000000107e+01 2.847416468365575420e+05
1.327500000000000213e+01 6.520727721328272310e+04
1.328500000000000192e+01 -8.539240688684992492e+05
1.329750000000000121e+01 -1.138315349860730581e+06
1.330750000000000099e+01 -5.665871599816927919e+05
1.332000000000000206e+01 -1.536677291026388411e+05
1.333000000000000185e+01 7.205210825421976624e+05
1.334250000000000114e+01 9.143238610664996086e+05
1.335250000000000092e+01 6.947095828729870263e+05
1.336500000000000199e+01 4.596466009191981866e+05
1.337500000000000178e+01 3.260709244680406409e+05
1.338750000000000107e+01 -4.102950367176837171e+05
1.340000000000000213e+01 -1.120142326952529838e+06
1.341000000000000192e+01 -8.123595149296972668e+05
1.342250000000000298e+01 -3.618109380568044726e+05
1.343250000000000099e+01 6.367481509261048632e+04
1.344500000000000206e+01 5.671783389707593014e+05
1.345500000000000185e+01 5.893389800408831798e+05
1.346750000000000291e+01 7.448758072894976940e+05
1.347750000000000092e+01 5.909221782214688137e+05
1.349000000000000199e+01 1.443265346371231135e+05
1.350000000000000178e+01 -4.585926435844420339e+05
1.351250000000000107e+01 -1.109830082055111881e+06
1.352500000000000213e+01 -3.759280388205682975e+05
1.353500000000000192e+01 -1.421551627411802183e+05
1.354750000000000298e+01 4.009698071463815286e+05
1.355750000000000099e+01 5.088591519103687024e+05
1.357000000000000206e+01 5.861101794274699641e+05
1.358000000000000185e+01 4.819509014174385229e+05
1.359250000000000291e+01 5.127048372045912547e+05
1.360250000000000092e+01 -5.385879021628296468e+05
1.361500000000000199e+01 -8.631897224210534478e+05
1.362500000000000178e+01 -4.263557654154121410e+05
1.363750000000000284e+01 -3.901819640758640599e+05
1.365000000000000213e+01 7.173542588581160817e+04
1.366000000000000192e+01 3.053069713586435537e+05
1.367250000000000298e+01 3.706853388041907456e+05
1.368250000000000277e+01 4.983532828220227384e+05
1.369500000000000206e+01 1.712362101484548475e+05
1.370500000000000185e+01 -2.725828881305594114e+05
1.371750000000000291e+01 -4.107896817020769231e+05
1.372750000000000270e+01 -2.641677896559111541e+05
1.374000000000000199e+01 -6.575428657780990470e+05
1.375000000000000355e+01 -4.704248407930459944e+05
1.376250000000000284e+01 2.074975519053298631e+05
1.377500000000000213e+01 8.542462651357220020e+05
1.378500000000000192e+01 1.201401868619063636e+06
1.379750000000000298e+01 3.422625764265093603e+05
1.380750000000000455e+01 -4.916240519035809848e+04
1.382000000000000206e+01 -4.115949155023095082e+05
1.383000000000000362e+01 -8.793273572889866773e+05
1.384250000000000291e+01 -8.893505305274067214e+05
1.385250000000000448e+01 -6.301812605767468922e+05
1.386500000000000199e+01 -1.368444431923498050e+05
1.387500000000000355e+01 3.374392383666640962e+05
1.388750000000000462e+01 4.548860309525894118e+05
1.390000000000000213e+01 6.972483703173336107e+05
1.391000000000000369e+01 7.269054555909382179e+05
1.392250000000000298e+01 1.316868330210353015e+05
1.393250000000000455e+01 -6.448071734641225776e+05
1.394500000000000206e+01 -7.074876339274188504e+05
1.395500000000000362e+01 -9.592537223234437406e+05
1.396750000000000469e+01 -1.826963712754406151e+05
1.397750000000000448e+01 1.141154622894102358e+05
1.399000000000000199e+01 6.975510069408911513e+05
1.401250000000000107e+01 8.213334721528136870e+05
1.402500000000000036e+01 9.005789806773391319e+05
1.403500000000000014e+01 1.027408162733607896e+05
1.404750000000000121e+01 -1.639796610564061557e+05
1.405750000000000099e+01 -8.548515890932634939e+05
1.407000000000000028e+01 -6.611811520716587547e+05
1.408000000000000007e+01 -3.101859482482351013e+05
1.409250000000000114e+01 2.027469516729099851e+05
1.410250000000000092e+01 2.532873501432080811e+05
1.411500000000000021e+01 8.442338517561760964e+05
1.412500000000000000e+01 6.277242873528751079e+05
1.413750000000000107e+01 2.854696182325849077e+05
1.415000000000000036e+01 -2.139275962068905355e+05
1.416000000000000014e+01 -3.938838852855640580e+05
1.417250000000000121e+01 -2.664062565363275935e+05
1.418250000000000099e+01 -1.113171577093321248e+05
1.419500000000000028e+01 -1.565600250206988130e+05
1.420500000000000007e+01 7.304958803238613764e+05
1.421750000000000114e+01 6.469929983665801119e+05
1.422750000000000092e+01 4.710148737281176145e+05
1.424000000000000021e+01 6.250276083365010563e+05
1.425000000000000000e+01 1.100125474765447143e+05
1.426250000000000107e+01 -6.345643591281359550e+05
1.427500000000000036e+01 -6.930323003021669574e+05
1.428500000000000014e+01 -8.119507819777587429e+05
1.429750000000000121e+01 -6.495151334021023649e+04
1.430750000000000099e+01 4.470909805272619706e+05
1.432000000000000028e+01 8.020137945457211463e+05
1.433000000000000007e+01 6.774571021637209924e+05
1.434250000000000114e+01 6.186604071111985104e+04
1.435250000000000092e+01 2.089621824935597488e+03
1.436500000000000021e+01 -2.917447350317658857e+05
1.437500000000000000e+01 -3.798795480609272490e+05
1.438750000000000107e+01 -6.478870611588646425e+05
1.440000000000000213e+01 -2.922787678663397674e+05
1.441000000000000014e+01 7.568546759439595917e+04
1.442250000000000121e+01 2.815142603014373453e+05
1.443250000000000099e+01 7.644909164236123906e+05
1.444500000000000206e+01 5.540190204077728558e+05
1.445500000000000007e+01 2.465935897107806231e+05
1.446750000000000114e+01 5.068665864550264814e+04
1.447750000000000092e+01 -3.026339614977655001e+05
1.449000000000000199e+01 -4.023096874604129116e+05
1.450000000000000000e+01 -8.016022042860490037e+05
1.451250000000000107e+01 -4.131190716575281112e+05
1.452500000000000213e+01 2.946717358676302247e+05
1.453500000000000192e+01 3.577067829359232564e+05
1.454750000000000121e+01 6.287532518803883577e+05
1.455750000000000099e+01 4.207802701701737242e+05
1.457000000000000206e+01 1.739906992873216223e+05
1.458000000000000007e+01 -1.106807782079025201e+05
1.459250000000000114e+01 -6.923064168039136566e+05
1.460250000000000092e+01 -9.561352486827317625e+05
1.461500000000000199e+01 -5.988756162305953912e+05
1.462500000000000178e+01 4.567249248031116440e+04
1.463750000000000107e+01 6.178171225425564917e+05
1.465000000000000213e+01 9.125390758953227196e+05
1.466000000000000192e+01 8.598055449824562529e+05
1.467250000000000121e+01 4.583979221644246718e+05
1.468250000000000099e+01 -1.351491516602759657e+05
1.469500000000000206e+01 -7.911294289900837466e+05
1.470500000000000362e+01 -1.031046154816658120e+06
1.471750000000000114e+01 -1.048035884581162361e+06
1.472750000000000270e+01 -5.812110803137628827e+05
1.474000000000000199e+01 5.002307945324740722e+05
1.475000000000000355e+01 8.504220423749809852e+05
1.476250000000000107e+01 7.027784186951532029e+05
1.477500000000000213e+01 6.221625272462855792e+05
1.478500000000000369e+01 4.581537119406415150e+05
1.479750000000000121e+01 -2.078611622443073429e+05
1.480750000000000277e+01 -5.747814726635308471e+05
1.482000000000000206e+01 -5.557742424458770547e+05
1.483000000000000362e+01 -5.768476884009361966e+05
1.484250000000000114e+01 -1.849560667320269858e+05
1.485250000000000270e+01 2.829372893253519433e+05
1.486500000000000377e+01 9.758868132520384388e+05
1.487500000000000355e+01 7.283357846073228866e+05
1.488750000000000284e+01 3.322363005763100227e+05
1.490000000000000213e+01 -4.794565559202312725e+05
1.491000000000000369e+01 -4.880704951759002870e+05
1.492250000000000121e+01 -8.236119833315672586e+05
1.493250000000000277e+01 -9.603556757458721986e+05
1.494500000000000384e+01 -5.660750390187109588e+05
1.495500000000000362e+01 -2.024267469579319295e+05
1.496750000000000291e+01 6.800822194523682119e+05
1.497750000000000270e+01 8.943782047926633386e+05
1.499000000000000199e+01 4.130273411669121706e+05
1.501249999999999929e+01 -1.822008355228928267e+05
1.502500000000000036e+01 -5.411028035973618971e+05
1.503500000000000014e+01 -6.732188629350248957e+05
1.504749999999999943e+01 -5.450315611237897538e+05
1.505749999999999922e+01 1.198351117890207388e+04
1.507000000000000028e+01 7.132807955585611053e+05
1.508000000000000007e+01 7.243724662060178816e+05
1.509249999999999936e+01 5.397235213537808741e+05
1.510249999999999915e+01 3.840533606623197556e+05
1.511500000000000021e+01 1.682423354495479143e+05
1.512500000000000000e+01 3.290553810910784523e+04
1.513749999999999929e+01 -2.956755908469794667e+05
1.515000000000000036e+01 -9.443926774296580115e+05
1.516000000000000014e+01 -6.987867202069633640e+05
1.517249999999999943e+01 9.804177626281963603e+04
1.518249999999999922e+01 -2.224533854409204196e+03
1.519500000000000028e+01 3.856268973534086253e+05
1.520500000000000007e+01 7.338805527546234662e+05
1.521749999999999936e+01 3.617604832201944082e+05
1.522749999999999915e+01 -4.565884227712168358e+05
1.524000000000000021e+01 -6.155174245373380836e+05
1.525000000000000000e+01 -6.588876935210532974e+05
1.526249999999999929e+01 -5.126216565748290159e+05
1.527500000000000036e+01 -1.033786806363902870e+05
1.528500000000000014e+01 4.707946493284171447e+05
1.529750000000000121e+01 6.940369437937838957e+05
1.530749999999999922e+01 8.580416989474368747e+05
1.532000000000000028e+01 9.318879981096271658e+05
1.533000000000000007e+01 5.330324170210239245e+05
1.534249999999999936e+01 -2.315750266182295745e+05
1.535249999999999915e+01 -6.150740477384867845e+05
1.536500000000000021e+01 -7.207076437089438550e+05
1.537500000000000000e+01 -7.020228265297727194e+05
1.538749999999999929e+01 -2.428259604110084765e+05
1.540000000000000036e+01 4.078915109493029304e+05
1.541000000000000014e+01 9.569627310116065200e+05
1.542250000000000121e+01 2.636015832991761272e+05
1.543249999999999922e+01 -4.661746556853364018e+04
1.544500000000000028e+01 -3.877522875955080381e+05
1.545500000000000007e+01 -1.693908395071104169e+05
1.546750000000000114e+01 -7.237673682600602042e+05
1.547749999999999915e+01 -6.895369236379599897e+05
1.549000000000000021e+01 -3.698482455053915619e+05
1.550000000000000000e+01 2.308814118040291942e+04
1.551250000000000107e+01 5.358563670441482682e+05
1.552500000000000036e+01 1.403791372620453127e+06
1.553500000000000014e+01 4.593348352403047029e+05
1.554750000000000121e+01 1.298461228937360720e+05
1.555750000000000099e+01 1.185542720787375001e+05
1.557000000000000028e+01 -6.288399000715034781e+05
1.558000000000000007e+01 -4.142879636834033299e+05
1.559250000000000114e+01 -3.067881077100687544e+05
1.560250000000000092e+01 -1.390520788427853258e+05
1.561500000000000021e+01 5.226133313135970966e+05
1.562500000000000000e+01 4.703479664037357434e+05
1.563750000000000284e+01 6.588509306326194201e+05
1.565000000000000036e+01 2.763374286901206360e+05
1.566000000000000014e+01 -3.682643484980109497e+05
1.567250000000000298e+01 -5.189130443233427941e+05
1.568250000000000277e+01 -7.416450145668745972e+05
1.569500000000000028e+01 -8.840894588082905393e+05
1.570500000000000007e+01 -5.256971407993815374e+05
1.571750000000000291e+01 2.244273703644345806e+05
1.572750000000000270e+01 8.835135317966863513e+05
1.574000000000000021e+01 8.063502726700783242e+05
1.575000000000000000e+01 4.222410470297141583e+05
1.576250000000000284e+01 -1.502580284571560333e+05
1.577500000000000036e+01 -3.790627712004210334e+05
1.578500000000000014e+01 -5.481273713119985769e+05
1.579750000000000298e+01 -4.864311648206461687e+05
1.580750000000000277e+01 -5.269048038201907184e+05
1.582000000000000028e+01 -1.628444908007816703e+05
1.583000000000000007e+01 1.492220314474734478e+05
1.584250000000000291e+01 8.592657136179658119e+05
1.585250000000000270e+01 5.307207934586619958e+05
1.586500000000000021e+01 6.295890895468566305e+04
1.587500000000000000e+01 1.817329553154229070e+05
1.588750000000000284e+01 -4.199528778037717566e+05
1.590000000000000036e+01 -8.118598567195056239e+05
1.591000000000000014e+01 -4.167205970372065203e+05
1.592250000000000298e+01 -3.964047974811113090e+05
1.593250000000000277e+01 6.392966205995000200e+04
1.594500000000000028e+01 7.151365572779157665e+05
1.595500000000000007e+01 8.497369312581348931e+05
1.596750000000000291e+01 7.810062209151425632e+05
1.597750000000000270e+01 1.342560201074556680e+05
1.599000000000000021e+01 -3.812615765925895539e+05
1.601249999999999929e+01 -9.049489822028210619e+05
1.602500000000000213e+01 -6.425349406691304175e+05
1.603500000000000014e+01 -4.556368422739109519e+03
1.604749999999999943e+01 1.738101040009831486e+05
1.605749999999999744e+01 4.212801187792353448e+05
1.607000000000000028e+01 7.146962313182988437e+05
1.608000000000000185e+01 4.742390177120248554e+05
1.609249999999999758e+01 -8.195364170998783084e+04
1.610249999999999915e+01 -4.751695234323902405e+05
1.611500000000000199e+01 -5.082457925889987382e+05
1.612500000000000000e+01 -2.887229145692787715e+05
1.613749999999999929e+01 -2.363420301560546504e+05
1.615000000000000213e+01 2.265360194917564513e+04
1.616000000000000014e+01 3.604134829209054587e+05
1.617249999999999943e+01 5.679802114982566563e+05
1.618249999999999744e+01 6.461797603754402371e+05
1.619500000000000028e+01 -3.749111132417563931e+04
1.620500000000000185e+01 6.680602869234558602e+04
1.621749999999999758e+01 -4.871741536090251757e+05
1.622750000000000270e+01 -5.592794610307435505e+05
1.624000000000000199e+01 -3.275824602840290754e+05
1.625000000000000000e+01 -2.543538059329893149e+05
1.626249999999999929e+01 2.948810826168214553e+05
1.627500000000000213e+01 5.903762053649337031e+05
1.628500000000000014e+01 1.097361095919849118e+06
1.629749999999999943e+01 4.673892237396517303e+05
1.630750000000000099e+01 -1.933708360005820286e+05
1.632000000000000028e+01 -4.271712267005165340e+05
1.633000000000000185e+01 -5.759720601767463377e+05
1.634250000000000114e+01 -4.961480466340071871e+05
1.635250000000000270e+01 -1.126791010943857545e+05
1.636500000000000199e+01 -9.419245819357677829e+04
1.637500000000000000e+01 5.060425538840175723e+05
1.638750000000000284e+01 5.824421386239051353e+05
1.640000000000000213e+01 6.178848124652282568e+05
1.641000000000000014e+01 2.115014285780162318e+05
1.642249999999999943e+01 -1.341529817135352932e+05
1.643250000000000099e+01 -1.693240547978706018e+05
1.644500000000000028e+01 -5.174248112306530238e+05
1.645500000000000185e+01 -7.953956765068845125e+05
1.646750000000000469e+01 -2.379885750497668632e+05
1.647750000000000270e+01 2.995076495978925959e+05
1.649000000000000199e+01 4.514900755305544008e+05
1.650000000000000000e+01 7.049248095782529563e+05
1.651250000000000284e+01 7.341882495724809123e+05
1.652500000000000213e+01 -1.407897150680877385e+05
1.653500000000000014e+01 -5.956366376900185132e+05
1.654750000000000298e+01 -7.297335279237288050e+05
1.655750000000000455e+01 -4.384802569918084773e+05
1.657000000000000028e+01 -4.370853101381177548e+05
1.658000000000000185e+01 -1.018644322428231972e+05
1.659250000000000469e+01 3.129833442802454811e+05
1.660250000000000270e+01 7.013808605597451096e+05
1.661500000000000199e+01 7.695380758309516823e+05
1.662500000000000000e+01 1.657788601696226979e+05
1.663750000000000284e+01 -2.138528388944059261e+05
1.665000000000000213e+01 -6.371174301646491513e+05
1.666000000000000014e+01 -6.056364515130341752e+05
1.667250000000000298e+01 -6.008291293856458506e+05
1.668250000000000455e+01 -3.291824324410896515e+05
1.669500000000000028e+01 3.085547807384630432e+05
1.670500000000000185e+01 7.605441348543040222e+05
1.671750000000000469e+01 1.096031968380532227e+06
1.672750000000000270e+01 5.574488545616129413e+05
1.674000000000000199e+01 1.961406508059699263e+04
1.675000000000000000e+01 -5.524114496639024001e+05
1.676250000000000284e+01 -4.619661080819118652e+05
1.677500000000000213e+01 -5.055014574107168592e+05
1.678500000000000014e+01 -8.428517498955585761e+05
1.679750000000000298e+01 -4.130340817097176114e+03
1.680750000000000455e+01 2.295232480512277980e+05
1.682000000000000028e+01 8.817679493798741605e+05
1.683000000000000185e+01 5.271253248539640335e+05
1.684250000000000469e+01 1.919554959209160297e+05
1.685250000000000270e+01 -2.634109042238282273e+05
1.686500000000000199e+01 -6.853095102486452088e+05
1.687500000000000000e+01 -6.317689930827334756e+05
1.688750000000000284e+01 -3.327339198478331673e+05
1.690000000000000213e+01 -2.385775275417521480e+05
1.691000000000000014e+01 3.296926516443041328e+04
1.692250000000000298e+01 7.841177154847130878e+05
1.693250000000000455e+01 9.153034773714643670e+05
1.694500000000000028e+01 6.779431550665681716e+05
1.695500000000000185e+01 1.691451408697729930e+05
1.696750000000000469e+01 -4.621308500830444973e+05
1.697750000000000270e+01 -5.668653987291016383e+05
1.699000000000000199e+01 -8.935210026184549788e+05
1.701249999999999929e+01 -5.817953253168092342e+05
1.702500000000000213e+01 3.188580726925594499e+05
1.703500000000000014e+01 7.006863889677671250e+05
1.704749999999999943e+01 6.291535593608635245e+05
1.705750000000000099e+01 6.026966627082520863e+05
1.707000000000000028e+01 4.785254790598124964e+04
1.708000000000000185e+01 -6.797655037548801629e+05
1.709250000000000114e+01 -4.368362309605662012e+05
1.710249999999999915e+01 -4.495361264195534168e+05
1.711500000000000199e+01 -2.507958571674665145e+05
1.712500000000000000e+01 -2.212223138141329109e+05
1.713749999999999929e+01 5.774155441920412704e+05
1.715000000000000213e+01 1.091096850165503100e+06
1.716000000000000014e+01 6.039809668839388760e+05
1.717249999999999943e+01 1.976218349324867304e+05
1.718250000000000099e+01 -4.181552869654676178e+05
1.719500000000000028e+01 -5.383914303533982020e+05
1.720500000000000185e+01 -4.675809090517526492e+05
1.721750000000000114e+01 -3.758295571693922975e+05
1.722750000000000270e+01 -1.813835701922542066e+05
1.724000000000000199e+01 2.303349389847209677e+05
1.725000000000000000e+01 7.932388248153859749e+05
1.726249999999999929e+01 7.301092681240829406e+05
1.727500000000000213e+01 5.223669547490972909e+05
1.728500000000000014e+01 -4.643753660435597703e+04
1.729749999999999943e+01 -4.591179146278134431e+05
1.730750000000000455e+01 -7.811692526864652755e+05
1.732000000000000028e+01 -9.332800501189510105e+05
1.733000000000000185e+01 -2.790539737217735965e+05
1.734250000000000114e+01 1.654885560605930514e+05
1.735250000000000270e+01 4.902649091322950553e+05
1.736500000000000199e+01 4.976351771677091601e+05
1.737500000000000000e+01 6.903427433502397034e+05
1.738750000000000284e+01 2.948228235870639910e+05
1.740000000000000213e+01 -2.235032596291263180e+05
1.741000000000000014e+01 -6.807566609549064888e+05
1.742249999999999943e+01 -7.772224048711644718e+05
1.743250000000000455e+01 -4.542034616639455198e+05
1.744500000000000384e+01 1.157924078535907174e+05
1.745500000000000185e+01 3.594117202527032932e+05
1.746750000000000469e+01 5.414117596017435426e+05
1.747750000000000270e+01 9.008728392800289439e+05
1.749000000000000199e+01 3.185319141066136654e+05
1.750000000000000000e+01 1.428162257648905506e+04
1.751250000000000284e+01 -2.144156638280892512e+05
1.752500000000000213e+01 -4.575266933444639435e+05
1.753500000000000369e+01 -4.570565228610672057e+05
1.754750000000000298e+01 -3.894799661538996152e+05
1.755750000000000455e+01 -1.955736716379791324e+05
1.757000000000000384e+01 3.605669111563314800e+05
1.758000000000000185e+01 9.047918937414225657e+05
1.759250000000000469e+01 6.481244458174555330e+05
1.760250000000000270e+01 4.237802204633553047e+05
1.761500000000000199e+01 -3.816314539861945086e+05
1.762500000000000000e+01 -2.943348396625596797e+05
1.763750000000000284e+01 -6.905330816064758692e+05
1.765000000000000213e+01 -9.039136515764845535e+05
1.766000000000000369e+01 -1.416457580427342909e+05
1.767250000000000298e+01 4.091218767266013892e+05
1.768250000000000455e+01 7.918296810409771279e+05
1.769500000000000384e+01 6.795337749650011538e+05
1.770500000000000185e+01 2.045838636749523575e+05
1.771750000000000469e+01 1.194661273690090165e+05
1.772750000000000270e+01 -3.723674086796076153e+05
1.774000000000000199e+01 -7.553238914418772329e+05
1.775000000000000355e+01 -7.977079559908333467e+05
1.776250000000000284e+01 -1.741520124231596128e+05
1.777500000000000213e+01 3.529049906330515514e+05
1.778500000000000369e+01 2.016044790502381511e+05
1.779750000000000298e+01 4.836473194372015423e+05
1.780750000000000455e+01 2.058107836213904957e+05
1.782000000000000384e+01 3.128037508080780390e+05
1.783000000000000185e+01 2.016400720058102161e+05
1.784250000000000469e+01 -6.107364289909405634e+05
1.785250000000000270e+01 -5.604753795699957991e+05
1.786500000000000199e+01 -8.471701659034392796e+05
1.787500000000000355e+01 -2.688802915422163787e+05
1.788750000000000284e+01 1.500987165255208674e+05
1.790000000000000213e+01 7.511081235018775333e+05
1.791000000000000369e+01 7.174646522985522170e+05
1.792250000000000298e+01 5.235602534182355739e+05
1.793250000000000455e+01 -4.195676368970306066e+04
1.794500000000000384e+01 -3.175575480836867937e+05
1.795500000000000185e+01 -1.126658311277220637e+05
1.796750000000000469e+01 -9.726599773472474189e+05
1.797750000000000270e+01 -3.581654880432803184e+05
1.799000000000000199e+01 -1.653844974034109619e+05
1.801249999999999929e+01 5.150497033998572151e+05
1.802500000000000213e+01 7.477483225531700300e+05
1.803500000000000369e+01 3.374533730627860641e+05
1.804749999999999943e+01 2.104250483431703178e+05
1.805750000000000099e+01 -3.339143992131243576e+05
1.807000000000000384e+01 -6.104951618865740020e+05
1.808000000000000185e+01 -4.122661481177752721e+05
1.809250000000000114e+01 -3.381308821582711244e+04
1.810249999999999915e+01 5.005527618733415729e+05
1.811500000000000199e+01 4.230311765242092079e+05
1.812500000000000355e+01 7.640293475158991059e+05
1.813749999999999929e+01 7.909008412564704195e+05
1.815000000000000213e+01 1.661203062668370549e+05
1.816000000000000369e+01 -2.194746211167395813e+05
1.817249999999999943e+01 -3.654840066337141907e+05
1.818250000000000099e+01 -2.414019037676622684e+05
1.819500000000000384e+01 -5.130618287561821635e+05
1.820500000000000185e+01 -8.093497589642569073e+04
1.821750000000000114e+01 4.894651005494820420e+05
1.822750000000000270e+01 7.032645964947638568e+05
1.824000000000000199e+01 5.841341095988148591e+05
1.825000000000000355e+01 2.884034395570475608e+05
1.826249999999999929e+01 3.532919153460196103e+05
1.827500000000000213e+01 -3.404719644036203972e+05
1.828500000000000369e+01 -6.553984752393361414e+05
1.829750000000000298e+01 -7.239385588979907334e+05
1.830750000000000455e+01 -4.171747248147369828e+05
1.832000000000000384e+01 5.462301603037187597e+05
1.833000000000000185e+01 1.119478280745332595e+06
1.834250000000000114e+01 7.742426618156356271e+05
1.835250000000000270e+01 6.068664029065212235e+05
1.836500000000000199e+01 1.493877394717709394e+05
1.837500000000000355e+01 -1.824422696089679084e+05
1.838750000000000284e+01 -3.302539490066208527e+05
1.840000000000000213e+01 -7.752681639450768707e+05
1.841000000000000369e+01 -2.730819485785150900e+05
1.842250000000000298e+01 -1.143213546583990137e+04
1.843250000000000455e+01 2.042097561485524056e+05
1.844500000000000384e+01 4.483044234680614900e+05
1.845500000000000185e+01 1.758813150491323613e+05
1.846750000000000469e+01 4.360228789808310685e+05
1.847750000000000270e+01 3.537320122418683604e+04
1.849000000000000199e+01 -3.676419996797484346e+05
1.850000000000000355e+01 -7.281779853930710815e+05
1.851250000000000639e+01 -2.238310053784102493e+05
1.852500000000000213e+01 -3.983033843347408110e+05
1.853500000000000369e+01 1.472391298216270516e+05
1.854750000000000654e+01 3.699521839608817245e+05
1.855750000000000455e+01 6.796191501402819995e+05
1.857000000000000384e+01 4.594346194767900743e+05
1.858000000000000185e+01 1.918792548650457175e+05
1.859250000000000469e+01 -1.065794250250467157e+05
1.860250000000000270e+01 -5.556736510221327189e+05
1.861500000000000199e+01 -8.443473492532344535e+05
1.862500000000000355e+01 -6.824353318855145480e+05
1.863750000000000639e+01 -1.924677064523659938e+05
1.865000000000000213e+01 5.822841775557778310e+05
1.866000000000000369e+01 8.107997773044139612e+05
1.867250000000000654e+01 6.473553549771716353e+05
1.868250000000000455e+01 4.491209617998974281e+05
1.869500000000000384e+01 -2.222888380164439441e+05
1.870500000000000185e+01 -5.842089969654190354e+05
1.871750000000000469e+01 -1.112326285942579387e+06
1.872750000000000625e+01 -6.196487359575484879e+05
1.874000000000000199e+01 7.167048231508860772e+04
1.875000000000000355e+01 2.304834689373785804e+05
1.876250000000000639e+01 3.088647295288418536e+05
1.877500000000000213e+01 4.679398654592236271e+05
1.878500000000000369e+01 7.159338941359933233e+05
1.879750000000000654e+01 4.780571814794447710e+04
1.880750000000000455e+01 -1.583513723882693157e+05
1.882000000000000384e+01 -4.204568241382671404e+05
1.883000000000000185e+01 -8.564750829265879001e+05
1.884250000000000469e+01 -3.152669979042231571e+05
1.885250000000000625e+01 -3.002273594351449283e+05
1.886500000000000199e+01 5.299388386140854564e+05
1.887500000000000355e+01 5.209458023688437534e+05
1.888750000000000639e+01 5.604564556797606638e+05
1.890000000000000213e+01 3.192218129994652700e+05
1.891000000000000369e+01 1.089318103002902062e+05
1.892250000000000654e+01 -2.745688095531342551e+05
1.893250000000000455e+01 -1.086146956720065325e+06
1.894500000000000384e+01 -8.217740489492471097e+05
1.895500000000000185e+01 -5.171738592933866894e+05
1.896750000000000469e+01 2.142495609970859368e+05
1.897750000000000625e+01 4.581854907993287779e+05
1.899000000000000199e+01 1.010394818734965404e+06
1.901249999999999929e+01 5.702353542309975019e+05
1.902499999999999858e+01 1.920358856078178214e+05
1.903500000000000014e+01 -5.516326358612130862e+05
1.904749999999999943e+01 -1.061722154017317807e+06
1.905749999999999744e+01 -5.868295417891481193e+05
1.907000000000000028e+01 -1.915650956143243820e+05
1.907999999999999829e+01 1.420468770957714005e+05
1.909249999999999758e+01 7.230862032101150835e+05
1.910249999999999915e+01 9.729049110310011311e+05
1.911499999999999844e+01 6.042285230488161324e+05
1.912500000000000000e+01 9.230385676772400620e+04
1.913749999999999929e+01 -9.070375414314550289e+04
1.914999999999999858e+01 -7.914076196859034244e+05
1.916000000000000014e+01 -4.908114087101209443e+05
1.917249999999999943e+01 -6.014771295161964372e+05
1.918249999999999744e+01 3.294830171841436531e+05
1.919500000000000028e+01 8.530938608155153925e+05
1.920499999999999829e+01 7.521756982896586414e+05
1.921749999999999758e+01 3.858749895405205316e+05
1.922750000000000270e+01 -2.715401386169341276e+04
1.923999999999999844e+01 -1.290849738196718390e+05
1.925000000000000000e+01 -7.901138549779639579e+05
1.926249999999999929e+01 -6.173218249888009159e+05
1.927500000000000213e+01 -4.300163964175767615e+05
1.928500000000000014e+01 -3.229702338867019862e+05
1.929749999999999943e+01 2.664818253931891522e+05
1.930750000000000099e+01 4.476817516500167549e+05
1.932000000000000028e+01 4.345306887900459114e+05
1.932999999999999829e+01 2.353971289635083813e+05
1.934249999999999758e+01 2.126429110113867791e+05
1.935250000000000270e+01 -2.750244000549156408e+04
1.936500000000000199e+01 -3.578711832181612845e+05
1.937500000000000000e+01 -4.263520635631397599e+05
1.938750000000000284e+01 -6.680194910431453027e+05
1.940000000000000213e+01 -1.578869240321413672e+05
1.941000000000000014e+01 3.305057465417056810e+05
1.942249999999999943e+01 5.931582217050896725e+05
1.943250000000000099e+01 6.752538791341342730e+05
1.944500000000000028e+01 3.941400140664433129e+05
1.945499999999999829e+01 2.773093393111253390e+05
1.946750000000000114e+01 -4.324905983464817982e+05
1.947750000000000270e+01 -5.722620115221320884e+05
1.949000000000000199e+01 -6.297987225625179708e+05
1.950000000000000000e+01 -2.241612428639322752e+05
1.951250000000000284e+01 -1.493911793329736975e+05
1.952500000000000213e+01 4.912331110167613951e+05
1.953500000000000014e+01 7.236448523980897153e+05
1.954750000000000298e+01 6.004889350906873588e+05
1.955750000000000099e+01 5.726615533313656924e+05
1.957000000000000028e+01 -1.072352494490126701e+05
1.958000000000000185e+01 -9.378254640285606729e+05
1.959250000000000114e+01 -1.021811928552861209e+06
1.960250000000000270e+01 -7.234882024108270416e+05
1.961500000000000199e+01 9.902317632781666180e+04
1.962500000000000000e+01 1.436002195449754945e+05
1.963750000000000284e+01 6.440608316372847185e+05
1.965000000000000213e+01 7.689774071925431490e+05
1.966000000000000014e+01 3.193438622186861467e+05
1.967250000000000298e+01 1.895912515753877524e+05
1.968250000000000099e+01 -3.461277985280695138e+05
1.969500000000000028e+01 -8.912052127502828371e+05
1.970500000000000185e+01 -1.193634033312512329e+06
1.971750000000000114e+01 -3.256285281330189900e+05
1.972750000000000270e+01 6.135109086121850414e+05
1.974000000000000199e+01 1.149782670496681239e+06
1.975000000000000000e+01 7.806937875318465522e+05
1.976250000000000284e+01 3.274488856672457769e+05
1.977500000000000213e+01 1.930516948242242215e+05
1.978500000000000014e+01 -4.836948291974092717e+05
1.979750000000000298e+01 -4.531071569944826188e+05
1.980750000000000099e+01 -6.553579163482496515e+05
1.982000000000000028e+01 -8.309633158061101567e+05
1.983000000000000185e+01 -9.107656734627221886e+04
1.984250000000000114e+01 4.307541401820120518e+05
1.985250000000000270e+01 5.193582200732486090e+05
1.986500000000000199e+01 7.247427884675721871e+05
1.987500000000000000e+01 5.936234690211183624e+05
1.988750000000000284e+01 -4.006247691443528165e+05
1.990000000000000213e+01 -6.333451455877991393e+05
1.991000000000000014e+01 -6.890881075167070376e+05
1.992250000000000298e+01 -3.944670782609226299e+05
1.993250000000000099e+01 -4.119432941088370280e+05
1.994500000000000028e+01 4.493758288001746405e+04
1.995500000000000185e+01 4.273607566777053871e+05
1.996750000000000114e+01 1.031711762536215363e+06
1.997750000000000270e+01 5.963718882251306204e+05
1.999000000000000199e+01 3.459323300795716350e+05
