0.000000000000000000e+00 0.000000000000000000e+00
1.250000000000000069e-02 -1.047495990437845117e+06
2.500000000000000139e-02 -2.067927896359611768e+06
3.500000000000000333e-02 -2.894059021524498239e+06
4.750000000000000056e-02 -3.782364086792128626e+06
5.750000000000000250e-02 -4.103364158913315739e+06
7.000000000000002054e-02 -4.110313497165442444e+06
8.000000000000004330e-02 -4.244276061608732678e+06
9.250000000000008216e-02 -4.734913787187526934e+06
1.025000000000001049e-01 -5.168377337686470710e+06
1.150000000000001438e-01 -5.604694931967557408e+06
1.250000000000001665e-01 -6.079344092593178153e+06
1.375000000000002054e-01 -6.695165270699233748e+06
1.500000000000002442e-01 -6.635388152927234769e+06
1.600000000000002531e-01 -6.386212548596400768e+06
1.725000000000002920e-01 -5.818583404157155193e+06
1.825000000000003286e-01 -5.043708823440024629e+06
1.950000000000003397e-01 -3.854331558222440537e+06
2.050000000000003764e-01 -3.112109725052832160e+06
2.175000000000004152e-01 -2.485362822555924766e+06
2.275000000000004241e-01 -1.945516915299947606e+06
2.400000000000004630e-01 -1.969469306382216280e+06
2.500000000000004996e-01 -2.364876409947585780e+06
2.625000000000005107e-01 -2.551923636053333525e+06
2.750000000000005773e-01 -1.832941261007546447e+06
2.850000000000005862e-01 -1.144902567284826422e+06
2.975000000000005973e-01 -4.042777843115482829e+05
3.075000000000006617e-01 1.355411419171624002e+05
3.200000000000006728e-01 4.394595388585548499e+05
3.300000000000006817e-01 4.864543769303995214e+04
3.425000000000007483e-01 -9.406606297423437936e+05
3.525000000000007572e-01 -1.599495564236820675e+06
3.650000000000007683e-01 -2.098289661533458158e+06
3.750000000000008327e-01 -2.351013805419698823e+06
3.875000000000008438e-01 -2.274465081755499821e+06
4.000000000000009104e-01 -1.390698574854857288e+06
4.100000000000009193e-01 -7.871453048674050951e+05
4.225000000000009304e-01 -5.185954216142355581e+05
4.325000000000009948e-01 -5.392803786670218688e+05
4.450000000000010059e-01 -7.744697202633328270e+05
4.550000000000010147e-01 -1.286647377563128946e+06
4.675000000000010814e-01 -2.081247989626231370e+06
4.775000000000010902e-01 -2.308822067901556380e+06
4.900000000000010458e-01 -1.860440917182657635e+06
5.000000000000011102e-01 -1.312584970618656836e+06
5.125000000000011768e-01 -7.278317188740563579e+05
5.250000000000011324e-01 2.758432398197671500e+04
5.350000000000011413e-01 2.469002395004534628e+05
5.475000000000012079e-01 -4.442223193994342728e+04
5.575000000000012168e-01 -4.212759687339800876e+05
5.700000000000012834e-01 -8.490142655010918388e+05
5.800000000000012923e-01 -1.209362906394312624e+06
5.925000000000013589e-01 -1.526271562031255802e+06
6.025000000000013678e-01 -1.393050651456119725e+06
6.150000000000014344e-01 -7.884096019463184057e+05
6.250000000000014433e-01 -3.768107377960883896e+05
6.375000000000015099e-01 -2.253582579778871732e+05
6.500000000000014655e-01 -1.269160755801296182e+05
6.600000000000014744e-01 -4.525210236456801067e+05
6.725000000000015410e-01 -1.141083225827869959e+06
6.825000000000015499e-01 -1.442155356753302738e+06
6.950000000000016165e-01 -1.343200702234255383e+06
7.050000000000016254e-01 -1.125887497454680968e+06
7.175000000000016920e-01 -7.603505113025699975e+05
7.275000000000017009e-01 -2.854875806494498393e+05
7.400000000000017675e-01 2.894265786289942334e+05
7.500000000000017764e-01 3.816315226808749139e+05
7.625000000000017319e-01 5.111166294509615545e+04
7.750000000000017986e-01 -1.370638228213813563e+05
7.850000000000018074e-01 -4.331378058381325682e+05
7.975000000000018741e-01 -8.038038227875123266e+05
8.075000000000018829e-01 -7.394260305368572008e+05
8.200000000000019496e-01 -2.206867858455036476e+05
8.300000000000019584e-01 1.469305837862726767e+05
8.425000000000020250e-01 3.473596415478836279e+05
8.525000000000020339e-01 4.429216993015927728e+05
8.650000000000021005e-01 3.608381569914496504e+05
8.750000000000021094e-01 -1.044959740448101657e+05
8.875000000000020650e-01 -9.332930356672393391e+05
9.000000000000021316e-01 -1.164296122264556354e+06
9.100000000000021405e-01 -1.164028225763779134e+06
9.225000000000022071e-01 -9.363787588527968619e+05
9.325000000000022160e-01 -4.055731703185286024e+05
9.450000000000022826e-01 4.491073258807382663e+05
9.550000000000022915e-01 7.973241030752514489e+05
9.675000000000023581e-01 6.421838187909829430e+05
9.775000000000022560e-01 3.647502842293601134e+05
9.900000000000017675e-01 2.222565744705301404e+04
1.012499999999999956e+00 -5.915618664600384654e+05
1.025000000000000133e+00 -2.644799350541451713e+05
1.035000000000000142e+00 6.046016140592846787e+05
1.047500000000000098e+00 1.951524148915285012e+06
1.057500000000000107e+00 2.709772986827365123e+06
1.070000000000000062e+00 2.999825113459908869e+06
1.080000000000000071e+00 2.918886332722424064e+06
1.092500000000000249e+00 2.521445226069163065e+06
1.102500000000000258e+00 1.906434392643074272e+06
1.115000000000000213e+00 1.142682758135303389e+06
1.125000000000000222e+00 1.027829444639666704e+06
1.137500000000000178e+00 1.533291998396927724e+06
1.150000000000000133e+00 2.047894822329533286e+06
1.160000000000000142e+00 2.605464741498016752e+06
1.172500000000000320e+00 3.110161064426229801e+06
1.182500000000000329e+00 2.928722647933722008e+06
1.195000000000000284e+00 1.953136839839059627e+06
1.205000000000000293e+00 1.031453180065510096e+06
1.217500000000000471e+00 6.678844422470178688e+04
1.227500000000000480e+00 -5.987454384652881417e+05
1.240000000000000435e+00 -6.913945999929778045e+05
1.250000000000000444e+00 -5.392760623377788579e+04
1.262500000000000622e+00 1.094142601134432247e+06
1.275000000000000577e+00 1.637944913844419410e+06
1.285000000000000586e+00 1.786703809384927386e+06
1.297500000000000764e+00 1.537768398389138980e+06
1.307500000000000773e+00 8.456892330041633686e+05
1.320000000000000728e+00 -3.027548174194254680e+05
1.330000000000000737e+00 -9.040261837824872928e+05
1.342500000000000915e+00 -9.914890128068046179e+05
1.352500000000000924e+00 -7.347547126236697659e+05
1.365000000000000657e+00 -1.377604112876374857e+05
1.375000000000000888e+00 5.640580099187426968e+05
1.387500000000000844e+00 1.304726655218101107e+06
1.400000000000000799e+00 1.076327480962124886e+06
1.410000000000000808e+00 5.918081220660734689e+05
1.422500000000000986e+00 -1.475490108178616210e+05
1.432500000000000995e+00 -8.484859453934110934e+05
1.445000000000000950e+00 -1.514478512497636257e+06
1.455000000000000959e+00 -1.436595783114365069e+06
1.467500000000001137e+00 -6.164879021256251726e+05
1.477500000000001146e+00 1.261280364679495251e+05
1.490000000000001101e+00 8.020280652296955232e+05
1.500000000000001110e+00 1.207439561052828096e+06
1.512500000000001288e+00 1.393742301613527816e+06
1.525000000000001243e+00 7.139863861152692698e+05
1.535000000000001252e+00 1.170228441718527320e+05
1.547500000000001208e+00 -3.464449842683464522e+05
1.557500000000001217e+00 -5.498214275321756722e+05
1.570000000000001394e+00 -4.983207684321432607e+05
1.580000000000001403e+00 -2.114505277651232973e+04
1.592500000000001359e+00 8.693109462446182733e+05
1.602500000000001590e+00 1.300811711002671160e+06
1.615000000000001323e+00 1.220239277286894852e+06
1.625000000000001332e+00 8.984814941124959150e+05
1.637500000000001288e+00 3.496085043060598546e+05
1.650000000000001465e+00 -5.530285936116820667e+05
1.660000000000001474e+00 -9.110370154687820468e+05
1.672500000000001652e+00 -7.498105974415550008e+05
1.682500000000001661e+00 -4.221087285526065389e+05
1.695000000000001616e+00 5.187168098162767274e+04
1.705000000000001625e+00 5.487083888672173489e+05
1.717500000000001581e+00 1.067060597255267436e+06
1.727500000000001590e+00 1.034920048488693079e+06
1.740000000000001767e+00 4.806504450515875360e+05
1.750000000000001776e+00 2.742664505910449225e+04
1.762500000000001954e+00 -3.137499877350078896e+05
1.775000000000001910e+00 -6.979296257986994460e+05
1.785000000000001918e+00 -5.497070785154569894e+05
1.797500000000001874e+00 1.378899832334195671e+05
1.807500000000001883e+00 6.403249344862618018e+05
1.820000000000002061e+00 9.524724821016277419e+05
1.830000000000002069e+00 1.091500304266659543e+06
1.842500000000002025e+00 1.055409926478580805e+06
1.852500000000002256e+00 6.515726371347605018e+05
1.865000000000001990e+00 -8.006117058716519387e+04
1.875000000000001998e+00 -3.773202819132608129e+05
1.887500000000001954e+00 -2.444689347773487098e+05
1.900000000000002132e+00 -1.334359463973321836e+05
1.910000000000002141e+00 2.058019621884552180e+05
1.922500000000002318e+00 7.419557058547674678e+05
1.932500000000002327e+00 8.483145896692300448e+05
1.945000000000002283e+00 5.020116405111963977e+05
1.955000000000002292e+00 1.753777640336779587e+05
1.967500000000002247e+00 -1.231031879743471363e+05
1.977500000000002256e+00 -4.126414945875635603e+05
1.990000000000001767e+00 -6.978062876760434592e+05
2.012500000000000178e+00 -2.433523025120933889e+05
2.024999999999999911e+00 4.141013811358151142e+05
2.034999999999999698e+00 7.111415836501729209e+05
2.047499999999999876e+00 6.184999655072999885e+05
2.057499999999999662e+00 4.328472826315921848e+05
2.070000000000000284e+00 1.724967933005538071e+05
2.080000000000000071e+00 -1.842291757403911906e+05
2.092500000000000249e+00 -5.975499277996103046e+05
2.102500000000000036e+00 -5.157398492026698659e+05
2.115000000000000213e+00 8.972442286033257551e+04
2.125000000000000000e+00 5.662413652071503457e+05
2.137500000000000178e+00 9.094227559825353092e+05
2.150000000000000355e+00 1.298355107983605471e+06
2.160000000000000586e+00 1.189604229828401236e+06
2.172500000000000320e+00 5.799678751564096892e+05
2.182500000000000551e+00 1.266171954919209820e+05
2.195000000000000284e+00 -1.634227743237515970e+05
2.205000000000000515e+00 -3.140786327434008708e+05
2.217500000000000249e+00 -3.455552038713463116e+05
2.227500000000000480e+00 -3.140639853665037299e+04
2.240000000000000657e+00 6.365505411907617236e+05
2.250000000000000888e+00 9.314961105620266171e+05
2.262500000000000622e+00 7.984420224269127939e+05
2.275000000000000355e+00 6.156207426936924458e+05
2.285000000000000586e+00 1.540467876687522221e+05
2.297500000000000320e+00 -5.755973921789072920e+05
2.307500000000000551e+00 -8.229700197358380537e+05
2.320000000000000728e+00 -5.717530457665335853e+05
2.330000000000000959e+00 -2.194055418306112988e+05
2.342500000000000693e+00 2.326529868577365414e+05
2.352500000000000924e+00 6.838380182856493630e+05
2.365000000000000657e+00 1.132125522395914420e+06
2.375000000000000888e+00 1.041831999783575418e+06
2.387500000000000622e+00 4.099371590269624139e+05
2.400000000000001243e+00 -3.867699884230497264e+04
2.410000000000001030e+00 -4.385739486049434636e+05
2.422500000000001208e+00 -7.671161710407972569e+05
2.432500000000000995e+00 -5.586623298137349775e+05
2.445000000000001172e+00 1.833172000970398949e+05
2.455000000000000959e+00 7.022491364791559754e+05
2.467500000000001137e+00 9.779712210253172088e+05
2.477500000000000924e+00 1.015320397120446898e+06
2.490000000000001101e+00 7.810288961615057196e+05
2.500000000000001332e+00 1.977988918595989235e+05
2.512500000000001066e+00 -7.372032890894167358e+05
2.525000000000001243e+00 -1.028459279849036480e+06
2.535000000000001030e+00 -1.042830540047248476e+06
2.547500000000001208e+00 -7.944290646098715952e+05
2.557500000000000995e+00 -2.351950975853414275e+05
2.570000000000001172e+00 6.339653935248723719e+05
2.580000000000001403e+00 9.802659569957538042e+05
2.592500000000001581e+00 8.183093787800737191e+05
2.602500000000001368e+00 5.051787706513080630e+05
2.615000000000001545e+00 6.756181610551527410e+04
2.625000000000001332e+00 -3.972289367410553386e+05
2.637500000000001510e+00 -8.703028692641552771e+05
2.650000000000001243e+00 -5.290164595375446370e+05
2.660000000000001918e+00 -8.825623893031568150e+04
2.672500000000001652e+00 4.457200059192504850e+05
2.682500000000001883e+00 9.156249118593137246e+05
2.695000000000001616e+00 1.303187241217118688e+06
2.705000000000001847e+00 1.095330725975615205e+06
2.717500000000001581e+00 2.720169713131129974e+05
2.727500000000001812e+00 -3.695785952276597964e+05
2.740000000000001990e+00 -8.363598463886675891e+05
2.750000000000001776e+00 -1.038437037857999676e+06
2.762500000000001954e+00 -1.005790219466120470e+06
2.775000000000001688e+00 -2.575522486508628936e+05
2.785000000000001918e+00 2.660003076552142738e+05
2.797500000000001652e+00 5.516627110122339800e+05
2.807500000000001883e+00 6.151219950756671606e+05
2.820000000000002061e+00 4.514852891494294745e+05
2.830000000000001847e+00 -3.723115383539766481e+04
2.842500000000002025e+00 -8.324964291652259417e+05
2.852500000000002256e+00 -1.134458034096434247e+06
2.865000000000001990e+00 -9.161806447594099445e+05
2.875000000000002220e+00 -5.339417367994542001e+05
2.887500000000001954e+00 4.184132291453043581e+04
2.900000000000002576e+00 9.486083437593311537e+05
2.910000000000001918e+00 1.295318516789058922e+06
2.922500000000002540e+00 1.094171866494128713e+06
2.932500000000002327e+00 7.262257305140901590e+05
2.945000000000002505e+00 2.067393202362617303e+05
2.955000000000002292e+00 -3.233155811201125616e+05
2.967500000000002469e+00 -8.697999382173469057e+05
2.977500000000002256e+00 -8.383693113820159342e+05
2.990000000000001990e+00 -2.561913538656566816e+05
3.012500000000000178e+00 6.510023600092378911e+05
3.024999999999999911e+00 6.719394275378588354e+05
3.035000000000000142e+00 4.987127242766561103e+05
3.047499999999999876e+00 1.400815752220226859e+05
3.057500000000000107e+00 -3.988498633088429924e+05
3.070000000000000284e+00 -1.140634981219957583e+06
3.080000000000000071e+00 -1.352257354742559139e+06
3.092500000000000249e+00 -1.053416668314808980e+06
3.102500000000000036e+00 -6.950740092340603005e+05
3.115000000000000213e+00 -2.943159685667236336e+05
3.125000000000000000e+00 8.135024439401943528e+04
3.137500000000000178e+00 4.191193457792830886e+05
3.150000000000000355e+00 -2.598536268779766942e+03
3.160000000000000586e+00 -4.121728983521768241e+05
3.172500000000000320e+00 -7.787476880440833047e+05
3.182500000000000551e+00 -1.057108063079921063e+06
3.195000000000000284e+00 -1.232291979417387163e+06
3.205000000000000515e+00 -9.574130004347393988e+05
3.217500000000000249e+00 -2.309661677251747751e+05
3.227500000000000480e+00 2.146255800638403161e+05
3.240000000000000657e+00 3.250383457408529939e+05
3.250000000000000888e+00 2.799686152614020975e+05
3.262500000000000622e+00 1.346971708478780638e+05
3.275000000000000355e+00 -4.720049312763989437e+05
3.285000000000000586e+00 -7.457032426589262905e+05
3.297500000000000320e+00 -6.680858786828146549e+05
3.307500000000000551e+00 -5.077428640194919426e+05
3.320000000000000728e+00 -2.491541255578958662e+05
3.330000000000000959e+00 1.504202918098476657e+05
3.342500000000000693e+00 6.944910892563232919e+05
3.352500000000000924e+00 7.749568149431600468e+05
3.365000000000000657e+00 3.834475833201752394e+05
3.375000000000000888e+00 2.535168311660043764e+04
3.387500000000000622e+00 -2.783288415724693332e+05
3.400000000000001243e+00 -7.383333034623267595e+05
3.410000000000001030e+00 -7.415054349368407857e+05
3.422500000000001208e+00 -3.207708745831450215e+05
3.432500000000000995e+00 -2.705110547547393799e+04
3.445000000000001172e+00 1.138976094959945476e+05
3.455000000000000959e+00 2.114175032827494142e+05
3.467500000000001137e+00 2.611162716685457272e+05
3.477500000000000924e+00 1.390908531859690629e+04
3.490000000000001101e+00 -4.993770928934464464e+05
3.500000000000001332e+00 -6.710996234107378405e+05
3.512500000000001510e+00 -4.697072803585572401e+05
3.525000000000001243e+00 -3.336229233644783380e+05
3.535000000000001030e+00 4.991027394618449034e+04
3.547500000000001208e+00 7.024541463149776682e+05
3.557500000000000995e+00 9.448663132987176068e+05
3.570000000000001172e+00 7.772889280795538798e+05
3.580000000000001403e+00 5.467132342807437526e+05
3.592500000000001581e+00 2.544208807430381712e+05
3.602500000000001368e+00 -1.191472446547595609e+05
3.615000000000001545e+00 -5.753942763980840100e+05
3.625000000000001332e+00 -5.784229106562971137e+05
3.637500000000001510e+00 -1.611062552402665315e+05
3.650000000000001243e+00 7.276469320844207687e+03
3.660000000000001918e+00 1.943888546768473461e+05
3.672500000000001652e+00 3.475739086211207323e+05
3.682500000000001883e+00 1.082534541023097554e+05
3.695000000000001616e+00 -5.455834325882494450e+05
3.705000000000001847e+00 -9.322922625147078652e+05
3.717500000000001581e+00 -1.037410127879852429e+06
3.727500000000001812e+00 -9.940848582344215829e+05
3.740000000000001990e+00 -7.751594783982625231e+05
3.750000000000001776e+00 -2.796997641406803159e+05
3.762500000000001954e+00 5.335423006624189438e+05
3.775000000000001688e+00 7.782421221378927585e+05
3.785000000000001918e+00 8.393605317210941575e+05
3.797500000000001652e+00 7.542651815360925393e+05
3.807500000000001883e+00 3.866547456950283377e+05
3.820000000000002061e+00 -2.305669419462432852e+05
3.830000000000001847e+00 -4.222563463007285027e+05
3.842500000000002025e+00 -1.881829421782944992e+05
3.852500000000002256e+00 6.358410822950046713e+04
3.865000000000001990e+00 2.933163185106641613e+05
3.875000000000002220e+00 5.209355809113385039e+05
3.887500000000001954e+00 6.804360170000067446e+05
3.900000000000002576e+00 1.160409145100972091e+05
3.910000000000001918e+00 -3.825505948403313523e+05
3.922500000000002540e+00 -8.544673024789732881e+05
3.932500000000001883e+00 -1.215538336709439522e+06
3.945000000000002505e+00 -1.470621758349654730e+06
3.955000000000001847e+00 -1.206900143256904325e+06
3.967500000000002469e+00 -4.040032858216247405e+05
3.977500000000001812e+00 1.739352785533074639e+05
3.990000000000002434e+00 5.677112066410913831e+05
4.012500000000000178e+00 6.859010849447182845e+05
4.025000000000000355e+00 5.079924456949154264e+05
4.035000000000000142e+00 1.676279672177624889e+05
4.047500000000000320e+00 -2.801582300687417737e+05
4.057500000000000107e+00 -2.622227093667121953e+05
4.069999999999999396e+00 2.400778206033718598e+05
4.080000000000000071e+00 6.479826455861731665e+05
4.092499999999999361e+00 9.367915523914020741e+05
4.102500000000000036e+00 1.102360072800531518e+06
4.115000000000000213e+00 1.100542755803652341e+06
4.125000000000000000e+00 6.691201614006269956e+05
4.137500000000000178e+00 -2.421111449205892859e+05
4.150000000000000355e+00 -7.529456081474889070e+05
4.160000000000000142e+00 -1.080271746662754798e+06
4.172500000000000320e+00 -1.263303523968196008e+06
4.182500000000000107e+00 -9.710319380356728798e+05
4.195000000000001172e+00 -2.194107418030642439e+05
4.205000000000000071e+00 2.391338764947665331e+05
4.217500000000001137e+00 4.224239277140072663e+05
4.227500000000000036e+00 4.507925647962143412e+05
4.240000000000001101e+00 3.894224305265271687e+05
4.250000000000000000e+00 1.010667634658609022e+05
4.262500000000001066e+00 -3.566603314785882831e+05
4.275000000000001243e+00 -1.888396935923562560e+05
4.285000000000001030e+00 4.877554972797623486e+04
4.297500000000001208e+00 3.787315648045833223e+05
4.307500000000000995e+00 7.993071083263999317e+05
4.320000000000001172e+00 1.300501431805826491e+06
4.330000000000000071e+00 1.291308534604573855e+06
4.342500000000001137e+00 7.436006423558908282e+05
4.352500000000000036e+00 2.422276154003600532e+05
4.365000000000001101e+00 -2.594864414120117726e+05
4.375000000000000888e+00 -6.818981965238605626e+05
4.387500000000001066e+00 -1.086841839709557127e+06
4.400000000000001243e+00 -7.862695815641987137e+05
4.410000000000001030e+00 -5.043925153087325161e+05
4.422500000000001208e+00 -2.794387229729818064e+05
4.432500000000000995e+00 -6.323117401576064003e+04
4.445000000000001172e+00 1.451000876043074823e+05
4.455000000000001847e+00 -1.283320937486240291e+04
4.467500000000001137e+00 -5.008525814810616430e+05
4.477500000000001812e+00 -7.125223242416204885e+05
4.490000000000001101e+00 -5.907620338313778630e+05
4.500000000000001776e+00 -4.058278915032919613e+05
4.512500000000001066e+00 -1.146976620719991479e+05
4.525000000000001243e+00 6.054485641162857646e+05
4.535000000000001030e+00 9.493770317674588878e+05
4.547500000000001208e+00 9.442854701466104016e+05
4.557500000000001883e+00 8.405794704681033036e+05
4.570000000000001172e+00 6.547594015094540082e+05
4.580000000000001847e+00 2.959203580093887285e+05
4.592500000000001137e+00 -2.442925699023794150e+05
4.602500000000001812e+00 -3.782472877179339412e+05
4.615000000000001101e+00 -1.414709727974638517e+05
4.625000000000001776e+00 4.468156868254121946e+04
4.637500000000001954e+00 1.430918006314447557e+05
4.650000000000001243e+00 4.679937364066145383e+05
4.660000000000001918e+00 4.240687054160254775e+05
4.672500000000001208e+00 -1.505412651712889556e+03
4.682500000000001883e+00 -2.861527815094998223e+05
4.695000000000001172e+00 -4.201249746176064946e+05
4.705000000000001847e+00 -5.264433226547577651e+05
4.717500000000002025e+00 -5.968697232506469591e+05
4.727500000000001812e+00 -3.538819287030863925e+05
4.740000000000001990e+00 2.021876873536485946e+05
4.750000000000001776e+00 4.519362960986228427e+05
4.762500000000001954e+00 3.970320188944116817e+05
4.775000000000001243e+00 4.389958729330899660e+05
4.785000000000001918e+00 2.004132587007347029e+05
4.797500000000002096e+00 -3.037949856142134522e+05
4.807500000000001883e+00 -4.862526690125440364e+05
4.820000000000002061e+00 -3.421853330248831189e+05
4.830000000000001847e+00 -1.957144810875506955e+05
4.842500000000002025e+00 -5.187725206734702806e+04
4.852500000000001812e+00 2.097333203956372454e+05
4.865000000000001990e+00 5.848647325322011020e+05
4.875000000000002665e+00 5.819697536387727596e+05
4.887500000000001954e+00 2.031525356288268813e+05
4.900000000000002132e+00 5.321090792020097433e+04
4.910000000000001918e+00 -1.742180402549021528e+05
4.922500000000002096e+00 -4.586014329186863615e+05
4.932500000000001883e+00 -3.614856421572136460e+05
4.945000000000002061e+00 1.218505688046339055e+05
4.955000000000002736e+00 4.168925564727157471e+05
4.967500000000002025e+00 5.055941660105814226e+05
4.977500000000002700e+00 5.323194089274295839e+05
4.990000000000001101e+00 4.742649301196751767e+05
5.012500000000000178e+00 -2.291572032911673887e+05
5.025000000000000355e+00 -7.441293776204941096e+05
5.035000000000000142e+00 -8.302545910693706246e+05
5.047500000000000320e+00 -4.970003296364711714e+05
5.057500000000000107e+00 -2.095320972093058517e+05
5.070000000000000284e+00 3.114955817623780604e+04
5.080000000000000071e+00 2.813366170022325241e+05
5.092499999999999361e+00 5.436901753427949734e+05
5.102500000000000036e+00 4.219435885818668758e+05
5.115000000000000213e+00 -6.011326091478849412e+04
5.125000000000000000e+00 -3.135967655067482847e+05
5.137500000000000178e+00 -3.009964725416773581e+05
5.150000000000000355e+00 -3.513357910468156915e+05
5.160000000000000142e+00 -6.132404970063640212e+04
5.172500000000000320e+00 5.815520318296251353e+05
5.182500000000000107e+00 9.032820953865585616e+05
5.195000000000001172e+00 8.936325036673458526e+05
5.205000000000000071e+00 7.732633162425613264e+05
5.217500000000001137e+00 5.197188615441699512e+05
5.227500000000000036e+00 6.335822689906365122e+04
5.240000000000001101e+00 -6.240133282599505037e+05
5.250000000000000000e+00 -8.614437595778930699e+05
5.262500000000001066e+00 -6.858802366456105374e+05
5.275000000000001243e+00 -5.799406831773280865e+05
5.285000000000001030e+00 -2.700718053082997212e+05
5.297500000000001208e+00 2.201246052236703399e+05
5.307500000000000995e+00 3.066073882357190596e+05
5.320000000000001172e+00 -1.520594279309643753e+04
5.330000000000000959e+00 -2.876763255611772183e+05
5.342500000000001137e+00 -4.898182489974477212e+05
5.352500000000000924e+00 -6.774818133930017939e+05
5.365000000000001101e+00 -8.079474863095410401e+05
5.375000000000000888e+00 -5.311626767759019276e+05
5.387500000000001066e+00 1.904476597789153457e+05
5.400000000000001243e+00 5.757547840492859250e+05
5.410000000000001030e+00 8.717819040534542874e+05
5.422500000000001208e+00 1.095801373866337119e+06
5.432500000000000995e+00 8.767273184487940744e+05
5.445000000000001172e+00 2.192385569442474516e+05
5.455000000000001847e+00 -1.926529714180423762e+05
5.467500000000001137e+00 -3.781066285184831358e+05
5.477500000000001812e+00 -4.572174992300528102e+05
5.490000000000001101e+00 -4.688503221086946432e+05
5.500000000000001776e+00 -2.109832145575460454e+05
5.512500000000001066e+00 2.740821410408098018e+05
5.525000000000001243e+00 2.247986808953121072e+05
5.535000000000001918e+00 1.284904479754510976e+05
5.547500000000001208e+00 -2.162699189758031207e+04
5.557500000000001883e+00 -3.430228208227980649e+05
5.570000000000001172e+00 -8.239263301366127562e+05
5.580000000000001847e+00 -8.853494790525900899e+05
5.592500000000001137e+00 -5.048208503613684443e+05
5.602500000000001812e+00 -1.567030835102366691e+05
5.615000000000001990e+00 1.851085842467996699e+05
5.625000000000001776e+00 5.279748055783665041e+05
5.637500000000001954e+00 8.989971183450375684e+05
5.650000000000001243e+00 6.199645435737841763e+05
5.660000000000001918e+00 3.709379196671246900e+05
5.672500000000001208e+00 1.707977236883399892e+05
5.682500000000001883e+00 -6.135211167286933778e+04
5.695000000000002061e+00 -3.354558284658003831e+05
5.705000000000001847e+00 -2.508913843788727536e+05
5.717500000000002025e+00 1.554782156432468328e+05
5.727500000000001812e+00 3.417258099756602896e+05
5.740000000000001990e+00 2.658114537874106900e+05
5.750000000000001776e+00 1.816353564131501189e+05
5.762500000000001954e+00 6.415841213332538609e+04
5.775000000000002132e+00 -4.945526067135265330e+05
5.785000000000001918e+00 -7.509298637369871140e+05
5.797500000000002096e+00 -7.080092456028324086e+05
5.807500000000001883e+00 -6.213686830887726974e+05
5.820000000000002061e+00 -4.858445785992115270e+05
5.830000000000001847e+00 -1.648474603862442018e+05
5.842500000000002025e+00 3.569250717246070271e+05
5.852500000000001812e+00 5.080529141934649087e+05
5.865000000000001990e+00 3.224861739155578543e+05
5.875000000000001776e+00 1.888572536641827901e+05
5.887500000000001954e+00 1.466412291426571901e+05
5.900000000000002132e+00 -1.628562372421924956e+05
5.910000000000001918e+00 -1.513444626663269883e+05
5.922500000000002096e+00 1.852115024863648287e+05
5.932500000000001883e+00 3.777800163965753745e+05
5.945000000000002061e+00 4.109517192994456855e+05
5.955000000000001847e+00 4.689008399239496212e+05
5.967500000000002025e+00 5.285453705511192093e+05
5.977500000000001812e+00 3.066362771029788419e+05
5.990000000000001990e+00 -2.143178735902542539e+05
6.012500000000000178e+00 -5.865480054703857750e+05
6.025000000000000355e+00 -3.762551987713656272e+05
6.035000000000000142e+00 -2.154509120192150876e+05
6.047500000000000320e+00 -1.333486096575357951e+05
6.057500000000000107e+00 2.597586378354473709e+04
6.070000000000000284e+00 2.544720392029802606e+05
6.080000000000000071e+00 1.683612586633525789e+05
6.092500000000000249e+00 -2.217937564678870258e+05
6.102500000000000036e+00 -4.011866509851875599e+05
6.115000000000000213e+00 -3.445521638811444282e+05
6.125000000000000000e+00 -3.004687146094372729e+05
6.137500000000000178e+00 -2.497130382501920685e+05
6.150000000000000355e+00 2.476295823245910869e+05
6.160000000000000142e+00 4.788302677248776890e+05
6.172500000000000320e+00 4.533158584439427359e+05
6.182500000000000107e+00 4.164862639461334329e+05
6.195000000000001172e+00 3.766766012879273621e+05
6.205000000000000071e+00 1.423747946293479181e+05
6.217500000000001137e+00 -2.777105183406422730e+05
6.227500000000000036e+00 -3.560106921778323012e+05
6.240000000000001101e+00 -7.441789145387124154e+04
6.250000000000000000e+00 1.386884741856728215e+05
6.262500000000001066e+00 2.663554153791014687e+05
6.275000000000001243e+00 6.331952546622433001e+05
6.285000000000001030e+00 6.349009824674589327e+05
6.297500000000001208e+00 2.638559916503978893e+05
6.307500000000000995e+00 6.297927099824980814e+02
6.320000000000001172e+00 -1.583258767486372963e+05
6.330000000000000959e+00 -3.291681348597640172e+05
6.342500000000001137e+00 -5.232845970395711483e+05
6.352500000000000924e+00 -3.845198127037326340e+05
6.365000000000001101e+00 7.675663558508676942e+04
6.375000000000000888e+00 2.962482203638813808e+05
6.387500000000001066e+00 2.581482912712986290e+05
6.400000000000001243e+00 3.453170271100261016e+05
6.410000000000001030e+00 1.378171544966983492e+05
6.422500000000001208e+00 -3.616071840368488338e+05
6.432500000000000995e+00 -5.698509771458767354e+05
6.445000000000001172e+00 -4.713494730823482387e+05
6.455000000000001847e+00 -3.509547163849360077e+05
6.467500000000001137e+00 -1.958067072068712732e+05
6.477500000000001812e+00 1.164017352380246302e+05
6.490000000000001101e+00 5.920667867395280628e+05
6.500000000000001776e+00 6.743704165091911564e+05
6.512500000000001066e+00 3.661525682416670606e+05
6.525000000000001243e+00 2.161411362525395816e+05
6.535000000000001030e+00 -7.244026610959679238e+04
6.547500000000001208e+00 -4.932418304905559635e+05
6.557500000000001883e+00 -5.265065756240165792e+05
6.570000000000001172e+00 -1.778857412410888355e+05
6.580000000000001847e+00 7.501034299202318653e+04
6.592500000000001137e+00 2.242201729302704043e+05
6.602500000000001812e+00 3.826045920382671757e+05
6.615000000000001101e+00 5.393685444533408154e+05
6.625000000000001776e+00 3.522688230560695520e+05
6.637500000000001954e+00 -1.807616000093960611e+05
6.650000000000001243e+00 -3.435271472361782799e+05
6.660000000000001918e+00 -4.829560391887123697e+05
6.672500000000001208e+00 -5.938348384594594827e+05
6.682500000000001883e+00 -3.706719101515284856e+05
6.695000000000001172e+00 1.845683192684160604e+05
6.705000000000001847e+00 4.589064449492018321e+05
6.717500000000002025e+00 4.578208821477153688e+05
6.727500000000001812e+00 4.109310659538603504e+05
6.740000000000001990e+00 3.280433156919719768e+05
6.750000000000001776e+00 4.990690634873226372e+04
6.762500000000001954e+00 -4.161602232024846016e+05
6.775000000000001243e+00 -3.437226731756333029e+05
6.785000000000001918e+00 -2.506145774686524528e+05
6.797500000000002096e+00 -1.407811954397767549e+05
6.807500000000001883e+00 1.249099481143166340e+05
6.820000000000002061e+00 5.357588556764781242e+05
6.830000000000001847e+00 5.704973222828835715e+05
6.842500000000002025e+00 2.254351098273175885e+05
6.852500000000001812e+00 -3.633012561301816459e+04
6.865000000000001990e+00 -2.192721279601726565e+05
6.875000000000002665e+00 -4.233472991489808192e+05
6.887500000000001954e+00 -6.473936224895644700e+05
6.900000000000002132e+00 -2.852009086135341786e+05
6.910000000000001918e+00 -2.152075019606095520e+04
6.922500000000002096e+00 1.439903384318741155e+05
6.932500000000001883e+00 3.210724498087058892e+05
6.945000000000002061e+00 5.150391062627362553e+05
6.955000000000002736e+00 3.687014565302654519e+05
6.967500000000002025e+00 -1.029217852455996763e+05
6.977500000000002700e+00 -3.373382994536981569e+05
6.990000000000001101e+00 -3.284498759173911531e+05
7.012500000000000178e+00 -1.504352131499697571e+05
7.025000000000000355e+00 -3.089087354129759478e+04
7.035000000000000142e+00 1.945916372090301302e+05
7.047500000000000320e+00 5.276420829772007419e+05
7.057500000000000107e+00 5.056607060930841835e+05
7.070000000000000284e+00 1.274318345053781377e+05
7.080000000000000071e+00 -1.142080550345298398e+05
7.092500000000000249e+00 -2.225421398642194690e+05
7.102500000000000036e+00 -3.512801037742135813e+05
7.115000000000001101e+00 -5.094418893921285635e+05
7.125000000000000000e+00 -3.707925856859597261e+05
7.137500000000000178e+00 5.250117359477688296e+04
7.150000000000000355e+00 8.641986611644698132e+04
7.160000000000000142e+00 1.454743054702215595e+05
7.172500000000000320e+00 2.297238695413612295e+05
7.182500000000000107e+00 5.723261762403719331e+04
7.195000000000001172e+00 -3.642175028998408234e+05
7.205000000000000071e+00 -5.084498805912058451e+05
7.217500000000001137e+00 -3.671972002539919340e+05
7.227500000000000036e+00 -2.644027391214575036e+05
7.240000000000001101e+00 -2.077124321555290371e+05
7.250000000000000000e+00 -9.816221549648404107e+03
7.262500000000001066e+00 3.345239373274670215e+05
7.275000000000001243e+00 1.794990963182495034e+05
7.285000000000001030e+00 8.774124862057289283e+04
7.297500000000001208e+00 7.667667716608088813e+04
7.307500000000000995e+00 -6.093790770581697143e+04
7.320000000000001172e+00 -3.140425623460746137e+05
7.330000000000000959e+00 -2.724749471417812165e+05
7.342500000000001137e+00 7.000240355235488096e+04
7.352500000000000924e+00 2.416446199939083890e+05
7.365000000000001101e+00 2.369122132811898191e+05
7.375000000000001776e+00 2.814779945174062159e+05
7.387500000000001066e+00 3.663569246238642372e+05
7.400000000000001243e+00 -1.907672397148658274e+04
7.410000000000001030e+00 -2.110061672557951824e+05
7.422500000000001208e+00 -2.108734516933684354e+05
7.432500000000000995e+00 -2.488497246332568757e+05
7.445000000000001172e+00 -3.362980578252839041e+05
7.455000000000001847e+00 -1.988220113693021412e+05
7.467500000000001137e+00 1.455944115234374476e+05
7.477500000000001812e+00 2.180319419153549534e+05
7.490000000000001101e+00 1.229097029679281513e+04
7.500000000000001776e+00 -9.735301599894696847e+04
7.512500000000001066e+00 -9.136761247212844319e+04
7.525000000000001243e+00 -3.720099948626576806e+05
7.535000000000001918e+00 -3.607259083332330920e+05
7.547500000000001208e+00 -3.712505947743467550e+04
7.557500000000001883e+00 1.558491692489289853e+05
7.570000000000001172e+00 2.267654410847758409e+05
7.580000000000001847e+00 3.524065505459267879e+05
7.592500000000001137e+00 5.318153471509584924e+05
7.602500000000001812e+00 4.140967752836596337e+05
7.615000000000001990e+00 2.548829013484999450e+03
7.625000000000001776e+00 -1.887145983446863829e+05
7.637500000000001954e+00 -1.613093961333881016e+05
7.650000000000001243e+00 -3.177072715309061459e+05
7.660000000000001918e+00 -1.968900188684223103e+05
7.672500000000001208e+00 1.859359140094416216e+05
7.682500000000001883e+00 3.189593621652727015e+05
7.695000000000002061e+00 1.774421188431561168e+05
7.705000000000001847e+00 7.109514062852290226e+04
7.717500000000002025e+00 -1.039053862456941170e+04
7.727500000000001812e+00 -2.385746236097619403e+05
7.740000000000001990e+00 -6.128607981940091122e+05
7.750000000000001776e+00 -6.382378369855992496e+05
7.762500000000001954e+00 -3.096036950722556212e+05
7.775000000000002132e+00 -1.848852959551933745e+05
7.785000000000001918e+00 7.071904157623280480e+04
7.797500000000002096e+00 4.641685822440475458e+05
7.807500000000001883e+00 4.988309518951070495e+05
7.820000000000002061e+00 1.884999550224045233e+05
7.830000000000001847e+00 -1.363294145265987027e+04
7.842500000000002025e+00 -9.248053368380149186e+04
7.852500000000001812e+00 -2.076605057340116764e+05
7.865000000000001990e+00 -3.446028275652774028e+05
7.875000000000001776e+00 -1.756520945383723883e+05
7.887500000000001954e+00 3.048107172344897990e+05
7.900000000000002132e+00 4.019633412194427219e+05
7.910000000000001918e+00 5.005417176536029438e+05
7.922500000000002096e+00 5.947028832051760983e+05
7.932500000000001883e+00 3.903915343671477167e+05
7.945000000000002061e+00 -1.155097286184189434e+05
7.955000000000001847e+00 -3.424421512734005810e+05
7.967500000000002025e+00 -2.903999520636746893e+05
7.977500000000001812e+00 -2.265352218657109770e+05
7.990000000000001990e+00 -1.634154450713499682e+05
8.012500000000001066e+00 2.645479173667513533e+05
8.025000000000000355e+00 5.272589289375168737e+05
8.035000000000000142e+00 4.381497138037434197e+05
8.047500000000001208e+00 -1.788369105244028469e+04
8.057500000000000995e+00 -2.990966141805098159e+05
8.070000000000000284e+00 -4.083774604385172715e+05
8.080000000000000071e+00 -4.976545003187946859e+05
8.092500000000001137e+00 -5.680973148186617764e+05
8.102500000000000924e+00 -3.470272532163133728e+05
8.115000000000000213e+00 1.695174882572296192e+05
8.125000000000000000e+00 4.021921070012300625e+05
8.137500000000001066e+00 3.620235549386483617e+05
8.150000000000000355e+00 4.552885030738008209e+05
8.160000000000000142e+00 2.813301820717513910e+05
8.172500000000001208e+00 -1.339552382325759972e+05
8.182500000000000995e+00 -2.570545568336592987e+05
8.195000000000000284e+00 -6.954111255021273973e+04
8.205000000000000071e+00 7.817315103703361819e+04
8.217500000000001137e+00 1.912734907004042470e+05
8.227500000000000924e+00 4.157946461020944407e+05
8.240000000000000213e+00 7.587389671568778576e+05
8.250000000000000000e+00 7.466996250338810496e+05
8.262500000000001066e+00 3.656868006449974491e+05
8.275000000000000355e+00 2.010649123450221377e+05
8.285000000000000142e+00 -7.259402735274132283e+04
8.297500000000001208e+00 -4.818001077214854304e+05
8.307500000000000995e+00 -5.364542156752643641e+05
8.320000000000000284e+00 -2.693483615835724631e+05
8.330000000000000071e+00 -1.194474698983071576e+05
8.342500000000001137e+00 -1.102893971274843207e+05
8.352500000000000924e+00 -3.627283439514853671e+04
8.365000000000000213e+00 1.011031478544426063e+05
8.375000000000000000e+00 -1.328157802915529646e+04
8.387500000000001066e+00 -3.593790308179646963e+05
8.400000000000000355e+00 -2.841692604843890294e+05
8.410000000000000142e+00 -2.496481102829224255e+05
8.422500000000001208e+00 -2.249031252729830157e+05
8.432500000000000995e+00 1.849323382981002214e+04
8.445000000000000284e+00 5.049349329505919595e+05
8.455000000000000071e+00 6.863853443328650901e+05
8.467500000000001137e+00 5.860793968352784868e+05
8.477500000000000924e+00 5.129920014060150716e+05
8.490000000000000213e+00 4.773579942073944258e+05
8.500000000000000000e+00 2.761052271589497104e+05
8.512500000000001066e+00 -1.083572125148088235e+05
8.525000000000002132e+00 -3.870875840360028815e+04
8.535000000000000142e+00 -4.544665393636848603e+04
8.547500000000001208e+00 -1.780262724260615942e+05
8.557500000000000995e+00 -1.560120799134224653e+05
8.570000000000002061e+00 -2.131732173204368519e+04
8.580000000000000071e+00 -1.177841417510110768e+05
8.592500000000001137e+00 -4.637845786876432830e+05
8.602500000000000924e+00 -5.946587944754364435e+05
8.615000000000001990e+00 -4.961770656435268465e+05
8.625000000000000000e+00 -4.484702457634870661e+05
8.637500000000001066e+00 -4.221993684248382342e+05
8.650000000000002132e+00 4.592402717115137057e+04
8.660000000000000142e+00 2.842681103064030758e+05
8.672500000000001208e+00 3.348119804190548602e+05
8.682500000000000995e+00 4.212877420183300273e+05
8.695000000000002061e+00 5.875859850153613370e+05
8.705000000000000071e+00 5.221850105613203486e+05
8.717500000000001137e+00 2.550300712585677393e+05
8.727500000000002700e+00 2.146188561837491579e+05
8.740000000000001990e+00 4.027241026705830009e+05
8.750000000000001776e+00 4.470835652712042211e+05
8.762500000000001066e+00 3.148830257037907722e+05
8.775000000000002132e+00 4.475378244175729342e+05
8.785000000000001918e+00 3.204558503651819192e+05
8.797500000000001208e+00 -1.220589504870824312e+05
8.807500000000002771e+00 -3.848100160948099801e+05
8.820000000000002061e+00 -5.100744430020821746e+05
8.830000000000003624e+00 -6.604795918207175564e+05
8.842500000000001137e+00 -8.608513336111946264e+05
8.852500000000002700e+00 -7.531220681712363148e+05
8.865000000000001990e+00 -3.343230260950986994e+05
8.875000000000003553e+00 -1.167155434411599854e+05
8.887500000000002842e+00 -7.722367346378866932e+04
8.900000000000002132e+00 1.890773589080547972e+05
8.910000000000003695e+00 1.793834449228043086e+05
8.922500000000001208e+00 -5.144871184536966757e+04
8.932500000000002771e+00 -7.429135412608231127e+04
8.945000000000002061e+00 1.574929011711141793e+05
8.955000000000003624e+00 2.813473945684910286e+05
8.967500000000002913e+00 3.236228648254608852e+05
8.977500000000002700e+00 4.909233679516430129e+05
8.990000000000001990e+00 7.790345898121861974e+05
9.012500000000001066e+00 5.821924675778341480e+05
9.025000000000002132e+00 9.474256417745443468e+04
9.035000000000001918e+00 -1.828584063170967274e+05
9.047500000000001208e+00 -2.877895623571450706e+05
9.057500000000000995e+00 -3.950023371839326574e+05
9.070000000000002061e+00 -5.274469449622678803e+05
9.080000000000001847e+00 -3.795267119750750717e+05
9.092500000000001137e+00 2.668122976793663111e+04
9.102500000000000924e+00 1.721205118991735799e+05
9.115000000000001990e+00 5.906569418459309236e+04
9.125000000000001776e+00 -1.176335667814160388e+03
9.137500000000001066e+00 9.938148352009213340e+03
9.150000000000002132e+00 -3.153125314224509057e+05
9.160000000000001918e+00 -3.518326661746039172e+05
9.172500000000001208e+00 -6.588648890061373822e+04
9.182500000000000995e+00 1.380571136708673730e+05
9.195000000000002061e+00 2.841263630742115201e+05
9.205000000000001847e+00 5.058403890891632764e+05
9.217500000000001137e+00 8.135890051165760960e+05
9.227500000000000924e+00 7.625202527239453048e+05
9.240000000000001990e+00 3.558607592167799012e+05
9.250000000000001776e+00 8.963812350391111977e+04
9.262500000000001066e+00 -6.006049801855030819e+04
9.275000000000002132e+00 -4.319944819995137514e+05
9.285000000000001918e+00 -4.554251526062142220e+05
9.297500000000001208e+00 -1.570702194848266081e+05
9.307500000000000995e+00 1.954436977203650486e+03
9.320000000000002061e+00 -3.503661336104411475e+03
9.330000000000001847e+00 4.014825122357788496e+04
9.342500000000001137e+00 1.219250396833802806e+05
9.352500000000000924e+00 -4.076036001016128284e+04
9.365000000000001990e+00 -4.401810708293378120e+05
9.375000000000001776e+00 -5.588896223797402345e+05
9.387500000000001066e+00 -3.779369499470564770e+05
9.400000000000002132e+00 -3.614211281260719406e+05
9.410000000000001918e+00 -1.206465186760042998e+05
9.422500000000001208e+00 3.628496816471445491e+05
9.432500000000000995e+00 5.372424677142725559e+05
9.445000000000002061e+00 4.193150196299317759e+05
9.455000000000001847e+00 3.266248267562789260e+05
9.467500000000001137e+00 2.701307346088380436e+05
9.477500000000000924e+00 6.848840796984739427e+04
9.490000000000001990e+00 -2.791430097355938051e+05
9.500000000000001776e+00 -3.108885249362105969e+05
9.512500000000001066e+00 -4.007977750023295084e+04
9.525000000000002132e+00 -2.783063489076531550e+04
9.535000000000001918e+00 1.086513799759596004e+05
9.547500000000002984e+00 3.499386743080299930e+05
9.557500000000000995e+00 2.856734045799997984e+05
9.570000000000002061e+00 -9.340498512435841258e+04
9.580000000000001847e+00 -2.984702837024099426e+05
9.592500000000002913e+00 -3.355476054254322080e+05
9.602500000000000924e+00 -4.048226002884470508e+05
9.615000000000001990e+00 -5.016785183154261322e+05
9.625000000000001776e+00 -3.328107982113423059e+05
9.637500000000002842e+00 1.081167604083160695e+05
9.650000000000002132e+00 1.553186412796938675e+05
9.660000000000001918e+00 2.386859345720447600e+05
9.672500000000002984e+00 3.702312869541463442e+05
9.682500000000000995e+00 2.450040125857644016e+05
9.695000000000002061e+00 -1.232986217978303030e+05
9.705000000000001847e+00 -2.455572791081575269e+05
9.717500000000002913e+00 -1.210241593042010500e+05
9.727500000000002700e+00 -6.459269480182394909e+04
9.740000000000001990e+00 -8.790399780636274954e+04
9.750000000000003553e+00 3.920884918918352196e+04
9.762500000000002842e+00 3.054914651617381023e+05
9.775000000000002132e+00 9.658101698135980405e+04
9.785000000000001918e+00 -2.018926723689066785e+04
9.797500000000002984e+00 -4.533886106826716423e+04
9.807500000000004547e+00 -1.895872926211450540e+05
9.820000000000002061e+00 -4.498271362253631814e+05
9.830000000000003624e+00 -4.154542727034472628e+05
9.842500000000002913e+00 -8.193781104194917134e+04
9.852500000000004476e+00 9.446828786390296591e+04
9.865000000000001990e+00 1.180046540992435621e+05
9.875000000000003553e+00 2.023786000480950461e+05
9.887500000000004619e+00 3.608477101882818388e+05
9.900000000000002132e+00 6.286839523898930202e+04
9.910000000000003695e+00 -6.195726916761083703e+04
9.922500000000002984e+00 -3.144785937093065968e+03
9.932500000000004547e+00 -2.318702897245301574e+04
9.945000000000002061e+00 -1.210231242373485293e+05
9.955000000000003624e+00 -7.407259211111399054e+03
9.967500000000004690e+00 3.056632135156884324e+05
9.977500000000004476e+00 3.592593020026797894e+05
9.990000000000001990e+00 1.387341254669250920e+05
1.001250000000000107e+01 -1.595080741069123324e+05
1.002500000000000036e+01 -1.542491152572777646e+05
1.003500000000000014e+01 -2.142452048189787893e+05
1.004750000000000121e+01 -3.531583961326179560e+05
1.005750000000000099e+01 -2.430101548670101329e+05
1.007000000000000028e+01 1.292259010994905839e+05
1.008000000000000007e+01 2.883464577742379042e+05
1.009250000000000114e+01 2.481357462245771603e+05
1.010250000000000092e+01 2.808928179430326563e+05
1.011500000000000021e+01 4.124835813064178801e+05
1.012500000000000000e+01 3.472676925950037548e+05
1.013750000000000107e+01 1.130555874637964152e+05
1.015000000000000036e+01 3.020389153537780512e+05
1.016000000000000014e+01 3.758709558423052658e+05
1.017250000000000121e+01 3.333170976843381068e+05
1.018250000000000099e+01 4.231250891542732716e+05
1.019500000000000028e+01 6.255634694407548523e+05
1.020500000000000007e+01 5.573142016836765688e+05
1.021750000000000114e+01 1.931419153732427221e+05
1.022750000000000092e+01 -8.435485934922495289e+03
1.024000000000000021e+01 -2.847699401314333227e+04
1.025000000000000000e+01 -1.064484841766656755e+05
1.026250000000000107e+01 -2.805700848213900463e+05
1.027500000000000036e+01 -2.146942582917103937e+04
1.028500000000000014e+01 6.912323879495047731e+04
1.029750000000000121e+01 -1.352916546513548928e+04
1.030750000000000099e+01 8.749218853451582618e+03
1.032000000000000028e+01 1.361617929744190769e+05
1.033000000000000007e+01 5.700006790868053940e+04
1.034250000000000114e+01 -2.155225639923450362e+05
1.035250000000000092e+01 -2.445108384456629283e+05
1.036500000000000021e+01 -2.960324067287391244e+03
1.037500000000000000e+01 1.329884768795707787e+05
1.038750000000000107e+01 1.814805204764647351e+05
1.040000000000000213e+01 5.502533780598802259e+05
1.041000000000000014e+01 6.300260729707122082e+05
1.042250000000000121e+01 4.215263182307082461e+05
1.043250000000000099e+01 2.961539357919195900e+05
1.044500000000000028e+01 2.473097144362429972e+05
1.045500000000000007e+01 7.556877316293177137e+04
1.046750000000000114e+01 -2.367120052805637533e+05
1.047750000000000092e+01 -2.666902087724303128e+05
1.049000000000000021e+01 -4.533246293302464619e+04
1.050000000000000000e+01 2.080519879002801099e+04
1.051250000000000107e+01 -1.005808531359488261e+05
1.052500000000000213e+01 3.753796015291150979e+04
1.053500000000000014e+01 -6.067071882141281094e+04
1.054750000000000121e+01 -4.071984519729939057e+05
1.055750000000000099e+01 -5.299189537677246844e+05
1.057000000000000206e+01 -4.133374247117121704e+05
1.058000000000000007e+01 -3.495000353229509783e+05
1.059250000000000114e+01 -3.075982628841836704e+05
1.060250000000000092e+01 -6.088309033699432621e+04
1.061500000000000199e+01 4.247654207480688347e+05
1.062500000000000178e+01 6.032993695878846338e+05
1.063750000000000107e+01 5.091012205470046611e+05
1.065000000000000213e+01 6.081039273315455066e+05
1.066000000000000192e+01 4.754727263057064265e+05
1.067250000000000121e+01 1.250162265538955544e+05
1.068250000000000099e+01 3.170181197505787713e+04
1.069500000000000206e+01 1.838703925847575883e+05
1.070500000000000185e+01 2.354997198258001881e+05
1.071750000000000114e+01 1.526388835942436999e+05
1.072750000000000270e+01 1.910115004388527886e+05
1.074000000000000199e+01 3.080723553782454110e+05
1.075000000000000178e+01 1.599929202426441188e+05
1.076250000000000107e+01 -2.939651504809477483e+05
1.077500000000000213e+01 -4.154998678724958445e+05
1.078500000000000369e+01 -5.886571030060494086e+05
1.079750000000000121e+01 -8.278322193954372779e+05
1.080750000000000277e+01 -7.433336619491862366e+05
1.082000000000000206e+01 -3.225694366131354473e+05
1.083000000000000362e+01 -7.069188346820135484e+04
1.084250000000000114e+01 4.333369970698877296e+04
1.085250000000000270e+01 1.942283382253279269e+05
1.086500000000000377e+01 4.245379165833499283e+05
1.087500000000000355e+01 3.835860390146724530e+05
1.088750000000000284e+01 1.119268199374052201e+05
1.090000000000000213e+01 2.218656371737724694e+05
1.091000000000000369e+01 2.345564452578056371e+05
1.092250000000000121e+01 1.593448593249685946e+05
1.093250000000000277e+01 2.730847059266051510e+05
1.094500000000000384e+01 5.626617905333652161e+05
1.095500000000000362e+01 5.785200169209826272e+05
1.096750000000000291e+01 2.896880444172909483e+05
1.097750000000000270e+01 9.437415155575184326e+04
1.099000000000000199e+01 -4.715082130362021417e+04
1.101249999999999929e+01 -4.681817180078666424e+05
1.102500000000000036e+01 -7.108930157148116268e+05
1.103500000000000014e+01 -6.423571266711165663e+05
1.104749999999999943e+01 -2.781883619742796873e+05
1.105749999999999922e+01 -9.984405069591774372e+04
1.107000000000000028e+01 -9.436299745114412508e+04
1.108000000000000007e+01 -2.120235968355809018e+04
1.109249999999999936e+01 1.547279780481385242e+05
1.110249999999999915e+01 1.177359508375098667e+05
1.111500000000000021e+01 -8.759377752212276391e+04
1.112500000000000000e+01 -5.861257682177198876e+04
1.113749999999999929e+01 2.437211700731404999e+05
1.115000000000000036e+01 2.724860801147194579e+05
1.116000000000000014e+01 4.396859108853630605e+05
1.117249999999999943e+01 7.501983179947112221e+05
1.118249999999999922e+01 7.650230412751677213e+05
1.119500000000000028e+01 4.806451198940259637e+05
1.120500000000000007e+01 3.060616780643725069e+05
1.121749999999999936e+01 2.112486202156819927e+05
1.122749999999999915e+01 1.260562101185345455e+04
1.124000000000000021e+01 -3.177740068092460860e+05
1.125000000000000000e+01 -3.552419489256551606e+05
1.126249999999999929e+01 -1.509300743948549207e+05
1.127500000000000036e+01 -2.606152630086748104e+05
1.128500000000000014e+01 -2.227206328488143336e+05
1.129749999999999943e+01 -5.981203838637964509e+04
1.130749999999999922e+01 -1.169253122819692944e+05
1.132000000000000028e+01 -3.866238804040370160e+05
1.133000000000000007e+01 -4.431538649713245686e+05
1.134249999999999936e+01 -2.648301755956382840e+05
1.135249999999999915e+01 -1.880465397994602972e+05
1.136500000000000021e+01 -1.905866311882776499e+05
1.137500000000000000e+01 -2.745732364164125465e+04
1.138749999999999929e+01 3.215049034287403920e+05
1.140000000000000036e+01 2.367008741666027345e+05
1.141000000000000014e+01 2.343154641601901967e+05
1.142250000000000121e+01 3.347969230644591153e+05
1.143249999999999922e+01 2.546481035620863258e+05
1.144500000000000028e+01 3.247980690929697175e+03
1.145500000000000007e+01 -1.631180677922375071e+04
1.146750000000000114e+01 1.933426170763160044e+05
1.147749999999999915e+01 2.505508866806498554e+05
1.149000000000000021e+01 1.379500296455001226e+05
1.150000000000000000e+01 1.476843574437237694e+05
1.151249999999999929e+01 2.577773119988661783e+05
1.152500000000000036e+01 -5.698965787777112564e+04
1.153500000000000014e+01 -1.920153291881815530e+05
1.154750000000000121e+01 -1.607488820293437748e+05
1.155749999999999922e+01 -2.211014100489928387e+05
1.157000000000000028e+01 -3.810037654868819518e+05
1.158000000000000007e+01 -3.110722686833866755e+05
1.159250000000000114e+01 -2.246495365736520762e+04
1.160249999999999915e+01 5.201160269451203931e+04
1.161500000000000021e+01 -9.196031833042608923e+04
1.162500000000000000e+01 -1.246487839967375330e+05
1.163750000000000107e+01 -3.394123209466159460e+04
1.165000000000000036e+01 -2.790440750454812078e+05
1.166000000000000014e+01 -2.875902223192642559e+05
1.167250000000000121e+01 -4.298755331387002661e+04
1.168250000000000099e+01 7.183532426292255695e+04
1.169500000000000028e+01 7.278942183566681342e+04
1.170500000000000007e+01 1.942522661345865345e+05
1.171750000000000114e+01 4.496718692473800620e+05
1.172750000000000270e+01 4.390983655293935444e+05
1.174000000000000021e+01 1.633399497258763004e+05
1.175000000000000178e+01 4.371011053440249816e+04
1.176250000000000107e+01 8.005819537164413487e+04
1.177500000000000036e+01 -1.628942102534623700e+05
1.178500000000000014e+01 -1.547102118539677176e+05
1.179750000000000121e+01 8.328624671712557029e+04
1.180750000000000277e+01 1.392645651161098212e+05
1.182000000000000028e+01 -1.587040367621026962e+04
1.183000000000000185e+01 -7.061754766953221406e+04
1.184250000000000114e+01 -5.248457863763970090e+04
1.185250000000000270e+01 -2.135888255758919113e+05
1.186500000000000021e+01 -5.633669847999371123e+05
1.187500000000000178e+01 -6.337361095989063615e+05
1.188750000000000284e+01 -4.255252419802021468e+05
1.190000000000000036e+01 -4.379253925651481841e+05
1.191000000000000192e+01 -2.512160726548546518e+05
1.192250000000000121e+01 1.580582931220904575e+05
1.193250000000000277e+01 2.951091684550619102e+05
1.194500000000000028e+01 1.966153769384596671e+05
1.195500000000000185e+01 1.810935926300110586e+05
1.196750000000000291e+01 2.788752750636512064e+05
1.197750000000000270e+01 2.189490366330636316e+05
1.199000000000000021e+01 2.494308239807309656e+04
1.201250000000000107e+01 1.579357129269646539e+05
1.202500000000000036e+01 4.555286364658447565e+05
1.203500000000000014e+01 5.149694717005791026e+05
1.204750000000000121e+01 3.075237400139589445e+05
1.205750000000000099e+01 1.820035401873267256e+05
1.207000000000000028e+01 1.001097667174109520e+05
1.208000000000000007e+01 -1.363306422273794888e+05
1.209250000000000114e+01 -5.663191118077218998e+05
1.210250000000000092e+01 -6.871947018763138913e+05
1.211500000000000021e+01 -5.256911690037649823e+05
1.212500000000000000e+01 -4.380234871193224099e+05
1.213750000000000107e+01 -4.336009001317947404e+05
1.215000000000000036e+01 -8.885498314555489924e+04
1.216000000000000014e+01 -4.293953374458718827e+03
1.217250000000000121e+01 -1.579088501684533840e+05
1.218250000000000099e+01 -1.898457599198206153e+05
1.219500000000000028e+01 -5.974187775407085428e+04
1.220500000000000007e+01 -5.395263715699706518e+04
1.221750000000000114e+01 -1.266124867246541980e+05
1.222750000000000092e+01 2.645662764624759075e+04
1.224000000000000021e+01 4.328510050718140556e+05
1.225000000000000000e+01 6.041309779192322167e+05
1.226250000000000107e+01 5.501737301402072189e+05
1.227500000000000036e+01 6.904733227967659477e+05
1.228500000000000014e+01 5.592749976347211050e+05
1.229750000000000121e+01 1.370511102174221596e+05
1.230750000000000099e+01 -7.379481568745708501e+04
1.232000000000000028e+01 -1.032418759165539668e+05
1.233000000000000007e+01 -1.844379834761082602e+05
1.234250000000000114e+01 -3.553461083730204846e+05
1.235250000000000092e+01 -2.918149670249390765e+05
1.236500000000000021e+01 -2.469840855511715199e+04
1.237500000000000000e+01 1.515763798614260122e+04
1.238750000000000107e+01 -1.837996495713547338e+05
1.240000000000000213e+01 -1.013725210060921963e+05
1.241000000000000014e+01 -1.860009413866868999e+05
1.242250000000000121e+01 -4.227945317056411877e+05
1.243250000000000099e+01 -4.022496002801339491e+05
1.244500000000000206e+01 -9.754511620429917821e+04
1.245500000000000007e+01 6.835811078295957122e+04
1.246750000000000114e+01 1.149434816789620672e+05
1.247750000000000092e+01 2.546685129852710234e+05
1.249000000000000199e+01 5.107721917701401981e+05
1.250000000000000000e+01 4.915991037502000690e+05
1.251250000000000107e+01 2.095669858745525416e+05
1.252500000000000213e+01 2.333746121430300991e+05
1.253500000000000014e+01 1.269825281164404878e+05
1.254750000000000121e+01 -1.228351418718636123e+05
1.255750000000000099e+01 -1.321331312602389080e+05
1.257000000000000206e+01 7.249623156190199370e+04
1.258000000000000007e+01 1.009690696603260876e+05
1.259250000000000114e+01 -7.255298664279386867e+04
1.260250000000000092e+01 -1.158436089605110756e+05
1.261500000000000199e+01 -4.618912745803366124e+04
1.262500000000000000e+01 -1.409911895579176198e+05
1.263750000000000107e+01 -4.029781616328104865e+05
1.265000000000000213e+01 -2.408805074369051435e+05
1.266000000000000192e+01 -1.825716431396417320e+05
1.267250000000000121e+01 -2.213497224445956817e+05
1.268250000000000099e+01 -9.898915207817767805e+04
1.269500000000000206e+01 2.003039344182300265e+05
1.270500000000000185e+01 2.552848060210438562e+05
1.271750000000000114e+01 8.430456710174129694e+04
1.272750000000000270e+01 4.898420587388372223e+04
1.274000000000000199e+01 1.645074168766183138e+05
1.275000000000000178e+01 1.298669960886857589e+05
1.276250000000000107e+01 -5.003354810159572662e+04
1.277500000000000213e+01 1.541608509015175514e+05
1.278500000000000192e+01 1.877603879028230731e+05
1.279750000000000121e+01 4.084639312797496677e+04
1.280750000000000277e+01 2.778869545961268886e+04
1.282000000000000206e+01 1.312057239074035606e+05
1.283000000000000362e+01 4.369120141663083632e+04
1.284250000000000114e+01 -2.439871819132050732e+05
1.285250000000000270e+01 -3.099144143660966656e+05
1.286500000000000199e+01 -1.561317915101941617e+05
1.287500000000000355e+01 -1.219793142806157412e+05
1.288750000000000284e+01 -2.105240618650437682e+05
1.290000000000000213e+01 5.458368395424666232e+04
1.291000000000000369e+01 1.021338140826054441e+05
1.292250000000000121e+01 -6.491865743985398876e+04
1.293250000000000277e+01 -9.899471520770573989e+04
1.294500000000000206e+01 1.577317934985236207e+04
1.295500000000000362e+01 -1.511248911939243590e+04
1.296750000000000291e+01 -1.790218707171080750e+05
1.297750000000000270e+01 -1.274076294858246401e+05
1.299000000000000199e+01 1.456332058713521110e+05
1.301250000000000107e+01 2.925874160054901149e+05
1.302500000000000213e+01 1.462140348140280112e+05
1.303500000000000192e+01 1.157645876605810336e+05
1.304750000000000121e+01 1.916264199138692056e+05
1.305750000000000099e+01 9.878579393648044788e+04
1.307000000000000206e+01 -1.561979324380530452e+05
1.308000000000000185e+01 -1.665304385945652612e+05
1.309250000000000114e+01 6.888894064495699422e+04
1.310250000000000092e+01 1.622545228228789929e+05
1.311500000000000199e+01 1.125456215560892306e+05
1.312500000000000178e+01 1.781375053712916269e+05
1.313750000000000107e+01 3.570473337556924089e+05
1.315000000000000213e+01 1.045409627554121835e+05
1.316000000000000192e+01 3.577269680823033923e+03
1.317250000000000121e+01 5.266577742769540782e+04
1.318250000000000099e+01 -5.774376251279166354e+03
1.319500000000000206e+01 -1.781708016156652011e+05
1.320500000000000185e+01 -1.194075012263434328e+05
1.321750000000000114e+01 1.654238829043749138e+05
1.322750000000000092e+01 2.416869149085423560e+05
1.324000000000000199e+01 1.158231665094370983e+05
1.325000000000000178e+01 9.306070558131806320e+04
1.326250000000000107e+01 1.603715899856880133e+05
1.327500000000000213e+01 -1.680781610735567519e+05
1.328500000000000192e+01 -2.783243820521979942e+05
1.329750000000000121e+01 -1.655174617723557749e+05
1.330750000000000099e+01 -1.350220210002046661e+05
1.332000000000000206e+01 -1.910814763900857943e+05
1.333000000000000185e+01 -6.394074376790547103e+04
1.334250000000000114e+01 2.513577487109494687e+05
1.335250000000000092e+01 3.095942252861526213e+05
1.336500000000000199e+01 1.181262284144031728e+05
1.337500000000000178e+01 4.393066422002020408e+04
1.338750000000000107e+01 9.624249084076905274e+04
1.340000000000000213e+01 -1.640181277162451588e+05
1.341000000000000192e+01 -1.722029974930090248e+05
1.342250000000000298e+01 7.302135390297483536e+04
1.343250000000000099e+01 1.719428070699239615e+05
1.344500000000000206e+01 1.256795836255779141e+05
1.345500000000000185e+01 1.882990417792451917e+05
1.346750000000000291e+01 3.518627474434863543e+05
1.347750000000000092e+01 2.674776907332550618e+05
1.349000000000000199e+01 -7.457516590658854693e+04
1.350000000000000178e+01 -2.123320861407086195e+05
1.351250000000000107e+01 -1.579475753783009422e+05
1.352500000000000213e+01 -3.535628261821924825e+05
1.353500000000000192e+01 -2.999477939314894029e+05
1.354750000000000298e+01 -3.707488737323932128e+03
1.355750000000000099e+01 9.981881035639435868e+04
1.357000000000000206e+01 1.298061489625531249e+04
1.358000000000000185e+01 2.628706989449506364e+04
1.359250000000000291e+01 1.500133249819320918e+05
1.360250000000000092e+01 8.338144363029427768e+04
1.361500000000000199e+01 -1.624085352253344900e+05
1.362500000000000178e+01 -1.774729308962987561e+05
1.363750000000000284e+01 5.291087642631512426e+04
1.365000000000000213e+01 3.404764927155236620e+01
1.366000000000000192e+01 1.109470697438590869e+05
1.367250000000000298e+01 3.887439031292595901e+05
1.368250000000000277e+01 4.111003241479455028e+05
1.369500000000000206e+01 1.702594396520342270e+05
1.370500000000000185e+01 5.575467536547968484e+04
1.371750000000000291e+01 5.649734116926489514e+04
1.372750000000000270e+01 -6.725886401475481398e+04
1.374000000000000199e+01 -3.360473269822537550e+05
1.375000000000000355e+01 -3.538444335701089003e+05
1.376250000000000284e+01 -1.420020780878455844e+05
1.377500000000000213e+01 -2.543358073874525435e+05
1.378500000000000192e+01 -2.193888082201103389e+05
1.379750000000000298e+01 -4.491300767818014720e+04
1.380750000000000455e+01 -7.654578989153722068e+04
1.382000000000000206e+01 -3.024419903697849950e+05
1.383000000000000362e+01 -3.270629308595356415e+05
1.384250000000000291e+01 -1.307505679305901431e+05
1.385250000000000448e+01 -5.364855495344946394e+04
1.386500000000000199e+01 -7.219847857968635799e+04
1.387500000000000355e+01 6.990115287567436462e+04
1.388750000000000462e+01 3.941265121446792618e+05
1.390000000000000213e+01 2.975082232917976216e+05
1.391000000000000369e+01 2.969791875078726443e+05
1.392250000000000298e+01 4.002131604975711089e+05
1.393250000000000455e+01 3.094897792253095540e+05
1.394500000000000206e+01 1.943843889533042966e+04
1.395500000000000362e+01 -4.941851655937552277e+04
1.396750000000000469e+01 8.488627141626007506e+04
1.397750000000000448e+01 7.766977602693546214e+04
1.399000000000000199e+01 -1.025034509418018424e+05
1.401250000000000107e+01 -1.799403308626204962e+05
1.402500000000000036e+01 -9.102173634368641069e+04
1.403500000000000014e+01 -1.616485423143854132e+05
1.404750000000000121e+01 -4.033366567695618141e+05
1.405750000000000099e+01 -4.135502861556992284e+05
1.407000000000000028e+01 -1.746447742500344175e+05
1.408000000000000007e+01 -6.356462613396858069e+04
1.409250000000000114e+01 -5.081342126637609908e+04
1.410250000000000092e+01 1.019933274431901955e+05
1.411500000000000021e+01 4.257383086899184855e+05
1.412500000000000000e+01 4.897738924161131145e+05
1.413750000000000107e+01 3.232215579501645407e+05
1.415000000000000036e+01 4.500192623622525716e+05
1.416000000000000014e+01 4.014208149907217594e+05
1.417250000000000121e+01 1.871504080810591695e+05
1.418250000000000099e+01 1.767365471207615337e+05
1.419500000000000028e+01 3.482034244382089237e+05
1.420500000000000007e+01 3.341944625098856632e+05
1.421750000000000114e+01 9.729934512368867581e+04
1.422750000000000092e+01 2.480889006612032517e+03
1.424000000000000021e+01 2.485576259406009922e+04
1.425000000000000000e+01 -1.067771819563942554e+05
1.426250000000000107e+01 -4.205876113092083251e+05
1.427500000000000036e+01 -3.180133568623412284e+05
1.428500000000000014e+01 -3.089789154128743685e+05
1.429750000000000121e+01 -3.919032065031030215e+05
1.430750000000000099e+01 -2.769995961228766246e+05
1.432000000000000028e+01 5.129408106672749273e+04
1.433000000000000007e+01 1.542990980650477868e+05
1.434250000000000114e+01 6.142604496981773991e+04
1.435250000000000092e+01 8.451454509742511436e+04
1.436500000000000021e+01 2.552345914328446088e+05
1.437500000000000000e+01 2.554731827942513919e+05
1.438750000000000107e+01 1.143515339020353858e+05
1.440000000000000213e+01 3.543051348469603108e+05
1.441000000000000014e+01 4.124764757598384167e+05
1.442250000000000121e+01 2.827357040729165892e+05
1.443250000000000099e+01 2.687590449280925677e+05
1.444500000000000206e+01 3.516753462970716064e+05
1.445500000000000007e+01 2.257632347525935329e+05
1.446750000000000114e+01 -1.392765393681727874e+05
1.447750000000000092e+01 -2.863247203595596366e+05
1.449000000000000199e+01 -2.421977090296111710e+05
1.450000000000000000e+01 -2.852691758391342591e+05
1.451250000000000107e+01 -4.377607825977785978e+05
1.452500000000000213e+01 -1.849270920625348226e+05
1.453500000000000192e+01 -1.114088045887039771e+05
1.454750000000000121e+01 -2.137819158760158753e+05
1.455750000000000099e+01 -1.858812318149753264e+05
1.457000000000000206e+01 -7.118566636745478718e+03
1.458000000000000007e+01 -1.292434211598788715e+04
1.459250000000000114e+01 -1.743619901908859028e+05
1.460250000000000092e+01 -1.291554683550766640e+05
1.461500000000000199e+01 1.480736127247522527e+05
1.462500000000000178e+01 2.539962889249749132e+05
1.463750000000000107e+01 2.020557175710736774e+05
1.465000000000000213e+01 4.348045655315789045e+05
1.466000000000000192e+01 4.123955224094411242e+05
1.467250000000000121e+01 1.311440284396565403e+05
1.468250000000000099e+01 8.656651342096582084e+03
1.469500000000000206e+01 3.280949578194654168e+04
1.470500000000000362e+01 -5.164812441683187353e+04
1.471750000000000114e+01 -2.655117867091017542e+05
1.472750000000000270e+01 -2.433196223964885285e+05
1.474000000000000199e+01 3.681537384550348179e+03
1.475000000000000355e+01 6.742576450252936047e+04
1.476250000000000107e+01 -5.528135004974872572e+04
1.477500000000000213e+01 1.147049841995617899e+05
1.478500000000000369e+01 7.439596710514003644e+04
1.479750000000000121e+01 -1.685023789372035244e+05
1.480750000000000277e+01 -2.120551326047296461e+05
1.482000000000000206e+01 -4.753055191389888205e+04
1.483000000000000362e+01 -9.606910663998192831e+03
1.484250000000000114e+01 -9.623330873308940500e+04
1.485250000000000270e+01 -2.001842911907603411e+04
1.486500000000000377e+01 2.144631857032213593e+05
1.487500000000000355e+01 2.117125773043277441e+05
1.488750000000000284e+01 -3.495038184710490168e+04
1.490000000000000213e+01 8.299030125210552796e+03
1.491000000000000369e+01 -1.038226995504512743e+05
1.492250000000000121e+01 -3.781312019167030230e+05
1.493250000000000277e+01 -4.029531172056472278e+05
1.494500000000000384e+01 -1.810312813941118948e+05
1.495500000000000362e+01 -9.290282136301578430e+04
1.496750000000000291e+01 -1.335753466985708219e+05
1.497750000000000270e+01 -4.176192939000169281e+04
1.499000000000000199e+01 2.034101095011644647e+05
1.501249999999999929e+01 2.010690159281633969e+05
1.502500000000000036e+01 -4.311387987017141086e+02
1.503500000000000014e+01 -3.341681922675501028e+03
1.504749999999999943e+01 2.071916726167387678e+05
1.505749999999999922e+01 2.649194337079665856e+05
1.507000000000000028e+01 1.745484039847697713e+05
1.508000000000000007e+01 2.181442630507540307e+05
1.509249999999999936e+01 3.769559997580781346e+05
1.510249999999999915e+01 2.980510428437288501e+05
1.511500000000000021e+01 -4.729660601803437021e+04
1.512500000000000000e+01 -2.114134929582932382e+05
1.513749999999999929e+01 -2.225871561692833493e+05
1.515000000000000036e+01 -5.059133267414302099e+05
1.516000000000000014e+01 -5.227355657873880700e+05
1.517249999999999943e+01 -2.930342349563171156e+05
1.518249999999999922e+01 -2.090729982815999829e+05
1.519500000000000028e+01 -2.711516439186661155e+05
1.520500000000000007e+01 -1.993983152495119430e+05
1.521749999999999936e+01 3.168009878413536717e+04
1.522749999999999915e+01 5.836038864082420332e+04
1.524000000000000021e+01 -8.240491305798474059e+04
1.525000000000000000e+01 -3.708096335708819242e+04
1.526249999999999929e+01 2.325463384159978013e+05
1.527500000000000036e+01 1.869853572005300666e+05
1.528500000000000014e+01 2.953442580992900184e+05
1.529750000000000121e+01 5.737439984963183524e+05
1.530749999999999922e+01 6.001176760791271226e+05
1.532000000000000028e+01 3.661821765652092290e+05
1.533000000000000007e+01 2.475719700163324305e+05
1.534249999999999936e+01 2.205281173395065416e+05
1.535249999999999915e+01 5.733434444802551297e+04
1.536500000000000021e+01 -2.828796641254387796e+05
1.537500000000000000e+01 -3.675656301095755189e+05
1.538749999999999929e+01 -2.386037990791881748e+05
1.540000000000000036e+01 -4.134304501580114593e+05
1.541000000000000014e+01 -4.029748302201648476e+05
1.542250000000000121e+01 -2.238380240397952439e+05
1.543249999999999922e+01 -2.279901997451770585e+05
1.544500000000000028e+01 -4.014671828517754911e+05
1.545500000000000007e+01 -3.779731291526466957e+05
1.546750000000000114e+01 -1.238526271984690538e+05
1.547749999999999915e+01 -1.512549113424919415e+04
1.549000000000000021e+01 -6.862307439642482677e+03
1.550000000000000000e+01 1.576778859721388726e+05
1.551250000000000107e+01 5.169317745639331406e+05
1.552500000000000036e+01 4.519147279718797654e+05
1.553500000000000014e+01 4.620387203850492951e+05
1.554750000000000121e+01 5.569957333294872660e+05
1.555750000000000099e+01 4.425674979082364589e+05
1.557000000000000028e+01 1.025776401712275692e+05
1.558000000000000007e+01 -1.742292912529276509e+04
1.559250000000000114e+01 4.255994519584210502e+04
1.560250000000000092e+01 -1.705391619403824734e+04
1.561500000000000021e+01 -2.400372779889551748e+05
1.562500000000000000e+01 -2.826586504297799547e+05
1.563750000000000284e+01 -1.852100329713928222e+05
1.565000000000000036e+01 -4.572997842959216796e+05
1.566000000000000014e+01 -5.332415518439596053e+05
1.567250000000000298e+01 -4.171150348560094135e+05
1.568250000000000277e+01 -4.113163973747428390e+05
1.569500000000000028e+01 -4.954127941091573448e+05
1.570500000000000007e+01 -3.655028854988274979e+05
1.571750000000000291e+01 1.278535079775911800e+04
1.572750000000000270e+01 1.780238773980085098e+05
1.574000000000000021e+01 1.664801199736497365e+05
1.575000000000000000e+01 2.418028675813062582e+05
1.576250000000000284e+01 4.369220921421915409e+05
1.577500000000000036e+01 2.197438745252515073e+05
1.578500000000000014e+01 1.609636993872675230e+05
1.579750000000000298e+01 2.668710439752098755e+05
1.580750000000000277e+01 2.353175378556459909e+05
1.582000000000000028e+01 4.867061387150296650e+04
1.583000000000000007e+01 4.094301054227359418e+04
1.584250000000000291e+01 1.773508689394881949e+05
1.585250000000000270e+01 1.131255252865225775e+05
1.586500000000000021e+01 -1.878173383828178048e+05
1.587500000000000000e+01 -3.102399118096420425e+05
1.588750000000000284e+01 -2.789144658635586384e+05
1.590000000000000036e+01 -5.317227293116012588e+05
1.591000000000000014e+01 -5.263588862078989623e+05
1.592250000000000298e+01 -2.568850275294853491e+05
1.593250000000000277e+01 -1.281581405313511350e+05
1.594500000000000028e+01 -1.190326601518640528e+05
1.595500000000000007e+01 8.283009358239994981e+03
1.596750000000000291e+01 2.841824335085406201e+05
1.597750000000000270e+01 3.139150728941355483e+05
1.599000000000000021e+01 1.246872104934611561e+05
1.601249999999999929e+01 6.569583775466066436e+04
1.602500000000000213e+01 2.629288444202074897e+05
1.603500000000000014e+01 3.202297885944053996e+05
1.604749999999999943e+01 2.261220062152172613e+05
1.605749999999999744e+01 2.670886020790935727e+05
1.607000000000000028e+01 4.347938363482769346e+05
1.608000000000000185e+01 3.729595024626840022e+05
1.609249999999999758e+01 6.117156558695453714e+04
1.610249999999999915e+01 -6.775769343180030410e+04
1.611500000000000199e+01 -3.205705062968190759e+04
1.612500000000000000e+01 -9.469752774738981680e+04
1.613749999999999929e+01 -2.692294870424302644e+05
1.615000000000000213e+01 -2.325435375117103467e+04
1.616000000000000014e+01 6.234839076681001461e+04
1.617249999999999943e+01 -8.018004598683400218e+03
1.618249999999999744e+01 4.420701534344162064e+04
1.619500000000000028e+01 2.267436408488924208e+05
1.620500000000000185e+01 1.999789956441329268e+05
1.621749999999999758e+01 -2.099780107432118530e+04
1.622750000000000270e+01 -4.676655522254024254e+04
1.624000000000000199e+01 1.566013589265407063e+05
1.625000000000000000e+01 2.242157304385213356e+05
1.626249999999999929e+01 1.560924660458972794e+05
1.627500000000000213e+01 4.196666115250175935e+05
1.628500000000000014e+01 4.531902566159348935e+05
1.629749999999999943e+01 2.502820079752444872e+05
1.630750000000000099e+01 1.707483192352073675e+05
1.632000000000000028e+01 2.090635665745624574e+05
1.633000000000000185e+01 1.034609442950134253e+05
1.634250000000000114e+01 -1.604115946505543543e+05
1.635250000000000270e+01 -1.845904886223934882e+05
1.636500000000000199e+01 1.611355753279701275e+04
1.637500000000000000e+01 6.708602789891125576e+04
1.638750000000000284e+01 -4.252201582651489298e+04
1.640000000000000213e+01 1.574954194396475214e+05
1.641000000000000014e+01 1.391248199024124478e+05
1.642249999999999943e+01 -9.598406863204450929e+04
1.643250000000000099e+01 -1.514186100520868786e+05
1.644500000000000028e+01 -2.117871701616152495e+04
1.645500000000000185e+01 -2.042711954055553360e+04
1.646750000000000469e+01 -1.409995499196013552e+05
1.647750000000000270e+01 -6.840468213185494824e+04
1.649000000000000199e+01 1.994511476077239495e+05
1.650000000000000000e+01 2.483367074677094060e+05
1.651250000000000284e+01 8.046948248274231446e+04
1.652500000000000213e+01 1.980377875058015343e+05
1.653500000000000014e+01 1.217013130046840670e+05
1.654750000000000298e+01 -1.513928678411279980e+05
1.655750000000000455e+01 -2.035287126801447303e+05
1.657000000000000028e+01 -4.009508144613520562e+04
1.658000000000000185e+01 -6.933731421646494709e+03
1.659250000000000469e+01 -1.068205767635137308e+05
1.660250000000000270e+01 -4.769976470890273777e+04
1.661500000000000199e+01 1.644545836487794295e+05
1.662500000000000000e+01 1.558047059901239991e+05
1.663750000000000284e+01 -7.329522196232208807e+04
1.665000000000000213e+01 2.536216813083038869e+04
1.666000000000000014e+01 -2.193208318853883247e+04
1.667250000000000298e+01 -2.082562023555328778e+05
1.668250000000000455e+01 -1.734712527192838897e+05
1.669500000000000028e+01 8.216190295074552705e+04
1.670500000000000185e+01 1.551036792503781908e+05
1.671750000000000469e+01 4.516555780031414906e+04
1.672750000000000270e+01 5.241559143156419304e+04
1.674000000000000199e+01 1.778857132674512686e+05
1.675000000000000000e+01 1.077324430119675526e+05
1.676250000000000284e+01 -1.641089702206382935e+05
1.677500000000000213e+01 -5.854218138115822512e+04
1.678500000000000014e+01 -6.869014520014033769e+04
1.679750000000000298e+01 -1.938066812110076426e+05
1.680750000000000455e+01 -1.238772059036500577e+05
1.682000000000000028e+01 1.364766623034313088e+05
1.683000000000000185e+01 1.777664069570405991e+05
1.684250000000000469e+01 3.906986894905879126e+03
1.685250000000000270e+01 -3.502919918175843486e+04
1.686500000000000199e+01 6.609850740179473360e+04
1.687500000000000000e+01 1.767569794907349933e+04
1.688750000000000284e+01 -1.695010691493733029e+05
1.690000000000000213e+01 5.175646899394711363e+04
1.691000000000000014e+01 1.191501197160509764e+05
1.692250000000000298e+01 3.286510169134269381e+04
1.693250000000000455e+01 8.106457305981763056e+04
1.694500000000000028e+01 2.599766982701947854e+05
1.695500000000000185e+01 2.152859937173032959e+05
1.696750000000000469e+01 -5.984868783110186632e+04
1.697750000000000270e+01 -1.495814624598709051e+05
1.699000000000000199e+01 -5.741562652752739086e+04
1.701249999999999929e+01 -6.035455596195183170e+04
1.702500000000000213e+01 -1.813803955063584726e+05
1.703500000000000014e+01 -1.317674273086131143e+05
1.704749999999999943e+01 8.469189358225309115e+04
1.705750000000000099e+01 8.493371149702975526e+04
1.707000000000000028e+01 -1.324725362747298204e+05
1.708000000000000185e+01 -1.888152921447148547e+05
1.709250000000000114e+01 -7.564245372788989334e+04
1.710249999999999915e+01 -9.407117238049180014e+04
1.711500000000000199e+01 -2.293972726248211402e+05
1.712500000000000000e+01 -1.529620481146829261e+05
1.713749999999999929e+01 1.457197924348013184e+05
1.715000000000000213e+01 8.132996919536896166e+04
1.716000000000000014e+01 1.272290658345292613e+05
1.717249999999999943e+01 2.926907156990877120e+05
1.718250000000000099e+01 2.387065955586223572e+05
1.719500000000000028e+01 -3.563875366153388313e+04
1.720500000000000185e+01 -1.134730124064804113e+05
1.721750000000000114e+01 -2.331635759205009435e+03
1.722750000000000270e+01 -1.438325581730392514e+04
1.724000000000000199e+01 -1.800228963350960694e+05
1.725000000000000000e+01 -1.650035220112567185e+05
1.726249999999999929e+01 1.944341393689838515e+04
1.727500000000000213e+01 -1.795874793732514372e+05
1.728500000000000014e+01 -2.300832360064850654e+05
1.729749999999999943e+01 -1.404980545296369819e+05
1.730750000000000455e+01 -2.015677369855304132e+05
1.732000000000000028e+01 -4.077272571715896484e+05
1.733000000000000185e+01 -3.778228987891632714e+05
1.734250000000000114e+01 -9.758149079908635758e+04
1.735250000000000270e+01 2.376273747330227707e+04
1.736500000000000199e+01 6.757938765902775231e+03
1.737500000000000000e+01 1.049602795404988574e+05
1.738750000000000284e+01 3.440535041510108276e+05
1.740000000000000213e+01 1.712118293519707222e+05
1.741000000000000014e+01 1.398071746229229902e+05
1.742249999999999943e+01 2.618854648785608879e+05
1.743250000000000455e+01 2.335050906537903938e+05
1.744500000000000384e+01 5.164973951620628941e+04
1.745500000000000185e+01 5.840826535212359886e+04
1.746750000000000469e+01 2.360754575509078568e+05
1.747750000000000270e+01 2.197716741042527719e+05
1.749000000000000199e+01 -1.368867033721135886e+04
1.750000000000000000e+01 -9.943790466630840092e+04
1.751250000000000284e+01 -7.317996516810107278e+04
1.752500000000000213e+01 -3.958174099885408650e+05
1.753500000000000369e+01 -4.836243124389419099e+05
1.754750000000000298e+01 -3.522329148283007671e+05
1.755750000000000455e+01 -3.231685000370035414e+05
1.757000000000000384e+01 -3.974392651989234728e+05
1.758000000000000185e+01 -2.912812491726991138e+05
1.759250000000000469e+01 9.607495180233023348e+03
1.760250000000000270e+01 8.743232203243202821e+04
1.761500000000000199e+01 -2.505094168760607135e+04
1.762500000000000000e+01 3.110585272501931740e+03
1.763750000000000284e+01 2.046929826789468061e+05
1.765000000000000213e+01 7.173496541693559266e+04
1.766000000000000369e+01 1.188418428847869800e+05
1.767250000000000298e+01 3.610141572403534665e+05
1.768250000000000455e+01 4.084347015534688835e+05
1.769500000000000384e+01 2.603528602764376847e+05
1.770500000000000185e+01 2.361478752307805989e+05
1.771750000000000469e+01 3.107007813953214209e+05
1.772750000000000270e+01 1.851960533894949185e+05
1.774000000000000199e+01 -1.772816684283863578e+05
1.775000000000000355e+01 -3.187906445696253213e+05
1.776250000000000284e+01 -2.730437516767074703e+05
1.777500000000000213e+01 -5.017207375291687786e+05
1.778500000000000369e+01 -4.966675049339550897e+05
1.779750000000000298e+01 -2.778969480183447013e+05
1.780750000000000455e+01 -2.340690555792499217e+05
1.782000000000000384e+01 -3.645604599485049257e+05
1.783000000000000185e+01 -3.433825208696403424e+05
1.784250000000000469e+01 -1.456791716673741466e+05
1.785250000000000270e+01 -1.136018532046000328e+05
1.786500000000000199e+01 -2.144615097834520857e+05
1.787500000000000355e+01 -1.230534855789386929e+05
1.788750000000000284e+01 2.004468006910408731e+05
1.790000000000000213e+01 1.865585689016444085e+05
1.791000000000000369e+01 2.908153182549393387e+05
1.792250000000000298e+01 5.351982103667824995e+05
1.793250000000000455e+01 5.345389196931987535e+05
1.794500000000000384e+01 2.899287784941613791e+05
1.795500000000000185e+01 1.947316722953173157e+05
1.796750000000000469e+01 2.287162411467521742e+05
1.797750000000000270e+01 1.266490087419961637e+05
1.799000000000000199e+01 -1.389424353336757049e+05
1.801249999999999929e+01 -2.053800212907933164e+05
1.802500000000000213e+01 -2.640606937215121434e+04
1.803500000000000369e+01 -1.922219760937298634e+04
1.804749999999999943e+01 -2.028752689999665308e+05
1.805750000000000099e+01 -2.214532026540570951e+05
1.807000000000000384e+01 -6.504113038328701805e+04
1.808000000000000185e+01 -5.560123233924291708e+04
1.809250000000000114e+01 -1.735971000178890827e+05
1.810249999999999915e+01 -9.477809414318772906e+04
1.811500000000000199e+01 2.056951587901097373e+05
1.812500000000000355e+01 3.079477741016243817e+05
1.813749999999999929e+01 2.324707695699077740e+05
1.815000000000000213e+01 4.477390762632414699e+05
1.816000000000000369e+01 4.344996101157390513e+05
1.817249999999999943e+01 1.987731158251732995e+05
1.818250000000000099e+01 1.283549597834782326e+05
1.819500000000000384e+01 2.143971437769900658e+05
1.820500000000000185e+01 1.581060946410857723e+05
1.821750000000000114e+01 -6.682527628494129749e+04
1.822750000000000270e+01 -9.367244545219955035e+04
1.824000000000000199e+01 7.878531140471153776e+04
1.825000000000000355e+01 8.319463165393832605e+04
1.826249999999999929e+01 -1.026326547198941407e+05
1.827500000000000213e+01 3.741066153776204010e+04
1.828500000000000369e+01 1.396355628540371436e+04
1.829750000000000298e+01 -1.617653626749368559e+05
1.830750000000000455e+01 -1.292355087170636980e+05
1.832000000000000384e+01 1.242295757572499133e+05
1.833000000000000185e+01 2.094031541486586211e+05
1.834250000000000114e+01 1.461433190733348019e+05
1.835250000000000270e+01 2.160007444635854336e+05
1.836500000000000199e+01 4.325138602564665489e+05
1.837500000000000355e+01 4.272111816852266784e+05
1.838750000000000284e+01 2.034486677174344077e+05
1.840000000000000213e+01 2.991592548728434485e+05
1.841000000000000369e+01 2.303615046419696882e+05
1.842250000000000298e+01 -2.245495699621575841e+04
1.843250000000000455e+01 -7.202701810692195431e+04
1.844500000000000384e+01 5.225814827076940855e+04
1.845500000000000185e+01 1.039576273327813033e+04
1.846750000000000469e+01 -2.229520596189333883e+05
1.847750000000000270e+01 -2.757316840884499834e+05
1.849000000000000199e+01 -1.672168499419420550e+05
1.850000000000000355e+01 -2.024564175643736671e+05
1.851250000000000639e+01 -3.781034038667174755e+05
1.852500000000000213e+01 -1.490265268729236850e+05
1.853500000000000369e+01 -7.064681992777979758e+04
1.854750000000000654e+01 -1.226840133222985314e+05
1.855750000000000455e+01 -2.128311654970860400e+04
1.857000000000000384e+01 2.610974057167255669e+05
1.858000000000000185e+01 3.198946162379045854e+05
1.859250000000000469e+01 1.797332093205525016e+05
1.860250000000000270e+01 1.812042935017727723e+05
1.861500000000000199e+01 3.305097223700018949e+05
1.862500000000000355e+01 3.045825511376553332e+05
1.863750000000000639e+01 1.006529993218520831e+05
1.865000000000000213e+01 2.402811991712846502e+05
1.866000000000000369e+01 2.044289920741407259e+05
1.867250000000000654e+01 -3.570570041190086340e+04
1.868250000000000455e+01 -1.138080198303829093e+05
1.869500000000000384e+01 -6.233613964722640958e+04
1.870500000000000185e+01 -1.663055078553080966e+05
1.871750000000000469e+01 -4.487659736728455755e+05
1.872750000000000625e+01 -4.995843066618682933e+05
1.874000000000000199e+01 -3.280089585461157840e+05
1.875000000000000355e+01 -2.815673774619800388e+05
1.876250000000000639e+01 -3.539316286206417135e+05
1.877500000000000213e+01 -5.258618684743165068e+04
1.878500000000000369e+01 5.025822854405479302e+04
1.879750000000000654e+01 -9.715864335826321621e+03
1.880750000000000455e+01 6.165034255855961237e+04
1.882000000000000384e+01 3.015138102159917471e+05
1.883000000000000185e+01 3.432022812731113518e+05
1.884250000000000469e+01 2.133309538250634796e+05
1.885250000000000625e+01 2.441958332109231560e+05
1.886500000000000199e+01 4.452491204353172798e+05
1.887500000000000355e+01 4.484038490723551949e+05
1.888750000000000639e+01 2.387969333939971111e+05
1.890000000000000213e+01 3.177183651127414196e+05
1.891000000000000369e+01 2.023103869376121438e+05
1.892250000000000654e+01 -1.466792836647946388e+05
1.893250000000000455e+01 -2.870577700169640011e+05
1.894500000000000384e+01 -2.577146930613184813e+05
1.895500000000000185e+01 -3.301157491020215093e+05
1.896750000000000469e+01 -5.303425845444411971e+05
1.897750000000000625e+01 -5.075218664453722886e+05
1.899000000000000199e+01 -2.687660113735886407e+05
1.901249999999999929e+01 -1.301948790058756567e+05
1.902499999999999858e+01 -2.198119825038562412e+05
1.903500000000000014e+01 -1.582849018960772082e+05
1.904749999999999943e+01 9.209789413867282565e+04
1.905749999999999744e+01 1.616092644579862244e+05
1.907000000000000028e+01 9.181627689358794305e+04
1.907999999999999829e+01 1.894451264289878891e+05
1.909249999999999758e+01 4.841606862054308294e+05
1.910249999999999915e+01 5.587789379948469577e+05
1.911499999999999844e+01 4.230640857484710286e+05
1.912500000000000000e+01 3.955180941822647583e+05
1.913749999999999929e+01 4.663209566882397630e+05
1.914999999999999858e+01 1.376519299366690102e+05
1.916000000000000014e+01 1.364100192226844001e+03
1.917249999999999943e+01 2.025402406538558716e+04
1.918249999999999744e+01 -7.197490120942598151e+04
1.919500000000000028e+01 -3.127555340637270710e+05
1.920499999999999829e+01 -3.376337483734301059e+05
1.921749999999999758e+01 -1.718154436668059207e+05
1.922750000000000270e+01 -1.683780356346903136e+05
1.923999999999999844e+01 -3.316315930861940142e+05
1.925000000000000000e+01 -3.174854856951325200e+05
1.926249999999999929e+01 -1.128321195700107492e+05
1.927500000000000213e+01 -2.359180702480268956e+05
1.928500000000000014e+01 -1.683716349033330625e+05
1.929749999999999943e+01 1.250955916932223190e+05
1.930750000000000099e+01 2.364043257101856580e+05
1.932000000000000028e+01 1.955705908699612773e+05
1.932999999999999829e+01 2.750478969358653412e+05
1.934249999999999758e+01 4.891474078197400086e+05
1.935250000000000270e+01 4.699475849725046428e+05
1.936500000000000199e+01 2.163309329712595209e+05
1.937500000000000000e+01 1.291705614871090220e+05
1.938750000000000284e+01 1.955690159941875027e+05
1.940000000000000213e+01 -6.671485550641822920e+04
1.941000000000000014e+01 -1.218672327698564332e+05
1.942249999999999943e+01 -3.583495776046484025e+03
1.943250000000000099e+01 -4.361509462710183288e+04
1.944500000000000028e+01 -2.721038484379919246e+05
1.945499999999999829e+01 -3.204043266721713590e+05
1.946750000000000114e+01 -2.031940933856643969e+05
1.947750000000000270e+01 -2.347534176610437280e+05
1.949000000000000199e+01 -4.147445965781238046e+05
1.950000000000000000e+01 -3.846461611941494630e+05
1.951250000000000284e+01 -1.269333933905315207e+05
1.952500000000000213e+01 -1.793305417879848101e+05
1.953500000000000014e+01 -7.355480129486306396e+04
1.954750000000000298e+01 2.212020419814190245e+05
1.955750000000000099e+01 2.953386240103692980e+05
1.957000000000000028e+01 1.734592460737486836e+05
1.958000000000000185e+01 1.805075684853207786e+05
1.959250000000000114e+01 3.341861464731523884e+05
1.960250000000000270e+01 3.095854915234193904e+05
1.961500000000000199e+01 1.083577893096066691e+05
1.962500000000000000e+01 9.019279589116822171e+04
1.963750000000000284e+01 2.408642927164549183e+05
1.965000000000000213e+01 2.925854875060205086e+04
1.966000000000000014e+01 -2.061723949431909932e+04
1.967250000000000298e+01 7.010133966069182497e+04
1.968250000000000099e+01 -5.694481855880570038e+03
1.969500000000000028e+01 -2.690924952257734840e+05
1.970500000000000185e+01 -3.220084556430746452e+05
1.971750000000000114e+01 -1.763361237849929603e+05
1.972750000000000270e+01 -1.674362553159165254e+05
1.974000000000000199e+01 -2.981649915008724784e+05
1.975000000000000000e+01 -2.493938571797265031e+05
1.976250000000000284e+01 -1.468304653928869993e+04
1.977500000000000213e+01 -1.403971091375133838e+05
1.978500000000000014e+01 -1.146503860546954675e+05
1.979750000000000298e+01 7.542319393907053745e+04
1.980750000000000099e+01 8.304469137168988527e+04
1.982000000000000028e+01 -7.896391132531002222e+04
1.983000000000000185e+01 -5.982397114094802237e+04
1.984250000000000114e+01 1.530168077576482901e+05
1.985250000000000270e+01 1.890680766557887546e+05
1.986500000000000199e+01 5.164982161362138140e+04
1.987500000000000000e+01 6.149774519477302238e+04
1.988750000000000284e+01 2.193841596907059720e+05
1.990000000000000213e+01 -1.024470572969895102e+03
1.991000000000000014e+01 -4.544808537745861395e+04
1.992250000000000298e+01 8.269894070391450077e+04
1.993250000000000099e+01 6.361941882073019951e+04
1.994500000000000028e+01 -1.073557016526769439e+05
1.995500000000000185e+01 -9.051147297507424082e+04
1.996750000000000114e+01 1.089232964805750671e+05
1.997750000000000270e+01 1.228777133707391040e+05
1.999000000000000199e+01 -5.062977282774796186e+04
