0.000000000000000000e+00 0.000000000000000000e+00
1.250000000000000069e-02 -1.047503925576260779e+06
2.500000000000000139e-02 -2.067568794653116493e+06
3.500000000000000333e-02 -2.894192714090330992e+06
4.750000000000000056e-02 -3.782142034341508057e+06
5.750000000000000250e-02 -4.095975591879259795e+06
7.000000000000002054e-02 -4.086275813025210984e+06
8.000000000000004330e-02 -4.206898689026603475e+06
9.250000000000008216e-02 -4.685329080943466164e+06
1.025000000000001049e-01 -5.113052035973425023e+06
1.150000000000001438e-01 -5.548239538132335059e+06
1.250000000000001665e-01 -6.020315393471781164e+06
1.375000000000002054e-01 -6.635290152013603598e+06
1.500000000000002442e-01 -6.568640165920954198e+06
1.600000000000002531e-01 -6.308469275009083562e+06
1.725000000000002920e-01 -5.728453470170361921e+06
1.825000000000003286e-01 -4.951035790138947777e+06
1.950000000000003397e-01 -3.768698674770460930e+06
2.050000000000003764e-01 -3.042716477308002766e+06
2.175000000000004152e-01 -2.444782488776407205e+06
2.275000000000004241e-01 -1.927774924460988492e+06
2.400000000000004630e-01 -1.981817303902998567e+06
2.500000000000004996e-01 -2.401872617270977702e+06
2.625000000000005107e-01 -2.616824541448027361e+06
2.750000000000005773e-01 -1.916057474106992828e+06
2.850000000000005862e-01 -1.238499121589007787e+06
2.975000000000005973e-01 -5.104968667585964431e+05
3.075000000000006617e-01 7.190207904730985319e+03
3.200000000000006728e-01 2.714210973359855125e+05
3.300000000000006817e-01 -1.543993914388738049e+05
3.425000000000007483e-01 -1.180520145154415863e+06
3.525000000000007572e-01 -1.851534789024859201e+06
3.650000000000007683e-01 -2.337089254514209926e+06
3.750000000000008327e-01 -2.557182796407425310e+06
3.875000000000008438e-01 -2.425553754831100814e+06
4.000000000000009104e-01 -1.495065684776646551e+06
4.100000000000009193e-01 -8.750281319243538892e+05
4.225000000000009304e-01 -6.074398414474909659e+05
4.325000000000009948e-01 -6.490412573538428405e+05
4.450000000000010059e-01 -9.217979051413253183e+05
4.550000000000010147e-01 -1.450961070029196097e+06
4.675000000000010814e-01 -2.237082763646889012e+06
4.775000000000010902e-01 -2.437320818830182776e+06
4.900000000000010458e-01 -1.930538628557526739e+06
5.000000000000011102e-01 -1.332694377084576758e+06
5.125000000000011768e-01 -7.139145344790588133e+05
5.250000000000011324e-01 3.450666046930749144e+04
5.350000000000011413e-01 2.230061214167737635e+05
5.475000000000012079e-01 -1.246769109590849403e+05
5.575000000000012168e-01 -5.391775812440600712e+05
5.700000000000012834e-01 -9.752781670426517958e+05
5.800000000000012923e-01 -1.308031916411946295e+06
5.925000000000013589e-01 -1.555747675954566803e+06
6.025000000000013678e-01 -1.356886859998016618e+06
6.150000000000014344e-01 -6.815770190280046081e+05
6.250000000000014433e-01 -2.417361177390877856e+05
6.375000000000015099e-01 -1.015580477611571550e+05
6.500000000000014655e-01 -6.224225729920939921e+04
6.600000000000014744e-01 -4.448965423213745235e+05
6.725000000000015410e-01 -1.183199318411200307e+06
6.825000000000015499e-01 -1.487900692828887841e+06
6.950000000000016165e-01 -1.345479843871837249e+06
7.050000000000016254e-01 -1.067783646205442259e+06
7.175000000000016920e-01 -6.266864836286890786e+05
7.275000000000017009e-01 -1.199558265254395810e+05
7.400000000000017675e-01 4.361708495922996080e+05
7.500000000000017764e-01 4.661513424890273600e+05
7.625000000000017319e-01 2.285453827064867073e+04
7.750000000000017986e-01 -2.577896389019220660e+05
7.850000000000018074e-01 -5.792023324384472799e+05
7.975000000000018741e-01 -9.086001597057068720e+05
8.075000000000018829e-01 -7.627498042688932037e+05
8.200000000000019496e-01 -1.184766084054664243e+05
8.300000000000019584e-01 3.302243236161122331e+05
8.425000000000020250e-01 5.724007514253174886e+05
8.525000000000020339e-01 6.447051901476924540e+05
8.650000000000021005e-01 4.731720989873171784e+05
8.750000000000021094e-01 -7.851866472190314380e+04
8.875000000000020650e-01 -9.784130118854967877e+05
9.000000000000021316e-01 -1.207993987114344491e+06
9.100000000000021405e-01 -1.159459557769445237e+06
9.225000000000022071e-01 -8.296393515546231065e+05
9.325000000000022160e-01 -2.167586685135933803e+05
9.450000000000022826e-01 6.831976196291666711e+05
9.550000000000022915e-01 1.001045566505657393e+06
9.675000000000023581e-01 7.374088063827714650e+05
9.775000000000022560e-01 3.409466597868688405e+05
9.900000000000017675e-01 -1.365136097326967574e+05
1.012499999999999956e+00 -7.864668181219933322e+05
1.025000000000000133e+00 -7.728128929140674882e+05
1.035000000000000142e+00 -2.925186540213295375e+05
1.047500000000000098e+00 6.664438666461030953e+05
1.057500000000000107e+00 1.193331708384789526e+06
1.070000000000000062e+00 1.272654830073317746e+06
1.080000000000000071e+00 1.062936868951478973e+06
1.092500000000000249e+00 5.198810586042989744e+05
1.102500000000000258e+00 -2.269684787012258312e+05
1.115000000000000213e+00 -1.156497187340736389e+06
1.125000000000000222e+00 -1.357819546892839950e+06
1.137500000000000178e+00 -8.417310874600523384e+05
1.150000000000000133e+00 -2.309828932202530559e+05
1.160000000000000142e+00 4.554196086851627333e+05
1.172500000000000320e+00 1.225982494719291804e+06
1.182500000000000329e+00 1.309257235492172884e+06
1.195000000000000284e+00 6.918806634049422573e+05
1.205000000000000293e+00 5.713825063950513140e+04
1.217500000000000471e+00 -5.403383437479254790e+05
1.227500000000000480e+00 -8.793910440818154020e+05
1.240000000000000435e+00 -9.534534274197133491e+05
1.250000000000000444e+00 -4.647944827354959561e+05
1.262500000000000622e+00 6.370941519128249492e+05
1.275000000000000577e+00 1.351249615975957597e+06
1.285000000000000586e+00 1.736190186985284323e+06
1.297500000000000764e+00 1.778867457484607585e+06
1.307500000000000773e+00 1.234464743225865532e+06
1.320000000000000728e+00 1.058784011238867388e+05
1.330000000000000737e+00 -6.003133511717112269e+05
1.342500000000000915e+00 -8.820882033548873151e+05
1.352500000000000924e+00 -7.488303646994406590e+05
1.365000000000000657e+00 -2.173489874992860714e+05
1.375000000000000888e+00 5.134767522304129670e+05
1.387500000000000844e+00 1.401305143674982246e+06
1.400000000000000799e+00 1.421508055107389577e+06
1.410000000000000808e+00 1.131619298584839562e+06
1.422500000000000986e+00 5.252748586312026018e+05
1.432500000000000995e+00 -1.835223321102395712e+05
1.445000000000000950e+00 -9.632134388027754612e+05
1.455000000000000959e+00 -1.023669722984230029e+06
1.467500000000001137e+00 -3.688081703265574761e+05
1.477500000000001146e+00 3.091340141895779525e+05
1.490000000000001101e+00 1.027120249988455791e+06
1.500000000000001110e+00 1.518670940895675449e+06
1.512500000000001288e+00 1.782535416683806339e+06
1.525000000000001243e+00 1.096024768860164331e+06
1.535000000000001252e+00 4.317389122672209633e+05
1.547500000000001208e+00 -1.610545713324691751e+05
1.557500000000001217e+00 -4.733595000047874637e+05
1.570000000000001394e+00 -5.067436263726870529e+05
1.580000000000001403e+00 -1.874480339681139230e+04
1.592500000000001359e+00 9.785073450246975990e+05
1.602500000000001590e+00 1.530916043047655141e+06
1.615000000000001323e+00 1.596290680262845475e+06
1.625000000000001332e+00 1.356269576446194900e+06
1.637500000000001288e+00 8.275565203255409142e+05
1.650000000000001465e+00 -1.670316888635135256e+05
1.660000000000001474e+00 -6.420457292921415064e+05
1.672500000000001652e+00 -6.072487867684927769e+05
1.682500000000001661e+00 -3.087879092701538466e+05
1.695000000000001616e+00 2.443794843101268052e+05
1.705000000000001625e+00 8.722457153003105195e+05
1.717500000000001581e+00 1.581164306678563356e+06
1.727500000000001590e+00 1.659888341326204594e+06
1.740000000000001767e+00 1.116585266473669792e+06
1.750000000000001776e+00 5.666669734223071719e+05
1.762500000000001954e+00 3.450181827072087617e+04
1.775000000000001910e+00 -5.103377228774628020e+05
1.785000000000001918e+00 -4.245061269450871041e+05
1.797500000000001874e+00 2.856555270192137104e+05
1.807500000000001883e+00 8.829676017039148137e+05
1.820000000000002061e+00 1.360151101924471557e+06
1.830000000000002069e+00 1.603378253919651266e+06
1.842500000000002025e+00 1.607076510450647213e+06
1.852500000000002256e+00 1.157439051822404377e+06
1.865000000000001990e+00 2.895114693536257837e+05
1.875000000000001998e+00 -1.404366067051437858e+05
1.887500000000001954e+00 -1.411861550061898888e+05
1.900000000000002132e+00 -4.226087628946345649e+04
1.910000000000002141e+00 4.124732499132519588e+05
1.922500000000002318e+00 1.191653150020080153e+06
1.932500000000002327e+00 1.492281604496693471e+06
1.945000000000002283e+00 1.296483602522007655e+06
1.955000000000002292e+00 9.682373595902243396e+05
1.967500000000002247e+00 5.095081912924750359e+05
1.977500000000002256e+00 1.917156061169632449e+04
1.990000000000001767e+00 -4.987762814437606139e+05
2.012500000000000178e+00 -1.576997431943652919e+05
2.024999999999999911e+00 5.931789767866824986e+05
2.034999999999999698e+00 1.023509816145703197e+06
2.047499999999999876e+00 1.107933737596045248e+06
2.057499999999999662e+00 1.001567986994309933e+06
2.070000000000000284e+00 6.965535333777011838e+05
2.080000000000000071e+00 1.884749400549525162e+05
2.092500000000000249e+00 -4.977742394529738231e+05
2.102500000000000036e+00 -6.470506366017102264e+05
2.115000000000000213e+00 -2.529817017414038710e+05
2.125000000000000000e+00 1.795941322604143061e+05
2.137500000000000178e+00 6.463652525051283883e+05
2.150000000000000355e+00 1.274842935005003121e+06
2.160000000000000586e+00 1.347588844167491421e+06
2.172500000000000320e+00 8.733294867623598548e+05
2.182500000000000551e+00 4.274567847761188750e+05
2.195000000000000284e+00 3.746189999921472918e+04
2.205000000000000515e+00 -2.430576218024767586e+05
2.217500000000000249e+00 -4.019463746174041298e+05
2.227500000000000480e+00 -9.896933090751497366e+04
2.240000000000000657e+00 6.508256529203610262e+05
2.250000000000000888e+00 1.072590848885824438e+06
2.262500000000000622e+00 1.132107581340503879e+06
2.275000000000000355e+00 1.101861580756546464e+06
2.285000000000000586e+00 6.852734521282449132e+05
2.297500000000000320e+00 -1.053625973655768321e+05
2.307500000000000551e+00 -4.739181177570326836e+05
2.320000000000000728e+00 -4.070530211023039883e+05
2.330000000000000959e+00 -1.699859899331921770e+05
2.342500000000000693e+00 2.375646474516427552e+05
2.352500000000000924e+00 7.443788350969197927e+05
2.365000000000000657e+00 1.337745685142148286e+06
2.375000000000000888e+00 1.361464121691706125e+06
2.387500000000000622e+00 8.122481541264530970e+05
2.400000000000001243e+00 3.489808018757255049e+05
2.410000000000001030e+00 -1.320981760001656949e+05
2.422500000000001208e+00 -6.000035289404399227e+05
2.432500000000000995e+00 -4.829285198236775468e+05
2.445000000000001172e+00 2.275350652415731747e+05
2.455000000000000959e+00 7.964883439484388800e+05
2.467500000000001137e+00 1.196101246239140397e+06
2.477500000000000924e+00 1.350927960209135432e+06
2.490000000000001101e+00 1.237208584954905091e+06
2.500000000000001332e+00 7.082733257111582207e+05
2.512500000000001066e+00 -2.325459036607700691e+05
2.525000000000001243e+00 -5.982422086250743596e+05
2.535000000000001030e+00 -6.921119596599224024e+05
2.547500000000001208e+00 -5.095429594274265110e+05
2.557500000000000995e+00 4.727274690997259313e+04
2.570000000000001172e+00 9.746641919644809095e+05
2.580000000000001403e+00 1.393268426037625875e+06
2.592500000000001581e+00 1.302250986534863710e+06
2.602500000000001368e+00 9.912409929115416016e+05
2.615000000000001545e+00 4.693244480346658383e+05
2.625000000000001332e+00 -1.076219695432783628e+05
2.637500000000001510e+00 -7.064101323678554036e+05
2.650000000000001243e+00 -4.254357443936557393e+05
2.660000000000001918e+00 2.344938285382839240e+04
2.672500000000001652e+00 6.321518901109691942e+05
2.682500000000001883e+00 1.176098436532788677e+06
2.695000000000001616e+00 1.625404619987497805e+06
2.705000000000001847e+00 1.416790244800130371e+06
2.717500000000001581e+00 5.225405297868181951e+05
2.727500000000001812e+00 -2.112945982381674403e+05
2.740000000000001990e+00 -7.813881789937604917e+05
2.750000000000001776e+00 -1.021257151191988029e+06
2.762500000000001954e+00 -9.579818585137968184e+05
2.775000000000001688e+00 -9.495328402123929118e+04
2.785000000000001918e+00 5.543996777509060921e+05
2.797500000000001652e+00 9.735291737365395529e+05
2.807500000000001883e+00 1.085467666184549453e+06
2.820000000000002061e+00 8.805200232816076605e+05
2.830000000000001847e+00 2.837988562471706537e+05
2.842500000000002025e+00 -6.862003324517519213e+05
2.852500000000002256e+00 -1.101647835509557044e+06
2.865000000000001990e+00 -9.333778087319049519e+05
2.875000000000002220e+00 -5.080151861338018207e+05
2.887500000000001954e+00 1.892336328820373747e+05
2.900000000000002576e+00 1.215656966480047209e+06
2.910000000000001918e+00 1.603327197101096855e+06
2.922500000000002540e+00 1.347118654692272656e+06
2.932500000000002327e+00 8.586507484519949649e+05
2.945000000000002505e+00 1.448079621170062455e+05
2.955000000000002292e+00 -5.155207935933803674e+05
2.967500000000002469e+00 -1.121184239857743494e+06
2.977500000000002256e+00 -1.039799505911480752e+06
2.990000000000001990e+00 -2.918288275642250082e+05
3.012500000000000178e+00 9.396054492646675790e+05
3.024999999999999911e+00 1.141194761308848858e+06
3.035000000000000142e+00 1.047379761974264053e+06
3.047499999999999876e+00 6.658765818363248836e+05
3.057500000000000107e+00 4.761698932017535844e+04
3.070000000000000284e+00 -7.859061292219660245e+05
3.080000000000000071e+00 -1.007880828800913179e+06
3.092500000000000249e+00 -6.011349302001632750e+05
3.102500000000000036e+00 -7.259905709537639632e+04
3.115000000000000213e+00 5.701522587203936419e+05
3.125000000000000000e+00 1.081695169890150428e+06
3.137500000000000178e+00 1.436238685339929536e+06
3.150000000000000355e+00 8.559100921104750596e+05
3.160000000000000586e+00 2.372383549605535809e+05
3.172500000000000320e+00 -4.185813399242543965e+05
3.182500000000000551e+00 -8.806615321309346473e+05
3.195000000000000284e+00 -1.164968565826387145e+06
3.205000000000000515e+00 -8.763289778091063490e+05
3.217500000000000249e+00 -4.738811357271011366e+04
3.227500000000000480e+00 4.853502907026417670e+05
3.240000000000000657e+00 6.991721626474788645e+05
3.250000000000000888e+00 6.653854417886225274e+05
3.262500000000000622e+00 3.916836093139512814e+05
3.275000000000000355e+00 -4.523149470477316645e+05
3.285000000000000586e+00 -9.174470162535206182e+05
3.297500000000000320e+00 -9.789769780879672617e+05
3.307500000000000551e+00 -8.016649274163922528e+05
3.320000000000000728e+00 -3.731331144692769740e+05
3.330000000000000959e+00 2.268423489115391567e+05
3.342500000000000693e+00 9.983603755605156766e+05
3.352500000000000924e+00 1.165130873454619432e+06
3.365000000000000657e+00 7.307645133298134897e+05
3.375000000000000888e+00 2.327078129834350839e+05
3.387500000000000622e+00 -3.197729622658031876e+05
3.400000000000001243e+00 -1.008778576641598251e+06
3.410000000000001030e+00 -1.102933705444033025e+06
3.422500000000001208e+00 -6.408652306146245683e+05
3.432500000000000995e+00 -2.122009190205291088e+05
3.445000000000001172e+00 1.360391346925119287e+05
3.455000000000000959e+00 3.600021868774827453e+05
3.467500000000001137e+00 4.464936479759144713e+05
3.477500000000000924e+00 1.107710915256211883e+05
3.490000000000001101e+00 -6.254393269708210137e+05
3.500000000000001332e+00 -9.934104043783907546e+05
3.512500000000001510e+00 -9.509780565072183963e+05
3.525000000000001243e+00 -8.041454811943429522e+05
3.535000000000001030e+00 -3.003336513100137818e+05
3.547500000000001208e+00 5.740847903604103485e+05
3.557500000000000995e+00 9.871131976232625311e+05
3.570000000000001172e+00 9.425613627003695583e+05
3.580000000000001403e+00 7.014894262448755326e+05
3.592500000000001581e+00 2.810343856434773770e+05
3.602500000000001368e+00 -2.333639846190479002e+05
3.615000000000001545e+00 -8.331307758763897000e+05
3.625000000000001332e+00 -8.720218235584795475e+05
3.637500000000001510e+00 -3.778296546868091100e+05
3.650000000000001243e+00 -3.229139866853291096e+04
3.660000000000001918e+00 3.225762703760095756e+05
3.672500000000001652e+00 6.340399662164866459e+05
3.682500000000001883e+00 4.177536385804203455e+05
3.695000000000001616e+00 -3.538852540997139877e+05
3.705000000000001847e+00 -9.120055536860324210e+05
3.717500000000001581e+00 -1.241531466879246989e+06
3.727500000000001812e+00 -1.322433510203402024e+06
3.740000000000001990e+00 -1.135207559028638992e+06
3.750000000000001776e+00 -5.677319745831803884e+05
3.762500000000001954e+00 3.989581921277418151e+05
3.775000000000001688e+00 7.626748426903182408e+05
3.785000000000001918e+00 8.513054091842678608e+05
3.797500000000001652e+00 7.010023539609179134e+05
3.807500000000001883e+00 2.203511230178028636e+05
3.820000000000002061e+00 -5.554842019667979330e+05
3.830000000000001847e+00 -8.312968131639879430e+05
3.842500000000002025e+00 -5.944550981179571245e+05
3.852500000000002256e+00 -2.479043758204904152e+05
3.865000000000001990e+00 1.735797312770932331e+05
3.875000000000002220e+00 5.686748290283671813e+05
3.887500000000001954e+00 8.873603332541895797e+05
3.900000000000002576e+00 3.565317818042465369e+05
3.910000000000001918e+00 -2.142009880268337729e+05
3.922500000000002540e+00 -8.426238890119764255e+05
3.932500000000001883e+00 -1.322160861352770356e+06
3.945000000000002505e+00 -1.654432885281999363e+06
3.955000000000001847e+00 -1.374336298641024157e+06
3.967500000000002469e+00 -4.808905473740765010e+05
3.977500000000001812e+00 1.807241322281829489e+05
3.990000000000002434e+00 6.178605303210510174e+05
4.012500000000000178e+00 5.279869030294880504e+05
4.025000000000000355e+00 7.386696280188381206e+04
4.035000000000000142e+00 -4.910924454512459342e+05
4.047500000000000320e+00 -1.131278049315593438e+06
4.057500000000000107e+00 -1.148417761867940426e+06
4.069999999999999396e+00 -5.249848919843832264e+05
4.080000000000000071e+00 6.759093768383016868e+04
4.092499999999999361e+00 6.032224359155474231e+05
4.102500000000000036e+00 9.110777150198137388e+05
4.115000000000000213e+00 9.585906777877607383e+05
4.125000000000000000e+00 4.665097962533984683e+05
4.137500000000000178e+00 -5.826706153297892306e+05
4.150000000000000355e+00 -1.200018376084613381e+06
4.160000000000000142e+00 -1.519414155085268430e+06
4.172500000000000320e+00 -1.543288034841568442e+06
4.182500000000000107e+00 -1.034106058620321797e+06
4.195000000000001172e+00 2.800218160553031794e+03
4.205000000000000071e+00 6.103776726409952389e+05
4.217500000000001137e+00 7.961520592460605549e+05
4.227500000000000036e+00 6.724505647120854119e+05
4.240000000000001101e+00 2.726325396653395146e+05
4.250000000000000000e+00 -3.111821871761758812e+05
4.262500000000001066e+00 -1.031832223738822038e+06
4.275000000000001243e+00 -9.266042641105193179e+05
4.285000000000001030e+00 -5.952204704209465999e+05
4.297500000000001208e+00 -3.715794825038171984e+04
4.307500000000000995e+00 5.718912979668022599e+05
4.320000000000001172e+00 1.211354655805768212e+06
4.330000000000000071e+00 1.192584326780166244e+06
4.342500000000001137e+00 4.941288131338512176e+05
4.352500000000000036e+00 -1.819090098444928008e+05
4.365000000000001101e+00 -8.568105910669618752e+05
4.375000000000000888e+00 -1.290395870162864681e+06
4.387500000000001066e+00 -1.498803834595233900e+06
4.400000000000001243e+00 -8.228313606859110296e+05
4.410000000000001030e+00 -2.044166316206028569e+05
4.422500000000001208e+00 3.399661926227994845e+05
4.432500000000000995e+00 6.394156253754735226e+05
4.445000000000001172e+00 6.960353459419674473e+05
4.455000000000001847e+00 2.554810192970009521e+05
4.467500000000001137e+00 -6.508008071010542335e+05
4.477500000000001812e+00 -1.123283140110209817e+06
4.490000000000001101e+00 -1.136801105557180475e+06
4.500000000000001776e+00 -8.963033749089877820e+05
4.512500000000001066e+00 -3.920866843407129636e+05
4.525000000000001243e+00 5.667827918583634309e+05
4.535000000000001030e+00 1.017980063706564950e+06
4.547500000000001208e+00 9.563896828619731823e+05
4.557500000000001883e+00 6.631227164410424884e+05
4.570000000000001172e+00 1.501907050834624388e+05
4.580000000000001847e+00 -4.411673993733620737e+05
4.592500000000001137e+00 -1.110403605918141082e+06
4.602500000000001812e+00 -1.160822752208419610e+06
4.615000000000001101e+00 -6.039722394493571483e+05
4.625000000000001776e+00 -6.994619209039642010e+04
4.637500000000001954e+00 4.269728775183495600e+05
4.650000000000001243e+00 9.593849113726355135e+05
4.660000000000001918e+00 8.982702761190657038e+05
4.672500000000001208e+00 2.495409072357385885e+05
4.682500000000001883e+00 -2.799693435226322035e+05
4.695000000000001172e+00 -6.590898233486638637e+05
4.705000000000001847e+00 -8.381706007966921898e+05
4.717500000000002025e+00 -8.112141452999222092e+05
4.727500000000001812e+00 -3.856861140304710134e+05
4.740000000000001990e+00 4.156336437196659972e+05
4.750000000000001776e+00 7.901783590713819722e+05
4.762500000000001954e+00 7.157285965422621230e+05
4.775000000000001243e+00 5.312913113636212656e+05
4.785000000000001918e+00 2.573989500208963000e+04
4.797500000000002096e+00 -7.936269078198159114e+05
4.807500000000001883e+00 -1.125062082830955507e+06
4.820000000000002061e+00 -9.613980171209499240e+05
4.830000000000001847e+00 -6.416185720882833702e+05
4.842500000000002025e+00 -1.716015322136355098e+05
4.852500000000001812e+00 3.370212284485046403e+05
4.865000000000001990e+00 8.808509120255821617e+05
4.875000000000002665e+00 8.467200689510633238e+05
4.887500000000001954e+00 2.516941132541984553e+05
4.900000000000002132e+00 -1.877500886201295652e+05
4.910000000000001918e+00 -5.848412004334594822e+05
4.922500000000002096e+00 -9.068244741819715127e+05
4.932500000000001883e+00 -6.891964030789766693e+05
4.945000000000002061e+00 6.655131836300969007e+04
4.955000000000002736e+00 5.911972351890030550e+05
4.967500000000002025e+00 8.535666723484694958e+05
4.977500000000002700e+00 8.788752619069403736e+05
4.990000000000001101e+00 6.436652374034296954e+05
5.012500000000000178e+00 -5.024509038954115240e+05
5.025000000000000355e+00 -1.177793670437014662e+06
5.035000000000000142e+00 -1.250515963564541424e+06
5.047500000000000320e+00 -7.206831667294137878e+05
5.057500000000000107e+00 -1.987994540386072185e+05
5.070000000000000284e+00 2.944195841247347416e+05
5.080000000000000071e+00 6.292687762528489111e+05
5.092499999999999361e+00 7.978669228397492552e+05
5.102500000000000036e+00 4.635217574395241681e+05
5.115000000000000213e+00 -3.455763452155060950e+05
5.125000000000000000e+00 -8.027911990598370321e+05
5.137500000000000178e+00 -8.667677908442484913e+05
5.150000000000000355e+00 -7.670010165591264376e+05
5.160000000000000142e+00 -2.427249483342157328e+05
5.172500000000000320e+00 7.092624766868610168e+05
5.182500000000000107e+00 1.182829587332562776e+06
5.195000000000001172e+00 1.168214519629209070e+06
5.205000000000000071e+00 8.895516605497766286e+05
5.217500000000001137e+00 3.372602920805964968e+05
5.227500000000000036e+00 -3.331620579066270147e+05
5.240000000000001101e+00 -1.126924968373476993e+06
5.250000000000000000e+00 -1.268751961077094544e+06
5.262500000000001066e+00 -7.730735608976177173e+05
5.275000000000001243e+00 -2.460271688903041941e+05
5.285000000000001030e+00 3.424744102636481402e+05
5.297500000000001208e+00 9.668166292894205544e+05
5.307500000000000995e+00 9.523494448695944156e+05
5.320000000000001172e+00 2.971745146059826948e+05
5.330000000000000959e+00 -3.095608585776886903e+05
5.342500000000001137e+00 -8.359554389677633299e+05
5.352500000000000924e+00 -1.106662057586170034e+06
5.365000000000001101e+00 -1.089403505587573629e+06
5.375000000000000888e+00 -5.538475529652116820e+05
5.387500000000001066e+00 5.129533598526018322e+05
5.400000000000001243e+00 1.081256354884126922e+06
5.410000000000001030e+00 1.323505289752342273e+06
5.422500000000001208e+00 1.242341804826518754e+06
5.432500000000000995e+00 6.711166491555632092e+05
5.445000000000001172e+00 -3.813461501521423925e+05
5.455000000000001847e+00 -9.447709990999468137e+05
5.467500000000001137e+00 -1.029435174079644610e+06
5.477500000000001812e+00 -8.188768960750073893e+05
5.490000000000001101e+00 -3.335145336013793712e+05
5.500000000000001776e+00 2.907065799714174937e+05
5.512500000000001066e+00 1.023427648720107740e+06
5.525000000000001243e+00 8.996917080333339982e+05
5.535000000000001918e+00 5.440986532377839321e+05
5.547500000000001208e+00 -4.069059838051772385e+04
5.557500000000001883e+00 -6.520110998867771123e+05
5.570000000000001172e+00 -1.265804003417193657e+06
5.580000000000001847e+00 -1.216385561344060581e+06
5.592500000000001137e+00 -4.892961534080595593e+05
5.602500000000001812e+00 1.816162681762125867e+05
5.615000000000001990e+00 7.938795040980229387e+05
5.625000000000001776e+00 1.144081511292149778e+06
5.637500000000001954e+00 1.239300742813044926e+06
5.650000000000001243e+00 4.760971773910818738e+05
5.660000000000001918e+00 -1.664569177369914833e+05
5.672500000000001208e+00 -6.742453155542295426e+05
5.682500000000001883e+00 -9.147401721260552295e+05
5.695000000000002061e+00 -8.961586792093092808e+05
5.705000000000001847e+00 -4.230092846503066830e+05
5.717500000000002025e+00 4.787689734190112795e+05
5.727500000000001812e+00 9.302138764142652508e+05
5.740000000000001990e+00 9.109239563978341175e+05
5.750000000000001776e+00 6.577850082316228654e+05
5.762500000000001954e+00 1.761970565602488932e+05
5.775000000000002132e+00 -7.147549369904778432e+05
5.785000000000001918e+00 -1.084527050623732153e+06
5.797500000000002096e+00 -9.187780855016038986e+05
5.807500000000001883e+00 -5.553461128923449432e+05
5.820000000000002061e+00 1.194895552849248634e+04
5.830000000000001847e+00 6.044619657044386258e+05
5.842500000000002025e+00 1.212887529480207479e+06
5.852500000000001812e+00 1.196647450274638366e+06
5.865000000000001990e+00 5.690952237319715787e+05
5.875000000000001776e+00 1.689446701354758989e+04
5.887500000000001954e+00 -4.350402435591471731e+05
5.900000000000002132e+00 -8.711666122299802955e+05
5.910000000000001918e+00 -7.305684371155501576e+05
5.922500000000002096e+00 -2.407910878258376761e+04
5.932500000000001883e+00 5.016669565792128560e+05
5.945000000000002061e+00 8.148302919468749315e+05
5.955000000000001847e+00 9.157285529513272922e+05
5.967500000000002025e+00 7.966720351214268012e+05
5.977500000000001812e+00 3.163908127300463384e+05
5.990000000000001990e+00 -5.184205923751878436e+05
6.012500000000000178e+00 -9.739903094236626057e+05
6.025000000000000355e+00 -4.872207830511952052e+05
6.035000000000000142e+00 -6.417516476878114190e+03
6.047500000000000320e+00 4.485096485354244360e+05
6.057500000000000107e+00 7.715409998399107717e+05
6.070000000000000284e+00 9.651382201563226990e+05
6.080000000000000071e+00 6.739837757464087335e+05
6.092500000000000249e+00 -9.245127919741028745e+04
6.102500000000000036e+00 -5.499157252848783974e+05
6.115000000000000213e+00 -6.714878320895037614e+05
6.125000000000000000e+00 -5.927613706772663863e+05
6.137500000000000178e+00 -3.193564546838873066e+05
6.150000000000000355e+00 4.599923681514750351e+05
6.160000000000000142e+00 8.511171902895126259e+05
6.172500000000000320e+00 8.400678615068134386e+05
6.182500000000000107e+00 6.547731301674233982e+05
6.195000000000001172e+00 3.002016326414010255e+05
6.205000000000000071e+00 -1.891525556448938150e+05
6.217500000000001137e+00 -7.934109756541110110e+05
6.227500000000000036e+00 -8.457914926079955185e+05
6.240000000000001101e+00 -3.219572129143257043e+05
6.250000000000000000e+00 1.713111809052099707e+05
6.262500000000001066e+00 6.122090005290107802e+05
6.275000000000001243e+00 1.111288790858846623e+06
6.285000000000001030e+00 1.046513071693395381e+06
6.297500000000001208e+00 4.259133518036085879e+05
6.307500000000000995e+00 -7.657660730193184281e+04
6.320000000000001172e+00 -4.564132593486414407e+05
6.330000000000000959e+00 -6.642553930012774654e+05
6.342500000000001137e+00 -6.932975236042889301e+05
6.352500000000000924e+00 -3.012905967799466453e+05
6.365000000000001101e+00 4.932945133326637442e+05
6.375000000000000888e+00 8.844076526213729521e+05
6.387500000000001066e+00 8.437065443049118621e+05
6.400000000000001243e+00 6.919048015417543938e+05
6.410000000000001030e+00 1.987419720999966084e+05
6.422500000000001208e+00 -6.238274956483542919e+05
6.432500000000000995e+00 -9.596422407871520845e+05
6.445000000000001172e+00 -7.953347361410792219e+05
6.455000000000001847e+00 -4.669925571367057855e+05
6.467500000000001137e+00 1.960639580953549739e+04
6.477500000000001812e+00 5.386190263670713175e+05
6.490000000000001101e+00 1.071534582229438238e+06
6.500000000000001776e+00 1.011341569440401508e+06
6.512500000000001066e+00 3.676794065766636049e+05
6.525000000000001243e+00 -1.300772287955462380e+05
6.535000000000001030e+00 -5.861100866518436233e+05
6.547500000000001208e+00 -9.867100278980603907e+05
6.557500000000001883e+00 -8.150823844339690404e+05
6.570000000000001172e+00 -6.078184938218761818e+04
6.580000000000001847e+00 5.139722893123059184e+05
6.592500000000001137e+00 8.997611036966170650e+05
6.602500000000001812e+00 1.037557605301633826e+06
6.615000000000001101e+00 9.126862443653832888e+05
6.625000000000001776e+00 3.846942745402438450e+05
6.637500000000001954e+00 -5.366324636818342842e+05
6.650000000000001243e+00 -8.525050548001339193e+05
6.660000000000001918e+00 -8.852648659658288816e+05
6.672500000000001208e+00 -6.304302814356933814e+05
6.682500000000001883e+00 -4.393963367301461403e+04
6.695000000000001172e+00 8.613990743891607272e+05
6.705000000000001847e+00 1.205067241031944752e+06
6.717500000000002025e+00 9.736390677290611202e+05
6.727500000000001812e+00 5.517807568579931976e+05
6.740000000000001990e+00 -5.728006523410003138e+04
6.750000000000001776e+00 -6.474422849892503582e+05
6.762500000000001954e+00 -1.214843342460143147e+06
6.775000000000001243e+00 -8.884319675076431595e+05
6.785000000000001918e+00 -4.135211644585275790e+05
6.797500000000002096e+00 2.078196298818860960e+05
6.807500000000001883e+00 7.504832903147352627e+05
6.820000000000002061e+00 1.199019504331066739e+06
6.830000000000001847e+00 1.014261419765656930e+06
6.842500000000002025e+00 2.046847076515745139e+05
6.852500000000001812e+00 -4.246481848249244504e+05
6.865000000000001990e+00 -8.594273491119161481e+05
6.875000000000002665e+00 -1.008833096829299582e+06
6.887500000000001954e+00 -8.581536597385759233e+05
6.900000000000002132e+00 4.942829193021098763e+04
6.910000000000001918e+00 6.852784408027685713e+05
6.922500000000002096e+00 1.038014885066446266e+06
6.932500000000001883e+00 1.086034532449166290e+06
6.945000000000002061e+00 8.261676557012984995e+05
6.955000000000002736e+00 2.207044370667693438e+05
6.967500000000002025e+00 -7.178941426536806393e+05
6.977500000000002700e+00 -1.095413641055420041e+06
6.990000000000001101e+00 -9.201748058607861167e+05
7.012500000000000178e+00 9.847872296038070999e+03
7.025000000000000355e+00 5.348026469783715438e+05
7.035000000000000142e+00 8.748693704852542141e+05
7.047500000000000320e+00 1.020366155165906181e+06
7.057500000000000107e+00 6.352514522840408608e+05
7.070000000000000284e+00 -2.706099139983244240e+05
7.080000000000000071e+00 -8.304120324568160577e+05
7.092500000000000249e+00 -1.032232205124761676e+06
7.102500000000000036e+00 -9.521154084379241103e+05
7.115000000000001101e+00 -5.933711145915035158e+05
7.125000000000000000e+00 5.125150060163136914e+03
7.137500000000000178e+00 8.340179161838649306e+05
7.150000000000000355e+00 9.136897233832349302e+05
7.160000000000000142e+00 7.406223468827243196e+05
7.172500000000000320e+00 3.245409752721753903e+05
7.182500000000000107e+00 -2.550288321909054066e+05
7.195000000000001172e+00 -9.891278780965415062e+05
7.205000000000000071e+00 -1.132688404865421122e+06
7.217500000000001137e+00 -6.866435832048845477e+05
7.227500000000000036e+00 -2.036084713500067883e+05
7.240000000000001101e+00 2.789909887854058761e+05
7.250000000000000000e+00 6.452646593272069003e+05
7.262500000000001066e+00 8.911852135181148769e+05
7.275000000000001243e+00 3.388336295155627304e+05
7.285000000000001030e+00 -1.553985168463087175e+05
7.297500000000001208e+00 -5.749185085897505051e+05
7.307500000000000995e+00 -8.387097558489413932e+05
7.320000000000001172e+00 -9.391203774825163418e+05
7.330000000000000959e+00 -5.746963157035992481e+05
7.342500000000001137e+00 2.418808115607053915e+05
7.352500000000000924e+00 6.959296819285104284e+05
7.365000000000001101e+00 7.838618006444808561e+05
7.375000000000001776e+00 6.707647341310193297e+05
7.387500000000001066e+00 3.683420752556118532e+05
7.400000000000001243e+00 -4.133822563841890660e+05
7.410000000000001030e+00 -7.795959575296194525e+05
7.422500000000001208e+00 -7.160993565107700415e+05
7.432500000000000995e+00 -4.938127651803162880e+05
7.445000000000001172e+00 -1.228334774024696962e+05
7.455000000000001847e+00 3.449173563286803546e+05
7.467500000000001137e+00 8.827401072673327290e+05
7.477500000000001812e+00 8.767206354877387639e+05
7.490000000000001101e+00 3.261269483131839661e+05
7.500000000000001776e+00 -1.482555452283690101e+05
7.512500000000001066e+00 -5.276867899107119301e+05
7.525000000000001243e+00 -9.467359245823458768e+05
7.535000000000001918e+00 -8.276772324473342160e+05
7.547500000000001208e+00 -1.649724627394116251e+05
7.557500000000001883e+00 3.364474747059516958e+05
7.570000000000001172e+00 6.612648261353212874e+05
7.580000000000001847e+00 7.960591279031600570e+05
7.592500000000001137e+00 7.308710805892613716e+05
7.602500000000001812e+00 2.943406452416185639e+05
7.615000000000001990e+00 -4.963159668726022937e+05
7.625000000000001776e+00 -8.495996311701745726e+05
7.637500000000001954e+00 -7.428676895526821027e+05
7.650000000000001243e+00 -5.461794656268123072e+05
7.660000000000001918e+00 -6.039962243840312294e+04
7.672500000000001208e+00 7.024724456419802736e+05
7.682500000000001883e+00 9.641688494687082712e+05
7.695000000000002061e+00 7.016488589256067062e+05
7.705000000000001847e+00 3.245155861904497142e+05
7.717500000000002025e+00 -1.586425227752342762e+05
7.727500000000001812e+00 -6.255678938412615098e+05
7.740000000000001990e+00 -1.048272146944241715e+06
7.750000000000001776e+00 -9.001188111050077714e+05
7.762500000000001954e+00 -1.847535036668118846e+05
7.775000000000002132e+00 3.179818994451524341e+05
7.785000000000001918e+00 7.245426419803689932e+05
7.797500000000002096e+00 1.013901825977111817e+06
7.807500000000001883e+00 7.461050295730413636e+05
7.820000000000002061e+00 -7.500341998587184935e+04
7.830000000000001847e+00 -6.399581785652281251e+05
7.842500000000002025e+00 -9.348600561917073792e+05
7.852500000000001812e+00 -9.661677840798996622e+05
7.865000000000001990e+00 -7.255163412618539296e+05
7.875000000000001776e+00 -1.602839434176069917e+05
7.887500000000001954e+00 7.387643360707416432e+05
7.900000000000002132e+00 9.689627028092915425e+05
7.910000000000001918e+00 9.171669395464062691e+05
7.922500000000002096e+00 5.940739031923465664e+05
7.932500000000001883e+00 1.687447790816593624e+04
7.945000000000002061e+00 -8.008161179684000090e+05
7.955000000000001847e+00 -1.046210462496695342e+06
7.967500000000002025e+00 -7.049374739950059447e+05
7.977500000000001812e+00 -2.379995895519320329e+05
7.990000000000001990e+00 3.422126591523253010e+05
8.012500000000001066e+00 1.050162242450024467e+06
8.025000000000000355e+00 1.006119351485219202e+06
8.035000000000000142e+00 4.969340592512239236e+05
8.047500000000001208e+00 -4.863581971589121385e+05
8.057500000000000995e+00 -1.027590315875440720e+06
8.070000000000000284e+00 -1.130144102881863015e+06
8.080000000000000071e+00 -9.515882462163807359e+05
8.092500000000001137e+00 -5.044978999014212168e+05
8.102500000000000924e+00 1.014707426215893356e+05
8.115000000000000213e+00 8.606529880879151169e+05
8.125000000000000000e+00 1.015181906986061484e+06
8.137500000000001066e+00 5.663211159660679987e+05
8.150000000000000355e+00 9.994462706245515437e+04
8.160000000000000142e+00 -4.433293666181198787e+05
8.172500000000001208e+00 -1.027627674522555317e+06
8.182500000000000995e+00 -9.949003749124625465e+05
8.195000000000000284e+00 -3.248440521657706122e+05
8.205000000000000071e+00 2.889395456679276540e+05
8.217500000000001137e+00 8.484727877495522844e+05
8.227500000000000924e+00 1.180557395904455101e+06
8.240000000000000213e+00 1.285374851356908679e+06
8.250000000000000000e+00 8.612485876737865619e+05
8.262500000000001066e+00 -8.681986145093693631e+04
8.275000000000000355e+00 -6.063211295791893499e+05
8.285000000000000142e+00 -8.865723529710652074e+05
8.297500000000001208e+00 -9.552562024667653022e+05
8.307500000000000995e+00 -5.581150667195488932e+05
8.320000000000000284e+00 2.765862262729581562e+05
8.330000000000000071e+00 7.085736204813283402e+05
8.342500000000001137e+00 7.135445913342474960e+05
8.352500000000000924e+00 5.076557613292761962e+05
8.365000000000000213e+00 9.200382936589216115e+04
8.375000000000000000e+00 -4.514841154972908553e+05
8.387500000000001066e+00 -1.108452727859763196e+06
8.400000000000000355e+00 -9.687130439069635468e+05
8.410000000000000142e+00 -6.334602763929676730e+05
8.422500000000001208e+00 -8.592297671088940115e+04
8.432500000000000995e+00 5.144866858563842252e+05
8.445000000000000284e+00 1.162722093472313136e+06
8.455000000000000071e+00 1.187878420481026871e+06
8.467500000000001137e+00 6.058126774058290757e+05
8.477500000000000924e+00 6.735805810802517226e+04
8.490000000000000213e+00 -4.051343497395681916e+05
8.500000000000000000e+00 -6.982229135328045813e+05
8.512500000000001066e+00 -8.147232890221895650e+05
8.525000000000002132e+00 -1.870997978229584987e+05
8.535000000000000142e+00 2.879615352866298053e+05
8.547500000000001208e+00 5.759447238735713763e+05
8.557500000000000995e+00 6.691069312246771296e+05
8.570000000000002061e+00 5.523783453778978437e+05
8.580000000000000071e+00 8.505872905763353629e+04
8.592500000000001137e+00 -7.277513210564441979e+05
8.602500000000000924e+00 -1.078493237498520641e+06
8.615000000000001990e+00 -9.444250349602715578e+05
8.625000000000000000e+00 -6.378131119628961897e+05
8.637500000000001066e+00 -1.443404482572157576e+05
8.650000000000002132e+00 7.104482835243142908e+05
8.660000000000000142e+00 1.048449532900845283e+06
8.672500000000001208e+00 8.756483452817276120e+05
8.682500000000000995e+00 5.566821579616239760e+05
8.695000000000002061e+00 1.209375016179684608e+05
8.705000000000000071e+00 -3.302840611742433393e+05
8.717500000000001137e+00 -7.815459995834851870e+05
8.727500000000002700e+00 -6.812439076735439012e+05
8.740000000000001990e+00 -3.687452024993867235e+04
8.750000000000001776e+00 4.482611000348785310e+05
8.762500000000001066e+00 7.382229237377947429e+05
8.775000000000002132e+00 9.844522252946371445e+05
8.785000000000001918e+00 7.104144660586394602e+05
8.797500000000001208e+00 -9.887498824086165405e+04
8.807500000000002771e+00 -6.543488600954656722e+05
8.820000000000002061e+00 -9.533577004157651681e+05
8.830000000000003624e+00 -1.014728920293658273e+06
8.842500000000001137e+00 -8.345087703893333673e+05
8.852500000000002700e+00 -3.189444395201941370e+05
8.865000000000001990e+00 5.200679564416248468e+05
8.875000000000003553e+00 8.613801482574609108e+05
8.887500000000002842e+00 7.122655028985427925e+05
8.900000000000002132e+00 4.815310156577079324e+05
8.910000000000003695e+00 -8.739558460696713155e+03
8.922500000000001208e+00 -7.224506626390804304e+05
8.932500000000002771e+00 -9.109988303116137395e+05
8.945000000000002061e+00 -5.611916200302132638e+05
8.955000000000003624e+00 -1.372854087418228155e+05
8.967500000000002913e+00 3.484276254356509889e+05
8.977500000000002700e+00 7.616194557549644960e+05
8.990000000000001990e+00 1.084076235452508088e+06
9.012500000000001066e+00 3.679904764137185994e+05
9.025000000000002132e+00 -4.924363579300439451e+05
9.035000000000001918e+00 -9.021011184648539638e+05
9.047500000000001208e+00 -8.573737932873710524e+05
9.057500000000000995e+00 -6.055867296997153899e+05
9.070000000000002061e+00 -1.381573775683125714e+05
9.080000000000001847e+00 4.385217339805667289e+05
9.092500000000001137e+00 1.115997665283133276e+06
9.102500000000000924e+00 1.193818500451566884e+06
9.115000000000001990e+00 6.771937379154217197e+05
9.125000000000001776e+00 1.626584715440515138e+05
9.137500000000001066e+00 -3.308814842654326349e+05
9.150000000000002132e+00 -8.832635054455514764e+05
9.160000000000001918e+00 -8.405084217604765436e+05
9.172500000000001208e+00 -2.017221865441751725e+05
9.182500000000000995e+00 3.486678863636630704e+05
9.195000000000002061e+00 7.907884506159917219e+05
9.205000000000001847e+00 1.018589871596487821e+06
9.217500000000001137e+00 1.006932528810978401e+06
9.227500000000000924e+00 5.257768884088832419e+05
9.240000000000001990e+00 -4.004160724817454466e+05
9.250000000000001776e+00 -8.917523967625212390e+05
9.262500000000001066e+00 -9.510499755414598621e+05
9.275000000000002132e+00 -8.391844031090317294e+05
9.285000000000001918e+00 -3.208247487754008616e+05
9.297500000000001208e+00 5.926796528543239692e+05
9.307500000000000995e+00 1.022637148019235232e+06
9.320000000000002061e+00 9.595281549629332731e+05
9.330000000000001847e+00 6.761960319364467869e+05
9.342500000000001137e+00 1.839335205656172766e+05
9.352500000000000924e+00 -3.882817067944153096e+05
9.365000000000001990e+00 -1.024570216772036743e+06
9.375000000000001776e+00 -1.039787560729664867e+06
9.387500000000001066e+00 -4.327815185854394804e+05
9.400000000000002132e+00 1.044799798325579468e+05
9.410000000000001918e+00 6.340064322526355973e+05
9.422500000000001208e+00 1.132257827504462563e+06
9.432500000000000995e+00 1.006107597048926400e+06
9.445000000000002061e+00 2.531790481801140122e+05
9.455000000000001847e+00 -3.630148329092795611e+05
9.467500000000001137e+00 -8.311708545216250932e+05
9.477500000000000924e+00 -1.039278133802108583e+06
9.490000000000001990e+00 -9.788877882525065215e+05
9.500000000000001776e+00 -4.656621105980252032e+05
9.512500000000001066e+00 4.914416571414163918e+05
9.525000000000002132e+00 8.966542914383693133e+05
9.535000000000001918e+00 1.013622955178852542e+06
9.547500000000002984e+00 8.419950839996880386e+05
9.557500000000000995e+00 2.959911444185124710e+05
9.570000000000002061e+00 -6.152059847016582498e+05
9.580000000000001847e+00 -1.014962024731911719e+06
9.592500000000002913e+00 -8.904253641195523087e+05
9.602500000000000924e+00 -5.556684345070845447e+05
9.615000000000001990e+00 -2.068448200729123710e+04
9.625000000000001776e+00 5.607371493097877828e+05
9.637500000000002842e+00 1.173645997078724904e+06
9.650000000000002132e+00 9.147394400280406699e+05
9.660000000000001918e+00 4.806145562433454324e+05
9.672500000000002984e+00 -1.261543098128349520e+05
9.682500000000000995e+00 -6.946863113606900442e+05
9.695000000000002061e+00 -1.216798971426012693e+06
9.705000000000001847e+00 -1.099152628637132468e+06
9.717500000000002913e+00 -3.516252956827517482e+05
9.727500000000002700e+00 2.602165108251030906e+05
9.740000000000001990e+00 7.237698860643208027e+05
9.750000000000003553e+00 9.315728298440083163e+05
9.762500000000002842e+00 8.787165427466012770e+05
9.775000000000002132e+00 6.748223092288880434e+04
9.785000000000001918e+00 -5.186954593096168246e+05
9.797500000000002984e+00 -8.705563832786066923e+05
9.807500000000004547e+00 -9.554553554721105611e+05
9.820000000000002061e+00 -7.642951773409963353e+05
9.830000000000003624e+00 -2.111016484802948835e+05
9.842500000000002913e+00 6.968646074052853510e+05
9.852500000000004476e+00 1.084613415864733979e+06
9.865000000000001990e+00 9.509763867452030536e+05
9.875000000000003553e+00 6.243674699170627864e+05
9.887500000000004619e+00 1.170001463846232800e+05
9.900000000000002132e+00 -7.177165652186133666e+05
9.910000000000003695e+00 -1.006349986914317938e+06
9.922500000000002984e+00 -7.483352413199737202e+05
9.932500000000004547e+00 -3.552210633009920130e+05
9.945000000000002061e+00 1.666955193408683699e+05
9.955000000000003624e+00 6.650048473146141041e+05
9.967500000000004690e+00 1.114820485282243229e+06
9.977500000000004476e+00 9.691239537968143122e+05
9.990000000000001990e+00 2.312199337775064923e+05
1.001250000000000107e+01 -8.444659114223412471e+05
1.002500000000000036e+01 -9.065779039442607900e+05
1.003500000000000014e+01 -7.253726115438964916e+05
1.004750000000000121e+01 -3.207989697569360724e+05
1.005750000000000099e+01 2.470464500332598982e+05
1.007000000000000028e+01 9.738340394607281778e+05
1.008000000000000007e+01 1.128126063810219988e+06
1.009250000000000114e+01 7.318189439213295700e+05
1.010250000000000092e+01 3.075966144253610400e+05
1.011500000000000021e+01 -1.314018757236351667e+05
1.012500000000000000e+01 -4.793974771375837154e+05
1.013750000000000107e+01 -7.135603658134016441e+05
1.015000000000000036e+01 -1.636800089458103466e+05
1.016000000000000014e+01 3.279724036570063327e+05
1.017250000000000121e+01 7.408014348064881051e+05
1.018250000000000099e+01 9.891133487485088408e+05
1.019500000000000028e+01 1.058832735185931902e+06
1.020500000000000007e+01 6.739584817810655804e+05
1.021750000000000114e+01 -1.710197420078308496e+05
1.022750000000000092e+01 -6.486854052938406821e+05
1.024000000000000021e+01 -7.217687551748580299e+05
1.025000000000000000e+01 -5.849443514390150085e+05
1.026250000000000107e+01 -2.711370826654972625e+05
1.027500000000000036e+01 4.928766633018216235e+05
1.028500000000000014e+01 8.337807387735511875e+05
1.029750000000000121e+01 7.384281867385769729e+05
1.030750000000000099e+01 4.986337666742466390e+05
1.032000000000000028e+01 1.217456042790907813e+05
1.033000000000000007e+01 -3.426831409781489056e+05
1.034250000000000114e+01 -8.660625722811459564e+05
1.035250000000000092e+01 -8.398159920249824645e+05
1.036500000000000021e+01 -2.608820515755040105e+05
1.037500000000000000e+01 2.362906706875862146e+05
1.038750000000000107e+01 6.385223613586480496e+05
1.040000000000000213e+01 1.068138828890716191e+06
1.041000000000000014e+01 9.502894966572426492e+05
1.042250000000000121e+01 2.797624269782006741e+05
1.043250000000000099e+01 -2.447040962503445044e+05
1.044500000000000028e+01 -6.052817295202901587e+05
1.045500000000000007e+01 -7.638658966303633060e+05
1.046750000000000114e+01 -7.221396072273870232e+05
1.047750000000000092e+01 -2.981321595131295617e+05
1.049000000000000021e+01 4.769230616362671717e+05
1.050000000000000000e+01 8.072278663768447004e+05
1.051250000000000107e+01 6.793234575929680141e+05
1.052500000000000213e+01 4.625383210934069939e+05
1.053500000000000014e+01 -4.253905585985605285e+04
1.054750000000000121e+01 -8.216014381229534047e+05
1.055750000000000099e+01 -1.093250533549968386e+06
1.057000000000000206e+01 -8.344477804549211869e+05
1.058000000000000007e+01 -4.419694442360661924e+05
1.059250000000000114e+01 9.325812697136819770e+04
1.060250000000000092e+01 6.209125564645944396e+05
1.061500000000000199e+01 1.136124702397806337e+06
1.062500000000000178e+01 1.055534873659757432e+06
1.063750000000000107e+01 3.845260274347065715e+05
1.065000000000000213e+01 -1.207848473729629477e+05
1.066000000000000192e+01 -5.511418139141555876e+05
1.067250000000000121e+01 -8.979689473313993076e+05
1.068250000000000099e+01 -6.861530647794834804e+05
1.069500000000000206e+01 8.402147520970544429e+04
1.070500000000000185e+01 6.279448317677315790e+05
1.071750000000000114e+01 9.085650351789466804e+05
1.072750000000000270e+01 9.314766217591237510e+05
1.074000000000000199e+01 6.781464791413004277e+05
1.075000000000000178e+01 9.360036181983789720e+04
1.076250000000000107e+01 -8.280778394824550487e+05
1.077500000000000213e+01 -1.090830401819748105e+06
1.078500000000000369e+01 -1.074517873807727126e+06
1.079750000000000121e+01 -7.783393887373645557e+05
1.080750000000000277e+01 -1.893320163804160256e+05
1.082000000000000206e+01 6.781848090526268352e+05
1.083000000000000362e+01 9.919823226508105872e+05
1.084250000000000114e+01 7.646645990682595875e+05
1.085250000000000270e+01 3.886959248873256147e+05
1.086500000000000377e+01 -1.258083378660938906e+05
1.087500000000000355e+01 -6.221467042560346890e+05
1.088750000000000284e+01 -1.069200600957581773e+06
1.090000000000000213e+01 -6.504459986977151129e+05
1.091000000000000369e+01 -1.528085310512119031e+05
1.092250000000000121e+01 4.141770082089683274e+05
1.093250000000000277e+01 8.682263756673312746e+05
1.094500000000000384e+01 1.198646511253307108e+06
1.095500000000000362e+01 9.416402232739806641e+05
1.096750000000000291e+01 9.337766102656989824e+04
1.097750000000000270e+01 -5.227967450845370768e+05
1.099000000000000199e+01 -9.010006849160692655e+05
1.101249999999999929e+01 -7.723285373430674663e+05
1.102500000000000036e+01 -2.999414065050215577e+05
1.103500000000000014e+01 2.997420962864966714e+05
1.104749999999999943e+01 1.007727814221720328e+06
1.105749999999999922e+01 1.095351996686341241e+06
1.107000000000000028e+01 5.736206976936341962e+05
1.108000000000000007e+01 5.679025637131255644e+04
1.109249999999999936e+01 -4.314414131228404585e+05
1.110249999999999915e+01 -7.571989472103442531e+05
1.111500000000000021e+01 -9.052419485106539214e+05
1.112500000000000000e+01 -5.460322522358798888e+05
1.113749999999999929e+01 3.230497274681459530e+05
1.115000000000000036e+01 7.893047558460044675e+05
1.116000000000000014e+01 1.045911381919956882e+06
1.117249999999999943e+01 1.084394341993363108e+06
1.118249999999999922e+01 6.523253405056223273e+05
1.119500000000000028e+01 -2.496906565777738288e+05
1.120500000000000007e+01 -7.520798747023590840e+05
1.121749999999999936e+01 -8.562321737561845221e+05
1.122749999999999915e+01 -7.211744510015707929e+05
1.124000000000000021e+01 -3.423438045166433440e+05
1.125000000000000000e+01 2.182219605466331705e+05
1.126249999999999929e+01 9.329236949435450369e+05
1.127500000000000036e+01 8.737110120232685003e+05
1.128500000000000014e+01 6.153401181131092599e+05
1.129749999999999943e+01 1.688574245189424837e+05
1.130749999999999922e+01 -3.598818211592136649e+05
1.132000000000000028e+01 -9.624084862434479874e+05
1.133000000000000007e+01 -9.863817655588790076e+05
1.134249999999999936e+01 -4.338406928231807542e+05
1.135249999999999915e+01 6.743898080308275530e+04
1.136500000000000021e+01 4.975081951292630401e+05
1.137500000000000000e+01 7.705814715097784065e+05
1.138749999999999929e+01 8.805241734403574374e+05
1.140000000000000036e+01 2.295830574571562174e+05
1.141000000000000014e+01 -2.859179536024968256e+05
1.142250000000000121e+01 -6.533690025865506614e+05
1.143249999999999922e+01 -8.335389572948565474e+05
1.144500000000000028e+01 -8.121867252720710821e+05
1.145500000000000007e+01 -3.739053449989269138e+05
1.146750000000000114e+01 4.645852236798632657e+05
1.147749999999999915e+01 8.796323147053295979e+05
1.149000000000000021e+01 8.643504351553438464e+05
1.150000000000000000e+01 6.625081808680281974e+05
1.151249999999999929e+01 2.809401723516490893e+05
1.152500000000000036e+01 -5.001942946204033215e+05
1.153500000000000014e+01 -8.100428483734336914e+05
1.154750000000000121e+01 -6.387811341679241741e+05
1.155749999999999922e+01 -3.363430545960650197e+05
1.157000000000000028e+01 7.245957057569829340e+04
1.158000000000000007e+01 5.051686985491301748e+05
1.159250000000000114e+01 9.355444223226588219e+05
1.160249999999999915e+01 8.245392753172700759e+05
1.161500000000000021e+01 1.656413964820565598e+05
1.162500000000000000e+01 -3.528679951154339942e+05
1.163750000000000107e+01 -7.213280233937726589e+05
1.165000000000000036e+01 -1.066323742225531023e+06
1.166000000000000014e+01 -8.673209016645617085e+05
1.167250000000000121e+01 -1.321531568858594401e+05
1.168250000000000099e+01 3.899246858023809618e+05
1.169500000000000028e+01 6.935605182465367252e+05
1.170500000000000007e+01 7.889630114910167176e+05
1.171750000000000114e+01 6.763529124868678628e+05
1.172750000000000270e+01 2.269300167676152196e+05
1.174000000000000021e+01 -5.327716587071490940e+05
1.175000000000000178e+01 -8.240935021327312570e+05
1.176250000000000107e+01 -6.254295151124126278e+05
1.177500000000000036e+01 -3.696236745776245371e+05
1.178500000000000014e+01 1.228711022986433381e+05
1.179750000000000121e+01 8.380693280577573460e+05
1.180750000000000277e+01 1.031329331017230172e+06
1.182000000000000028e+01 6.730342274307813495e+05
1.183000000000000185e+01 2.332720616005662596e+05
1.184250000000000114e+01 -2.870354908081416506e+05
1.185250000000000270e+01 -7.461393815031630220e+05
1.186500000000000021e+01 -1.138451945232397644e+06
1.187500000000000178e+01 -9.637268418138071429e+05
1.188750000000000284e+01 -2.283900786393724557e+05
1.190000000000000036e+01 2.599582893601981632e+05
1.191000000000000192e+01 6.443445092806370230e+05
1.192250000000000121e+01 9.209823258146996377e+05
1.193250000000000277e+01 6.704101597062078072e+05
1.194500000000000028e+01 -9.152704343912517652e+04
1.195500000000000185e+01 -5.816203444078788161e+05
1.196750000000000291e+01 -7.724552996504973853e+05
1.197750000000000270e+01 -7.361666523273868952e+05
1.199000000000000021e+01 -4.541149481331296847e+05
1.201250000000000107e+01 6.314957832752307877e+05
1.202500000000000036e+01 1.173448729213456623e+06
1.203500000000000014e+01 1.109536735398138408e+06
1.204750000000000121e+01 4.299629258059056592e+05
1.205750000000000099e+01 -1.644484395964941650e+05
1.207000000000000028e+01 -6.797744010448096087e+05
1.208000000000000007e+01 -9.845240333215183346e+05
1.209250000000000114e+01 -1.084401912907780381e+06
1.210250000000000092e+01 -6.916335260290036676e+05
1.211500000000000021e+01 1.837231772264289029e+05
1.212500000000000000e+01 6.792816332631199621e+05
1.213750000000000107e+01 7.860664559344982263e+05
1.215000000000000036e+01 7.472752262705519097e+05
1.216000000000000014e+01 2.857197351609544712e+05
1.217250000000000121e+01 -5.745820455421650549e+05
1.218250000000000099e+01 -9.866776569441196043e+05
1.219500000000000028e+01 -9.257569816367325839e+05
1.220500000000000007e+01 -6.461229560662838630e+05
1.221750000000000114e+01 -1.373366089457929775e+05
1.222750000000000092e+01 4.630029585206788033e+05
1.224000000000000021e+01 1.146308169706212124e+06
1.225000000000000000e+01 1.208984719535511686e+06
1.226250000000000107e+01 6.559107428945444990e+05
1.227500000000000036e+01 1.316126044650143594e+05
1.228500000000000014e+01 -4.307013750378253171e+05
1.229750000000000121e+01 -1.029369949400240555e+06
1.230750000000000099e+01 -1.016209974738609628e+06
1.232000000000000028e+01 -3.985365321552234818e+05
1.233000000000000007e+01 1.492366937183653645e+05
1.234250000000000114e+01 6.131480982617206173e+05
1.235250000000000092e+01 8.788189676971477456e+05
1.236500000000000021e+01 9.375468850824325345e+05
1.237500000000000000e+01 5.236799147246224456e+05
1.238750000000000107e+01 -3.515435035790406400e+05
1.240000000000000213e+01 -7.442576170701265801e+05
1.241000000000000014e+01 -9.019240162290132139e+05
1.242250000000000121e+01 -8.225714324019138003e+05
1.243250000000000099e+01 -3.418790866010010359e+05
1.244500000000000206e+01 5.301148526093646651e+05
1.245500000000000007e+01 9.457356505703247385e+05
1.246750000000000114e+01 8.965188561155885691e+05
1.247750000000000092e+01 6.423724384516574210e+05
1.249000000000000199e+01 1.895954941453273932e+05
1.250000000000000000e+01 -3.565496606144882971e+05
1.251250000000000107e+01 -9.785212019260830712e+05
1.252500000000000213e+01 -8.022385823764015222e+05
1.253500000000000014e+01 -4.706122687300826074e+05
1.254750000000000121e+01 1.084778321745661560e+04
1.255750000000000099e+01 5.096583728227000684e+05
1.257000000000000206e+01 1.012007103795304662e+06
1.258000000000000007e+01 9.377870027794812340e+05
1.259250000000000114e+01 3.070300798228875501e+05
1.260250000000000092e+01 -2.030915211221478530e+05
1.261500000000000199e+01 -5.875291486455730628e+05
1.262500000000000000e+01 -7.850482430419102311e+05
1.263750000000000107e+01 -7.856462502685360378e+05
1.265000000000000213e+01 -7.598820552465583023e+04
1.266000000000000192e+01 4.289874500697703916e+05
1.267250000000000121e+01 7.085103569011645159e+05
1.268250000000000099e+01 7.838042227133326232e+05
1.269500000000000206e+01 6.530358922696921509e+05
1.270500000000000185e+01 1.857493052428321680e+05
1.271750000000000114e+01 -6.073375983938347781e+05
1.272750000000000270e+01 -9.283226292690068949e+05
1.274000000000000199e+01 -7.629621432341161417e+05
1.275000000000000178e+01 -4.579122777955579222e+05
1.276250000000000107e+01 -2.561971747906988821e+04
1.277500000000000213e+01 7.099741217815406853e+05
1.278500000000000192e+01 9.281297846520139137e+05
1.279750000000000121e+01 6.285313585206652060e+05
1.280750000000000277e+01 2.560511551911946153e+05
1.282000000000000206e+01 -1.726983893516816024e+05
1.283000000000000362e+01 -5.717671943086755928e+05
1.284250000000000114e+01 -9.307971172389824642e+05
1.285250000000000270e+01 -7.636761278873034753e+05
1.286500000000000199e+01 -7.421055435993566061e+04
1.287500000000000355e+01 4.160042952634183457e+05
1.288750000000000284e+01 6.772717464260578854e+05
1.290000000000000213e+01 8.820426802804912440e+05
1.291000000000000369e+01 5.923254372363633011e+05
1.292250000000000121e+01 -1.945169765114516194e+05
1.293250000000000277e+01 -6.875972193215414882e+05
1.294500000000000206e+01 -8.715655765578690916e+05
1.295500000000000362e+01 -8.359539570732547436e+05
1.296750000000000291e+01 -5.790835960944215767e+05
1.297750000000000270e+01 -5.534633582651379402e+04
1.299000000000000199e+01 7.197044694565066602e+05
1.301250000000000107e+01 9.376959483750195941e+05
1.302500000000000213e+01 3.585814942415875266e+05
1.303500000000000192e+01 -1.191212324944713764e+05
1.304750000000000121e+01 -4.719172962473635562e+05
1.305750000000000099e+01 -6.622844631596530089e+05
1.307000000000000206e+01 -6.742219681727755815e+05
1.308000000000000185e+01 -2.680658714493516600e+05
1.309250000000000114e+01 5.455307606481087860e+05
1.310250000000000092e+01 9.554978520621149801e+05
1.311500000000000199e+01 9.418307207141892286e+05
1.312500000000000178e+01 7.277216056914721848e+05
1.313750000000000107e+01 3.126528656967185671e+05
1.315000000000000213e+01 -5.253256512492444599e+05
1.316000000000000192e+01 -8.953983229279548395e+05
1.317250000000000121e+01 -7.964422452148091979e+05
1.318250000000000099e+01 -5.246072499840453966e+05
1.319500000000000206e+01 -8.809210752891379525e+04
1.320500000000000185e+01 4.234488957675159909e+05
1.321750000000000114e+01 9.873768595713211689e+05
1.322750000000000092e+01 9.696572758950588759e+05
1.324000000000000199e+01 3.822740078653218225e+05
1.325000000000000178e+01 -1.292392384860862803e+05
1.326250000000000107e+01 -5.531444284668759210e+05
1.327500000000000213e+01 -9.957418397368619917e+05
1.328500000000000192e+01 -8.694923521820283495e+05
1.329750000000000121e+01 -1.726503530792564852e+05
1.330750000000000099e+01 3.775464828178208554e+05
1.332000000000000206e+01 7.673628011690523708e+05
1.333000000000000185e+01 9.337071580532398075e+05
1.334250000000000114e+01 8.653295442697985563e+05
1.335250000000000092e+01 3.826327835011358839e+05
1.336500000000000199e+01 -5.040854839956382057e+05
1.337500000000000178e+01 -9.336361728131507989e+05
1.338750000000000107e+01 -9.000293381071204785e+05
1.340000000000000213e+01 -7.276491738129958976e+05
1.341000000000000192e+01 -2.050090166913660069e+05
1.342250000000000298e+01 6.629718546092647593e+05
1.343250000000000099e+01 1.027310656355762272e+06
1.344500000000000206e+01 8.802569277919913875e+05
1.345500000000000185e+01 5.587323582215219503e+05
1.346750000000000291e+01 7.852712498012371361e+04
1.347750000000000092e+01 -4.312288763358604047e+05
1.349000000000000199e+01 -9.566096416835091077e+05
1.350000000000000178e+01 -8.978597048661578447e+05
1.351250000000000107e+01 -2.554572212969708780e+05
1.352500000000000213e+01 2.457325498975332885e+05
1.353500000000000192e+01 7.046070119352345355e+05
1.354750000000000298e+01 1.093141169238960370e+06
1.355750000000000099e+01 9.057776854443756165e+05
1.357000000000000206e+01 1.396372407358576311e+05
1.358000000000000185e+01 -4.380490123472465202e+05
1.359250000000000291e+01 -8.171750662623525131e+05
1.360250000000000092e+01 -9.546917615023229737e+05
1.361500000000000199e+01 -8.594375304021878401e+05
1.362500000000000178e+01 -3.731981461794697680e+05
1.363750000000000284e+01 4.926903130022395053e+05
1.365000000000000213e+01 7.717299746422887547e+05
1.366000000000000192e+01 8.112064522014235845e+05
1.367250000000000298e+01 6.169449628871659515e+05
1.368250000000000277e+01 1.073380335845674417e+05
1.369500000000000206e+01 -6.947538821259799879e+05
1.370500000000000185e+01 -9.845417217070185579e+05
1.371750000000000291e+01 -7.444862930804681964e+05
1.372750000000000270e+01 -3.656559920825184090e+05
1.374000000000000199e+01 1.390585845154852723e+05
1.375000000000000355e+01 6.252402465146804461e+05
1.376250000000000284e+01 1.080926220548854442e+06
1.377500000000000213e+01 6.981340952424684074e+05
1.378500000000000192e+01 2.279854756439026678e+05
1.379750000000000298e+01 -3.323924070972077316e+05
1.380750000000000455e+01 -8.096925903080055723e+05
1.382000000000000206e+01 -1.190290473015885334e+06
1.383000000000000362e+01 -9.870866010640460299e+05
1.384250000000000291e+01 -2.161518791597622912e+05
1.385250000000000448e+01 3.476038598061541561e+05
1.386500000000000199e+01 6.960696039002662292e+05
1.387500000000000355e+01 8.093414591001566732e+05
1.388750000000000462e+01 6.977692418294003000e+05
1.390000000000000213e+01 -7.049004466337288613e+04
1.391000000000000369e+01 -5.558552496490221238e+05
1.392250000000000298e+01 -7.365440661522041773e+05
1.393250000000000455e+01 -7.016631234260951169e+05
1.394500000000000206e+01 -4.431099260284845368e+05
1.395500000000000362e+01 8.267881240701299976e+04
1.396750000000000469e+01 8.600409751354852924e+05
1.397750000000000448e+01 1.107713365466190735e+06
1.399000000000000199e+01 8.075777063295742264e+05
1.401250000000000107e+01 -1.546716462100646168e+05
1.402500000000000036e+01 -5.831543427683028858e+05
1.403500000000000014e+01 -8.199814643573061330e+05
1.404750000000000121e+01 -8.767225369280623272e+05
1.405750000000000099e+01 -4.885656810677062022e+05
1.407000000000000028e+01 3.320400906571982196e+05
1.408000000000000007e+01 7.765675450418499531e+05
1.409250000000000114e+01 8.322124746581619838e+05
1.410250000000000092e+01 6.835714293271636125e+05
1.411500000000000021e+01 3.447798389385328046e+05
1.412500000000000000e+01 -1.501621729831809644e+05
1.413750000000000107e+01 -7.811760094697300810e+05
1.415000000000000036e+01 -6.611785325379506685e+05
1.416000000000000014e+01 -3.796469080717184115e+05
1.417250000000000121e+01 6.267676903063854843e+04
1.418250000000000099e+01 5.720384346074177884e+05
1.419500000000000028e+01 1.128460228239645949e+06
1.420500000000000007e+01 1.104748107414148748e+06
1.421750000000000114e+01 4.966136343390970142e+05
1.422750000000000092e+01 -4.943660855289291067e+04
1.424000000000000021e+01 -5.078737296453746385e+05
1.425000000000000000e+01 -7.816220993120960193e+05
1.426250000000000107e+01 -8.862903517843979644e+05
1.427500000000000036e+01 -2.350879362872191996e+05
1.428500000000000014e+01 2.830320209077305626e+05
1.429750000000000121e+01 6.458618027492458932e+05
1.430750000000000099e+01 8.143270134971130174e+05
1.432000000000000028e+01 7.813298775603841059e+05
1.433000000000000007e+01 3.525555403440957889e+05
1.434250000000000114e+01 -4.520212944983211928e+05
1.435250000000000092e+01 -8.242499261720780050e+05
1.436500000000000021e+01 -7.414709118213582551e+05
1.437500000000000000e+01 -4.870895829738517059e+05
1.438750000000000107e+01 -6.809804581170676101e+04
1.440000000000000213e+01 7.166079670710890787e+05
1.441000000000000014e+01 1.009234830801357981e+06
1.442250000000000121e+01 7.982171790392085677e+05
1.443250000000000099e+01 4.549009869517587358e+05
1.444500000000000206e+01 -1.455284880082771269e+04
1.445500000000000007e+01 -5.027371513312342577e+05
1.446750000000000114e+01 -9.992214819061714225e+05
1.447750000000000092e+01 -9.267341480397700798e+05
1.449000000000000199e+01 -2.958345172852125252e+05
1.450000000000000000e+01 2.135165784821842972e+05
1.451250000000000107e+01 5.828107457297544461e+05
1.452500000000000213e+01 9.443568242273407523e+05
1.453500000000000192e+01 7.631695002826428972e+05
1.454750000000000121e+01 3.810133292633757083e+04
1.455750000000000099e+01 -4.798750693868234521e+05
1.457000000000000206e+01 -7.718592966689161258e+05
1.458000000000000007e+01 -8.460501352053179871e+05
1.459250000000000114e+01 -6.910418287097873399e+05
1.460250000000000092e+01 -1.931650776148969599e+05
1.461500000000000199e+01 6.388799698237184202e+05
1.462500000000000178e+01 9.861197137330885744e+05
1.463750000000000107e+01 8.358535122764336411e+05
1.465000000000000213e+01 5.729749831656712340e+05
1.466000000000000192e+01 3.057316359604291574e+04
1.467250000000000121e+01 -7.820586661983525846e+05
1.468250000000000099e+01 -1.062348114749238361e+06
1.469500000000000206e+01 -8.037674429466756992e+05
1.470500000000000362e+01 -4.153963308456233353e+05
1.471750000000000114e+01 9.385470702902968333e+04
1.472750000000000270e+01 5.796164415348843904e+05
1.474000000000000199e+01 1.033158487882817164e+06
1.475000000000000355e+01 9.099623579122493975e+05
1.476250000000000107e+01 2.113452793390339648e+05
1.477500000000000213e+01 -2.803672736842848244e+05
1.478500000000000369e+01 -6.771220020444365218e+05
1.479750000000000121e+01 -9.681673829055420356e+05
1.480750000000000277e+01 -7.240576159283990273e+05
1.482000000000000206e+01 4.907329343255392450e+04
1.483000000000000362e+01 5.675859182838862762e+05
1.484250000000000114e+01 8.089746789897736162e+05
1.485250000000000270e+01 8.220351569005387137e+05
1.486500000000000377e+01 5.995636231504925527e+05
1.487500000000000355e+01 7.111005485752421373e+04
1.488750000000000284e+01 -7.670957647299977252e+05
1.490000000000000213e+01 -9.638935669130154420e+05
1.491000000000000369e+01 -9.246634625193625689e+05
1.492250000000000121e+01 -6.517878099481434328e+05
1.493250000000000277e+01 -1.248378806976592314e+05
1.494500000000000384e+01 6.440412953437638935e+05
1.495500000000000362e+01 8.876435317997956881e+05
1.496750000000000291e+01 6.069550147759878309e+05
1.497750000000000270e+01 2.344914668827418063e+05
1.499000000000000199e+01 -2.136403679936171975e+05
1.501249999999999929e+01 -7.971522299361403566e+05
1.502500000000000036e+01 -7.606984353993447730e+05
1.503500000000000014e+01 -3.089937930019802880e+05
1.504749999999999943e+01 5.532874953796028858e+05
1.505749999999999922e+01 9.863231188776138006e+05
1.507000000000000028e+01 9.814508991488567553e+05
1.508000000000000007e+01 7.634087734349541133e+05
1.509249999999999936e+01 3.249145765015808865e+05
1.510249999999999915e+01 -2.451763704932311957e+05
1.511500000000000021e+01 -9.425065493615051964e+05
1.512500000000000000e+01 -1.060985495414924808e+06
1.513749999999999929e+01 -6.179792179636207875e+05
1.515000000000000036e+01 -2.174835394432692556e+05
1.516000000000000014e+01 2.622904382450564881e+05
1.517249999999999943e+01 8.121311946848154766e+05
1.518249999999999922e+01 8.113812478713733144e+05
1.519500000000000028e+01 2.595936260463988874e+05
1.520500000000000007e+01 -2.081468599509756023e+05
1.521749999999999936e+01 -5.661045948869416025e+05
1.522749999999999915e+01 -7.722452858730844455e+05
1.524000000000000021e+01 -7.983277015406396240e+05
1.525000000000000000e+01 -3.857699980809712433e+05
1.526249999999999929e+01 4.631442836323315860e+05
1.527500000000000036e+01 8.267306888315920951e+05
1.528500000000000014e+01 9.753645398754547350e+05
1.529750000000000121e+01 9.087649971361164935e+05
1.530749999999999922e+01 4.515924112999807112e+05
1.532000000000000028e+01 -3.859755061021666625e+05
1.533000000000000007e+01 -7.868523317182416795e+05
1.534249999999999936e+01 -7.577838935744608752e+05
1.535249999999999915e+01 -5.538782683474448277e+05
1.536500000000000021e+01 -1.974268045696657209e+05
1.537500000000000000e+01 2.619002978957479063e+05
1.538749999999999929e+01 7.952713042288684519e+05
1.540000000000000036e+01 5.723746485735129099e+05
1.541000000000000014e+01 2.438916815610426129e+05
1.542250000000000121e+01 -1.829076975717659225e+05
1.543249999999999922e+01 -6.205854537509987131e+05
1.544500000000000028e+01 -1.036717913217205787e+06
1.545500000000000007e+01 -8.989362808147039032e+05
1.546750000000000114e+01 -1.967148566632611328e+05
1.547749999999999915e+01 3.505862019999781623e+05
1.549000000000000021e+01 7.516938117171842605e+05
1.550000000000000000e+01 9.537050591658927733e+05
1.551250000000000107e+01 9.569579874028495979e+05
1.552500000000000036e+01 2.435304628793563170e+05
1.553500000000000014e+01 -2.713735896231180523e+05
1.554750000000000121e+01 -5.850663815892910352e+05
1.555750000000000099e+01 -6.920132773200245574e+05
1.557000000000000028e+01 -6.029371317120403983e+05
1.558000000000000007e+01 -1.834495292432511051e+05
1.559250000000000114e+01 5.391932732864755671e+05
1.560250000000000092e+01 8.044368829036349198e+05
1.561500000000000021e+01 5.861170096627780003e+05
1.562500000000000000e+01 2.591223334820648597e+05
1.563750000000000284e+01 -1.793409142567375966e+05
1.565000000000000036e+01 -8.993475633806983242e+05
1.566000000000000014e+01 -1.099188839224076364e+06
1.567250000000000298e+01 -7.666025242409112398e+05
1.568250000000000277e+01 -3.553702335208920995e+05
1.569500000000000028e+01 1.296011548788668879e+05
1.570500000000000007e+01 5.720857862480757758e+05
1.571750000000000291e+01 9.739985676802748349e+05
1.572750000000000270e+01 8.309169817025640514e+05
1.574000000000000021e+01 1.514108234071469924e+05
1.575000000000000000e+01 -3.486225506156923366e+05
1.576250000000000284e+01 -6.472655751657590736e+05
1.577500000000000036e+01 -9.008159907467381563e+05
1.578500000000000014e+01 -6.452063246195295360e+05
1.579750000000000298e+01 1.022492868187951826e+05
1.580750000000000277e+01 5.734293068865373498e+05
1.582000000000000028e+01 7.464425547216205159e+05
1.583000000000000007e+01 7.146282982528631110e+05
1.584250000000000291e+01 4.709296940112793818e+05
1.585250000000000270e+01 -3.765460633328074618e+04
1.586500000000000021e+01 -8.105252479200039525e+05
1.587500000000000000e+01 -1.068399979651828296e+06
1.588750000000000284e+01 -7.982739860425305087e+05
1.590000000000000036e+01 -4.721555888097403804e+05
1.591000000000000014e+01 6.425988655424438912e+04
1.592250000000000298e+01 8.128492542029232718e+05
1.593250000000000277e+01 1.016637191433828557e+06
1.594500000000000028e+01 6.822418244923618622e+05
1.595500000000000007e+01 2.803829100094402675e+05
1.596750000000000291e+01 -1.742694660959483008e+05
1.597750000000000270e+01 -5.729953073818624252e+05
1.599000000000000021e+01 -9.013739497762641404e+05
1.601249999999999929e+01 -2.741017090006121434e+05
1.602500000000000213e+01 5.249781205418392783e+05
1.603500000000000014e+01 8.982370836894573877e+05
1.604749999999999943e+01 8.221999067416703328e+05
1.605749999999999744e+01 5.660394297352698632e+05
1.607000000000000028e+01 1.370175811080822314e+05
1.608000000000000185e+01 -3.769543811481431476e+05
1.609249999999999758e+01 -9.667237097033699974e+05
1.610249999999999915e+01 -9.860567516266221646e+05
1.611500000000000199e+01 -4.289357575476312195e+05
1.612500000000000000e+01 8.284165993192508176e+04
1.613749999999999929e+01 5.371094575105706463e+05
1.615000000000000213e+01 1.035279073022005614e+06
1.616000000000000014e+01 9.661293400744812097e+05
1.617249999999999943e+01 3.378855396595078637e+05
1.618249999999999744e+01 -1.771054735177521361e+05
1.619500000000000028e+01 -5.650970224670636235e+05
1.620500000000000185e+01 -7.697937827518297127e+05
1.621749999999999758e+01 -7.782584883774620248e+05
1.622750000000000270e+01 -3.668509155123056262e+05
1.624000000000000199e+01 4.590783049474154250e+05
1.625000000000000000e+01 8.799234727581855841e+05
1.626249999999999929e+01 8.774640061496528797e+05
1.627500000000000213e+01 7.597397421504178783e+05
1.628500000000000014e+01 2.797552214770795545e+05
1.629749999999999943e+01 -5.528260430655808887e+05
1.630750000000000099e+01 -9.208487634199032327e+05
1.632000000000000028e+01 -8.078199653271390125e+05
1.633000000000000185e+01 -5.155848678183670854e+05
1.634250000000000114e+01 -5.678485045051601628e+04
1.635250000000000270e+01 4.613295011479678797e+05
1.636500000000000199e+01 1.026912283529196051e+06
1.637500000000000000e+01 1.016201299364987412e+06
1.638750000000000284e+01 4.419341467309307773e+05
1.640000000000000213e+01 -1.401951281599924914e+04
1.641000000000000014e+01 -4.676640506211013417e+05
1.642249999999999943e+01 -9.046054158570892178e+05
1.643250000000000099e+01 -7.881871504226297839e+05
1.644500000000000028e+01 -1.320681135791577399e+05
1.645500000000000185e+01 3.586151685011568479e+05
1.646750000000000469e+01 6.677741094672100153e+05
1.647750000000000270e+01 7.943093695131748682e+05
1.649000000000000199e+01 7.202262948866304941e+05
1.650000000000000000e+01 2.664940846820526640e+05
1.651250000000000284e+01 -5.595869423550198553e+05
1.652500000000000213e+01 -8.311011972894426435e+05
1.653500000000000014e+01 -8.885373837516350904e+05
1.654750000000000298e+01 -7.275387181160461623e+05
1.655750000000000455e+01 -2.416596799472980783e+05
1.657000000000000028e+01 5.527809284809058299e+05
1.658000000000000185e+01 8.603552939861671766e+05
1.659250000000000469e+01 6.799736642643742962e+05
1.660250000000000270e+01 3.709139977781630587e+05
1.661500000000000199e+01 -4.983932733650728915e+04
1.662500000000000000e+01 -4.949301834837101051e+05
1.663750000000000284e+01 -9.486991501592958812e+05
1.665000000000000213e+01 -6.185448298975898651e+05
1.666000000000000014e+01 -2.221496963484223816e+05
1.667250000000000298e+01 2.371767063046804979e+05
1.668250000000000455e+01 6.537006571773485048e+05
1.669500000000000028e+01 1.019299283401347115e+06
1.670500000000000185e+01 8.522850078875418985e+05
1.671750000000000469e+01 1.518309258397080412e+05
1.672750000000000270e+01 -3.593563101787660853e+05
1.674000000000000199e+01 -6.741151438032122096e+05
1.675000000000000000e+01 -7.895844103509294800e+05
1.676250000000000284e+01 -7.051739402086228365e+05
1.677500000000000213e+01 3.317967653304828855e+04
1.678500000000000014e+01 5.075848812960526557e+05
1.679750000000000298e+01 7.011106085618087091e+05
1.680750000000000455e+01 7.027332165615109261e+05
1.682000000000000028e+01 5.073012136742309085e+05
1.683000000000000185e+01 3.603741693547218165e+04
1.684250000000000469e+01 -6.970704268414169783e+05
1.685250000000000270e+01 -9.343327461385898059e+05
1.686500000000000199e+01 -6.633797023674474331e+05
1.687500000000000000e+01 -3.038126654368742020e+05
1.688750000000000284e+01 1.370964482359183603e+05
1.690000000000000213e+01 8.155338731114896946e+05
1.691000000000000014e+01 9.623100724660510896e+05
1.692250000000000298e+01 5.768050083503965288e+05
1.693250000000000455e+01 1.601992165582010930e+05
1.694500000000000028e+01 -2.817088754814616987e+05
1.695500000000000185e+01 -6.507680156353227794e+05
1.696750000000000469e+01 -9.329822998539666878e+05
1.697750000000000270e+01 -7.029214707256230759e+05
1.699000000000000199e+01 3.598597751584794605e+04
1.701249999999999929e+01 8.709901327664384153e+05
1.702500000000000213e+01 7.685428320260987384e+05
1.703500000000000014e+01 5.157931956409582635e+05
1.704749999999999943e+01 1.139921490225507005e+05
1.705750000000000099e+01 -3.686854058025354752e+05
1.707000000000000028e+01 -9.145093461110324133e+05
1.708000000000000185e+01 -9.100774897269344656e+05
1.709250000000000114e+01 -3.549537095902183210e+05
1.710249999999999915e+01 1.326195214402224228e+05
1.711500000000000199e+01 5.333091425527677638e+05
1.712500000000000000e+01 7.821723156485592481e+05
1.713749999999999929e+01 8.777392373925264692e+05
1.715000000000000213e+01 2.483138407797610853e+05
1.716000000000000014e+01 -2.417628114730899688e+05
1.717249999999999943e+01 -5.840084484924279386e+05
1.718250000000000099e+01 -7.462786058085607365e+05
1.719500000000000028e+01 -7.186302068752861815e+05
1.720500000000000185e+01 -2.975431524159677792e+05
1.721750000000000114e+01 4.987047081193194608e+05
1.722750000000000270e+01 8.673803410947232042e+05
1.724000000000000199e+01 7.919979306586650200e+05
1.725000000000000000e+01 5.504943192595603177e+05
1.726249999999999929e+01 1.454890338120842644e+05
1.727500000000000213e+01 -6.432232823786010267e+05
1.728500000000000014e+01 -9.477670292476580944e+05
1.729749999999999943e+01 -7.609566079299101839e+05
1.730750000000000455e+01 -4.432712575300214230e+05
1.732000000000000028e+01 -5.602047203083433487e+03
1.733000000000000185e+01 4.598079408062775619e+05
1.734250000000000114e+01 9.427265462426566519e+05
1.735250000000000270e+01 8.704435839353619376e+05
1.736500000000000199e+01 2.437499572053605225e+05
1.737500000000000000e+01 -2.598750604537311883e+05
1.738750000000000284e+01 -6.194502587911345763e+05
1.740000000000000213e+01 -9.730928545339644188e+05
1.741000000000000014e+01 -7.888800783097080421e+05
1.742249999999999943e+01 -6.240461491765784012e+04
1.743250000000000455e+01 4.680889639245409635e+05
1.744500000000000384e+01 7.966125267130044522e+05
1.745500000000000185e+01 9.089129311662316322e+05
1.746750000000000469e+01 7.974292165721131023e+05
1.747750000000000270e+01 3.252168324285324779e+05
1.749000000000000199e+01 -4.901458873387306812e+05
1.750000000000000000e+01 -8.464865526045711013e+05
1.751250000000000284e+01 -7.360611235136281466e+05
1.752500000000000213e+01 -5.390297107999844011e+05
1.753500000000000369e+01 -5.770510829644393380e+04
1.754750000000000298e+01 6.919711343109360896e+05
1.755750000000000455e+01 9.468314357705686707e+05
1.757000000000000384e+01 6.951945533666134579e+05
1.758000000000000185e+01 3.377012308765724883e+05
1.759250000000000469e+01 -1.222355128678809269e+05
1.760250000000000270e+01 -5.819176056436684448e+05
1.761500000000000199e+01 -1.025866653571816045e+06
1.762500000000000000e+01 -9.102426693232592661e+05
1.763750000000000284e+01 -2.316270226057447435e+05
1.765000000000000213e+01 2.444538364901055756e+05
1.766000000000000369e+01 6.515062722476539202e+05
1.767250000000000298e+01 9.894094067833200097e+05
1.768250000000000455e+01 7.868777625963392202e+05
1.769500000000000384e+01 4.883385634871283401e+04
1.770500000000000185e+01 -4.636166776152466191e+05
1.771750000000000469e+01 -7.356007180541425478e+05
1.772750000000000270e+01 -7.952660059654404176e+05
1.774000000000000199e+01 -6.458913804468089947e+05
1.775000000000000355e+01 -1.764708418825425033e+05
1.776250000000000284e+01 5.990791710603296524e+05
1.777500000000000213e+01 7.613808176168373320e+05
1.778500000000000369e+01 7.147874843764981488e+05
1.779750000000000298e+01 4.547934496549807373e+05
1.780750000000000455e+01 -4.832696716347151232e+04
1.782000000000000384e+01 -7.853220680360273691e+05
1.783000000000000185e+01 -1.008597673974069185e+06
1.784250000000000469e+01 -7.190129297403516248e+05
1.785250000000000270e+01 -3.479099708705408848e+05
1.786500000000000199e+01 1.068679618692955701e+05
1.787500000000000355e+01 5.404972477934519993e+05
1.788750000000000284e+01 9.482836295601355378e+05
1.790000000000000213e+01 5.699613669966111192e+05
1.791000000000000369e+01 1.590982296955622151e+05
1.792250000000000298e+01 -2.674765914890879649e+05
1.793250000000000455e+01 -6.181754982263932470e+05
1.794500000000000384e+01 -8.790166945289188297e+05
1.795500000000000185e+01 -6.406352574622924440e+05
1.796750000000000469e+01 8.618740320816180611e+04
1.797750000000000270e+01 5.486908882611492882e+05
1.799000000000000199e+01 7.434578602860381361e+05
1.801249999999999929e+01 4.867193242253594799e+05
1.802500000000000213e+01 1.266961663929356000e+05
1.803500000000000369e+01 -3.005969799987036386e+05
1.804749999999999943e+01 -7.882355838980191620e+05
1.805750000000000099e+01 -7.531023524396955036e+05
1.807000000000000384e+01 -1.912002057209554478e+05
1.808000000000000185e+01 2.773284683080148534e+05
1.809250000000000114e+01 6.443520403383064549e+05
1.810249999999999915e+01 8.656428952916194685e+05
1.811500000000000199e+01 9.331629227266261587e+05
1.812500000000000355e+01 5.759149593515320448e+05
1.813749999999999929e+01 -1.905955825032404100e+05
1.815000000000000213e+01 -4.941840088051464409e+05
1.816000000000000369e+01 -6.301221130715206964e+05
1.817249999999999943e+01 -5.905380071889372775e+05
1.818250000000000099e+01 -1.864166249448119488e+05
1.819500000000000384e+01 5.559078870390373049e+05
1.820500000000000185e+01 8.708895164550010813e+05
1.821750000000000114e+01 7.478746200521996943e+05
1.822750000000000270e+01 4.940513656382362824e+05
1.824000000000000199e+01 1.318720204252095427e+05
1.825000000000000355e+01 -3.032485660147698945e+05
1.826249999999999929e+01 -8.007800438918798463e+05
1.827500000000000213e+01 -5.519403532557450235e+05
1.828500000000000369e+01 -2.208045038101658283e+05
1.829750000000000298e+01 1.929463619322671439e+05
1.830750000000000455e+01 6.175254402651032433e+05
1.832000000000000384e+01 1.040547880898913834e+06
1.833000000000000185e+01 9.345726512057529762e+05
1.834250000000000114e+01 2.941061072748935549e+05
1.835250000000000270e+01 -1.972798916947156249e+05
1.836500000000000199e+01 -5.196020739901320194e+05
1.837500000000000355e+01 -6.678459623619279591e+05
1.838750000000000284e+01 -6.453883871808018303e+05
1.840000000000000213e+01 3.534903397981274611e+04
1.841000000000000369e+01 4.850448539061318734e+05
1.842250000000000298e+01 6.862221436633132398e+05
1.843250000000000455e+01 7.058418186884999741e+05
1.844500000000000384e+01 5.346838962305613095e+05
1.845500000000000185e+01 7.162312312495605147e+04
1.846750000000000469e+01 -6.738131865446500015e+05
1.847750000000000270e+01 -9.397211275518512120e+05
1.849000000000000199e+01 -7.194721413425513310e+05
1.850000000000000355e+01 -3.877216149894322152e+05
1.851250000000000639e+01 5.683898620991440839e+04
1.852500000000000213e+01 7.849351862338157371e+05
1.853500000000000369e+01 9.855561503756928723e+05
1.854750000000000654e+01 6.583451337262684247e+05
1.855750000000000455e+01 2.586200478233417380e+05
1.857000000000000384e+01 -2.052202129468376806e+05
1.858000000000000185e+01 -6.212940938384198816e+05
1.859250000000000469e+01 -9.759692146687734639e+05
1.860250000000000270e+01 -7.936909342906035017e+05
1.861500000000000199e+01 -8.457943728601795738e+04
1.862500000000000355e+01 4.176678924786270363e+05
1.863750000000000639e+01 6.988323159836207051e+05
1.865000000000000213e+01 9.226967005402633222e+05
1.866000000000000369e+01 6.400764628037615912e+05
1.867250000000000654e+01 -1.534722019447900821e+05
1.868250000000000455e+01 -6.653779323642698582e+05
1.869500000000000384e+01 -8.785234215677162865e+05
1.870500000000000185e+01 -8.648314850158835761e+05
1.871750000000000469e+01 -6.196648026194106787e+05
1.872750000000000625e+01 -9.464637111433176324e+04
1.874000000000000199e+01 7.044058945909624454e+05
1.875000000000000355e+01 9.789193290562444599e+05
1.876250000000000639e+01 7.163517439438202418e+05
1.877500000000000213e+01 3.895667183955113287e+05
1.878500000000000369e+01 -1.369839056217203906e+05
1.879750000000000654e+01 -8.504186431412484962e+05
1.880750000000000455e+01 -1.018226114251959370e+06
1.882000000000000384e+01 -6.316835257840316044e+05
1.883000000000000185e+01 -1.936470233458612929e+05
1.884250000000000469e+01 2.839949938911898644e+05
1.885250000000000625e+01 6.852760696646786528e+05
1.886500000000000199e+01 9.930372561199832708e+05
1.887500000000000355e+01 7.651343358512473060e+05
1.888750000000000639e+01 -2.561394332595512424e+03
1.890000000000000213e+01 -4.834013973017758690e+05
1.891000000000000369e+01 -8.277289331075330265e+05
1.892250000000000654e+01 -1.028352181708065211e+06
1.893250000000000455e+01 -7.210413834105317947e+05
1.894500000000000384e+01 8.663771517480367038e+04
1.895500000000000185e+01 5.970826169476741925e+05
1.896750000000000469e+01 7.931232098932493245e+05
1.897750000000000625e+01 7.560636767297185725e+05
1.899000000000000199e+01 4.879781729363725754e+05
1.901249999999999929e+01 -5.141766235106676468e+05
1.902499999999999858e+01 -1.004203691146379919e+06
1.903500000000000014e+01 -9.273519160174881108e+05
1.904749999999999943e+01 -2.852679212685697130e+05
1.905749999999999744e+01 2.405817589786301833e+05
1.907000000000000028e+01 6.449892667491745669e+05
1.907999999999999829e+01 8.604052858988564694e+05
1.909249999999999758e+01 8.848843302770013688e+05
1.910249999999999915e+01 4.861318584352081525e+05
1.911499999999999844e+01 -3.230731058136335341e+05
1.912500000000000000e+01 -7.402984421169540146e+05
1.913749999999999929e+01 -7.517199885077882791e+05
1.914999999999999858e+01 -6.588356568235019222e+05
1.916000000000000014e+01 -2.087037262735127006e+05
1.917249999999999943e+01 5.890030505356098292e+05
1.918249999999999744e+01 9.333344626369983889e+05
1.919500000000000028e+01 8.165002479741827119e+05
1.920499999999999829e+01 5.390145881640133448e+05
1.921749999999999758e+01 1.010765549064215884e+05
1.922750000000000270e+01 -4.013751859839786775e+05
1.923999999999999844e+01 -9.506137790250189137e+05
1.925000000000000000e+01 -9.360303843863799702e+05
1.926249999999999929e+01 -3.693140039151326637e+05
1.927500000000000213e+01 7.363988209919117799e+04
1.928500000000000014e+01 5.159072496125532780e+05
1.929749999999999943e+01 9.413446144590177573e+05
1.930750000000000099e+01 8.265100473322360776e+05
1.932000000000000028e+01 1.704195309711291920e+05
1.932999999999999829e+01 -3.332961877106094034e+05
1.934249999999999758e+01 -6.686168471886543557e+05
1.935250000000000270e+01 -8.155729091415347066e+05
1.936500000000000199e+01 -7.688670751061562914e+05
1.937500000000000000e+01 -3.381536322780523915e+05
1.938750000000000284e+01 4.672604151093269465e+05
1.940000000000000213e+01 7.299458286757930182e+05
1.941000000000000014e+01 7.893128726865166100e+05
1.942249999999999943e+01 6.434052221732406178e+05
1.943250000000000099e+01 1.744599396753549518e+05
1.944500000000000028e+01 -5.986240948134510545e+05
1.945499999999999829e+01 -8.920389619306195527e+05
1.946750000000000114e+01 -6.939258748512454331e+05
1.947750000000000270e+01 -3.769350975279231207e+05
1.949000000000000199e+01 4.835143904593750631e+04
1.950000000000000000e+01 4.951105815507154330e+05
1.951250000000000284e+01 9.477494916115867672e+05
1.952500000000000213e+01 6.145097529803455109e+05
1.953500000000000014e+01 2.183655046711940959e+05
1.954750000000000298e+01 -2.366654009402600350e+05
1.955750000000000099e+01 -6.489166321182008833e+05
1.957000000000000028e+01 -1.005771081878641155e+06
1.958000000000000185e+01 -8.324657239634034922e+05
1.959250000000000114e+01 -1.334959487074298668e+05
1.960250000000000270e+01 3.715829693927396438e+05
1.961500000000000199e+01 6.721098528715722496e+05
1.962500000000000000e+01 7.734761014428797644e+05
1.963750000000000284e+01 6.700747662115839776e+05
1.965000000000000213e+01 -7.414160389886758639e+04
1.966000000000000014e+01 -5.459765279001008021e+05
1.967250000000000298e+01 -7.298416592866593273e+05
1.968250000000000099e+01 -7.089760433593649650e+05
1.969500000000000028e+01 -4.839570838283961057e+05
1.970500000000000185e+01 5.452341945428272993e+03
1.971750000000000114e+01 7.501417953257088084e+05
1.972750000000000270e+01 9.932383944801891921e+05
1.974000000000000199e+01 7.146049023786991602e+05
1.975000000000000000e+01 3.295128366717154277e+05
1.976250000000000284e+01 -1.578654948380195128e+05
1.977500000000000213e+01 -8.796324304997052532e+05
1.978500000000000014e+01 -1.051077156408167211e+06
1.979750000000000298e+01 -6.808351951630039839e+05
1.980750000000000099e+01 -2.626268266115340521e+05
1.982000000000000028e+01 1.834868783017479873e+05
1.983000000000000185e+01 5.585456033933769213e+05
1.984250000000000114e+01 8.574923897609196138e+05
1.985250000000000270e+01 6.414644198508578120e+05
1.986500000000000199e+01 -7.896381522248430701e+04
1.987500000000000000e+01 -5.518435653365780599e+05
1.988750000000000284e+01 -7.563428504753295565e+05
1.990000000000000213e+01 -8.920998073685796699e+05
1.991000000000000014e+01 -5.521839926419239491e+05
1.992250000000000298e+01 2.614144508745061466e+05
1.993250000000000099e+01 7.425016520174754551e+05
1.994500000000000028e+01 8.815503686901455512e+05
1.995500000000000185e+01 8.095333099698736332e+05
1.996750000000000114e+01 5.325801830266912002e+05
1.997750000000000270e+01 2.835402140278022853e+04
1.999000000000000199e+01 -6.977123053473408800e+05
