0.000000000000000000e+00 0.000000000000000000e+00
1.250000000000000069e-02 -6.939898528657583832e+00
2.500000000000000139e-02 -2.594787237542779579e+01
3.500000000000000333e-02 -5.176682830100727983e+01
4.750000000000000056e-02 -9.432148143625968828e+01
5.750000000000000250e-02 -1.330268589348904129e+02
7.000000000000002054e-02 -1.840541167992625162e+02
8.000000000000004330e-02 -2.266468385999907298e+02
9.250000000000008216e-02 -2.829245008802143388e+02
1.025000000000001049e-01 -3.314837890598968215e+02
1.150000000000001438e-01 -3.983298237083827189e+02
1.250000000000001665e-01 -4.576667599439243759e+02
1.375000000000002054e-01 -5.381473775504529158e+02
1.500000000000002442e-01 -6.214362390478994485e+02
1.600000000000002531e-01 -6.876812574825162301e+02
1.725000000000002920e-01 -7.647472076530268623e+02
1.825000000000003286e-01 -8.182712906441996665e+02
1.950000000000003397e-01 -8.733823480324044795e+02
2.050000000000003764e-01 -9.090285483444283727e+02
2.175000000000004152e-01 -9.442862364169413922e+02
2.275000000000004241e-01 -9.655209151187583529e+02
2.400000000000004630e-01 -9.884238611241150920e+02
2.500000000000004996e-01 -1.011097274932407117e+03
2.625000000000005107e-01 -1.042948982472008765e+03
2.750000000000005773e-01 -1.070344313380467838e+03
2.850000000000005862e-01 -1.086217578445781101e+03
2.975000000000005973e-01 -1.096243783166690946e+03
3.075000000000006617e-01 -1.096486142158687244e+03
3.200000000000006728e-01 -1.091756103041252345e+03
3.300000000000006817e-01 -1.089883472185731534e+03
3.425000000000007483e-01 -1.095754043865794529e+03
3.525000000000007572e-01 -1.107634228849321062e+03
3.650000000000007683e-01 -1.130553270465751893e+03
3.750000000000008327e-01 -1.153957120589767101e+03
3.875000000000008438e-01 -1.183913638024517013e+03
4.000000000000009104e-01 -1.206654118613437049e+03
4.100000000000009193e-01 -1.218324702517114929e+03
4.225000000000009304e-01 -1.226436422641785384e+03
4.325000000000009948e-01 -1.230603982722697083e+03
4.450000000000010059e-01 -1.238027072220749233e+03
4.550000000000010147e-01 -1.249133982672730326e+03
4.675000000000010814e-01 -1.270800622570158566e+03
4.775000000000010902e-01 -1.292164537987307313e+03
4.900000000000010458e-01 -1.318397310694183489e+03
5.000000000000011102e-01 -1.335260959338523207e+03
5.125000000000011768e-01 -1.348387365611750965e+03
5.250000000000011324e-01 -1.352050792754282156e+03
5.350000000000011413e-01 -1.351346186246819570e+03
5.475000000000012079e-01 -1.350070416367146663e+03
5.575000000000012168e-01 -1.351376065300562914e+03
5.700000000000012834e-01 -1.358900161415893763e+03
5.800000000000012923e-01 -1.370211948580414173e+03
5.925000000000013589e-01 -1.388099722861119062e+03
6.025000000000013678e-01 -1.401992946989906613e+03
6.150000000000014344e-01 -1.415421972652732393e+03
6.250000000000014433e-01 -1.422084380418643832e+03
6.375000000000015099e-01 -1.425950863265180715e+03
6.500000000000014655e-01 -1.427288164091986118e+03
6.600000000000014744e-01 -1.430918808441965211e+03
6.725000000000015410e-01 -1.441340263761141841e+03
6.825000000000015499e-01 -1.453522718123560253e+03
6.950000000000016165e-01 -1.470875277368097386e+03
7.050000000000016254e-01 -1.484277548126723332e+03
7.175000000000016920e-01 -1.496703310782185099e+03
7.275000000000017009e-01 -1.501014501985354627e+03
7.400000000000017675e-01 -1.500257215270166625e+03
7.500000000000017764e-01 -1.497611069616447821e+03
7.625000000000017319e-01 -1.495065785525554475e+03
7.750000000000017986e-01 -1.495051657629951933e+03
7.850000000000018074e-01 -1.498825653184664134e+03
7.975000000000018741e-01 -1.507255272131097627e+03
8.075000000000018829e-01 -1.514270267938194593e+03
8.200000000000019496e-01 -1.520065211827158237e+03
8.300000000000019584e-01 -1.521311058889471269e+03
8.425000000000020250e-01 -1.518463555633206852e+03
8.525000000000020339e-01 -1.513455020658416288e+03
8.650000000000021005e-01 -1.507567657406572607e+03
8.750000000000021094e-01 -1.507027690231053612e+03
8.875000000000020650e-01 -1.514034265920684902e+03
9.000000000000021316e-01 -1.527101245174170117e+03
9.100000000000021405e-01 -1.539854336152447331e+03
9.225000000000022071e-01 -1.553806400452362141e+03
9.325000000000022160e-01 -1.559731858822672621e+03
9.450000000000022826e-01 -1.558895237676061470e+03
9.550000000000022915e-01 -1.553327872892074993e+03
9.675000000000023581e-01 -1.544289397202173404e+03
9.775000000000022560e-01 -1.538230823191582431e+03
9.900000000000017675e-01 -1.535302668978083375e+03
1.012499999999999956e+00 -1.543807954741651884e+03
1.025000000000000133e+00 -1.550620440246847693e+03
1.035000000000000142e+00 -1.548223876871610628e+03
1.047500000000000098e+00 -1.531707498153030656e+03
1.057500000000000107e+00 -1.509071484521304455e+03
1.070000000000000062e+00 -1.473203739843973835e+03
1.080000000000000071e+00 -1.442435143115864776e+03
1.092500000000000249e+00 -1.407608003253098559e+03
1.102500000000000258e+00 -1.386328510095034517e+03
1.115000000000000213e+00 -1.368112481997288796e+03
1.125000000000000222e+00 -1.356665513138246070e+03
1.137500000000000178e+00 -1.340720834764746769e+03
1.150000000000000133e+00 -1.318978512709375082e+03
1.160000000000000142e+00 -1.294732705051468429e+03
1.172500000000000320e+00 -1.258036856535022707e+03
1.182500000000000329e+00 -1.228370342636966143e+03
1.195000000000000284e+00 -1.197744955769400804e+03
1.205000000000000293e+00 -1.181854031621905506e+03
1.217500000000000471e+00 -1.174757419348684834e+03
1.227500000000000480e+00 -1.178520786316264321e+03
1.240000000000000435e+00 -1.188198860828543502e+03
1.250000000000000444e+00 -1.191294684342284654e+03
1.262500000000000622e+00 -1.184306508252302820e+03
1.275000000000000577e+00 -1.167212388064896231e+03
1.285000000000000586e+00 -1.148873578950725005e+03
1.297500000000000764e+00 -1.127032147735759736e+03
1.307500000000000773e+00 -1.115826237427837214e+03
1.320000000000000728e+00 -1.112930607487083535e+03
1.330000000000000737e+00 -1.118310431205062059e+03
1.342500000000000915e+00 -1.130351161785538352e+03
1.352500000000000924e+00 -1.140165933070406027e+03
1.365000000000000657e+00 -1.146399209455528762e+03
1.375000000000000888e+00 -1.143330192738520054e+03
1.387500000000000844e+00 -1.130701490468457223e+03
1.400000000000000799e+00 -1.115575210935251562e+03
1.410000000000000808e+00 -1.106110193466151713e+03
1.422500000000000986e+00 -1.102737265558480203e+03
1.432500000000000995e+00 -1.108711579423304102e+03
1.445000000000000950e+00 -1.124493810701354960e+03
1.455000000000000959e+00 -1.138725783382045165e+03
1.467500000000001137e+00 -1.151618899685252018e+03
1.477500000000001146e+00 -1.154993241604369587e+03
1.490000000000001101e+00 -1.149370125388350971e+03
1.500000000000001110e+00 -1.138206933001718426e+03
1.512500000000001288e+00 -1.120937382419131836e+03
1.525000000000001243e+00 -1.107778698019933245e+03
1.535000000000001252e+00 -1.102712764838933936e+03
1.547500000000001208e+00 -1.104013409068900501e+03
1.557500000000001217e+00 -1.109627539181517022e+03
1.570000000000001394e+00 -1.117119565798327130e+03
1.580000000000001403e+00 -1.118993318999555186e+03
1.592500000000001359e+00 -1.113231286095185624e+03
1.602500000000001590e+00 -1.103063185741108555e+03
1.615000000000001323e+00 -1.087168247247830095e+03
1.625000000000001332e+00 -1.075459442240602129e+03
1.637500000000001288e+00 -1.067016210637980294e+03
1.650000000000001465e+00 -1.068909758696946938e+03
1.660000000000001474e+00 -1.075574666012939588e+03
1.672500000000001652e+00 -1.086028967564091317e+03
1.682500000000001661e+00 -1.092958062951730199e+03
1.695000000000001616e+00 -1.095829661421395485e+03
1.705000000000001625e+00 -1.091862619722580121e+03
1.717500000000001581e+00 -1.080933103121739123e+03
1.727500000000001590e+00 -1.071075335557092785e+03
1.740000000000001767e+00 -1.061729066348219931e+03
1.750000000000001776e+00 -1.058275852567467837e+03
1.762500000000001954e+00 -1.059819470955440465e+03
1.775000000000001910e+00 -1.066981969891554400e+03
1.785000000000001918e+00 -1.072572729744892285e+03
1.797500000000001874e+00 -1.074979743110027584e+03
1.807500000000001883e+00 -1.071944538084538635e+03
1.820000000000002061e+00 -1.062154019215344306e+03
1.830000000000002069e+00 -1.050858298329429090e+03
1.842500000000002025e+00 -1.036594011461327000e+03
1.852500000000002256e+00 -1.028821418996992634e+03
1.865000000000001990e+00 -1.025772628954448692e+03
1.875000000000001998e+00 -1.027348229204529162e+03
1.887500000000001954e+00 -1.031184240259774469e+03
1.900000000000002132e+00 -1.034229056244892490e+03
1.910000000000002141e+00 -1.033020920234374444e+03
1.922500000000002318e+00 -1.026490197813890290e+03
1.932500000000002327e+00 -1.019244772829330259e+03
1.945000000000002283e+00 -1.010911454920409483e+03
1.955000000000002292e+00 -1.006567485653999938e+03
1.967500000000002247e+00 -1.005835906672417536e+03
1.977500000000002256e+00 -1.009491418998253152e+03
1.990000000000001767e+00 -1.017189597676856692e+03
2.012500000000000178e+00 -1.025912926368426952e+03
2.024999999999999911e+00 -1.024421829757579872e+03
2.034999999999999698e+00 -1.019540682970804028e+03
2.047499999999999876e+00 -1.011299329799337784e+03
2.057499999999999662e+00 -1.005018965142108414e+03
2.070000000000000284e+00 -1.000670265396810237e+03
2.080000000000000071e+00 -1.001656606987314262e+03
2.092500000000000249e+00 -1.007305064115960135e+03
2.102500000000000036e+00 -1.012206780185307593e+03
2.115000000000000213e+00 -1.014736132362530725e+03
2.125000000000000000e+00 -1.012347964313816760e+03
2.137500000000000178e+00 -1.003357277829538475e+03
2.150000000000000355e+00 -9.887463997017363226e+02
2.160000000000000586e+00 -9.769830694424671265e+02
2.172500000000000320e+00 -9.660982073545123967e+02
2.182500000000000551e+00 -9.616883967321891760e+02
2.195000000000000284e+00 -9.617119769837592003e+02
2.205000000000000515e+00 -9.651534695875362786e+02
2.217500000000000249e+00 -9.700561289552452990e+02
2.227500000000000480e+00 -9.711663247359496154e+02
2.240000000000000657e+00 -9.669556582076214681e+02
2.250000000000000888e+00 -9.598466508335199023e+02
2.262500000000000622e+00 -9.490486721083379962e+02
2.275000000000000355e+00 -9.394319089892430839e+02
2.285000000000000586e+00 -9.363926447781476554e+02
2.297500000000000320e+00 -9.396192467965433934e+02
2.307500000000000551e+00 -9.459339899679787322e+02
2.320000000000000728e+00 -9.546655655270961915e+02
2.330000000000000959e+00 -9.596557688157972734e+02
2.342500000000000693e+00 -9.600838147039727346e+02
2.352500000000000924e+00 -9.545229536851124976e+02
2.365000000000000657e+00 -9.423363009271981809e+02
2.375000000000000888e+00 -9.321174324936079074e+02
2.387500000000000622e+00 -9.231700235454788981e+02
2.400000000000001243e+00 -9.204073553007621058e+02
2.410000000000001030e+00 -9.238050290215190898e+02
2.422500000000001208e+00 -9.322311115134438069e+02
2.432500000000000995e+00 -9.382089316427554877e+02
2.445000000000001172e+00 -9.403529827739769189e+02
2.455000000000000959e+00 -9.367590791459823549e+02
2.467500000000001137e+00 -9.263394979782574410e+02
2.477500000000000924e+00 -9.152426302092127344e+02
2.490000000000001101e+00 -9.031185689781179917e+02
2.500000000000001332e+00 -8.989845172886851969e+02
2.512500000000001066e+00 -9.029242580160704392e+02
2.525000000000001243e+00 -9.139612164550070474e+02
2.535000000000001030e+00 -9.254539588275935103e+02
2.547500000000001208e+00 -9.377951196405552992e+02
2.557500000000000995e+00 -9.421565374120177694e+02
2.570000000000001172e+00 -9.390676621444152943e+02
2.580000000000001403e+00 -9.316596179594470186e+02
2.592500000000001581e+00 -9.203630881612943995e+02
2.602500000000001368e+00 -9.126873636704284536e+02
2.615000000000001545e+00 -9.085623756580533836e+02
2.625000000000001332e+00 -9.111743512998546066e+02
2.637500000000001510e+00 -9.199464266335801312e+02
2.650000000000001243e+00 -9.287409166965895793e+02
2.660000000000001918e+00 -9.328646562145619328e+02
2.672500000000001652e+00 -9.310826884686391622e+02
2.682500000000001883e+00 -9.232606271317329174e+02
2.695000000000001616e+00 -9.084527142424751673e+02
2.705000000000001847e+00 -8.970703540927819404e+02
2.717500000000001581e+00 -8.886326427853042560e+02
2.727500000000001812e+00 -8.882549660420417013e+02
2.740000000000001990e+00 -8.956860863511210482e+02
2.750000000000001776e+00 -9.061866065918377444e+02
2.762500000000001954e+00 -9.198767497985813861e+02
2.775000000000001688e+00 -9.275705697805069576e+02
2.785000000000001918e+00 -9.283630411934065023e+02
2.797500000000001652e+00 -9.233455010647776362e+02
2.807500000000001883e+00 -9.164007288309755950e+02
2.820000000000002061e+00 -9.088835501050812127e+02
2.830000000000001847e+00 -9.075983967250094793e+02
2.842500000000002025e+00 -9.136046923532533128e+02
2.852500000000002256e+00 -9.227705028036706381e+02
2.865000000000001990e+00 -9.356603251024478141e+02
2.875000000000002220e+00 -9.439932695487979117e+02
2.887500000000001954e+00 -9.476721794268927397e+02
2.900000000000002576e+00 -9.408450251497896488e+02
2.910000000000001918e+00 -9.302677556591116854e+02
2.922500000000002540e+00 -9.152348759839601371e+02
2.932500000000002327e+00 -9.050641152404650711e+02
2.945000000000002505e+00 -8.986810669753594993e+02
2.955000000000002292e+00 -9.002304500381624166e+02
2.967500000000002469e+00 -9.085442323244608360e+02
2.977500000000002256e+00 -9.164496340698503900e+02
2.990000000000001990e+00 -9.231861462843512527e+02
3.012500000000000178e+00 -9.207049940163540214e+02
3.024999999999999911e+00 -9.123782534686970394e+02
3.035000000000000142e+00 -9.054449889771439075e+02
3.047499999999999876e+00 -9.007470746794964498e+02
3.057500000000000107e+00 -9.028978568905736211e+02
3.070000000000000284e+00 -9.131961807347626063e+02
3.080000000000000071e+00 -9.250006661900769132e+02
3.092500000000000249e+00 -9.400205296753349558e+02
3.102500000000000036e+00 -9.497692116886520353e+02
3.115000000000000213e+00 -9.563950376295231308e+02
3.125000000000000000e+00 -9.564688236495882165e+02
3.137500000000000178e+00 -9.524933445348476653e+02
3.150000000000000355e+00 -9.499417351396867844e+02
3.160000000000000586e+00 -9.510589983730883432e+02
3.172500000000000320e+00 -9.581666345098876718e+02
3.182500000000000551e+00 -9.683772442164522545e+02
3.195000000000000284e+00 -9.835357596042252908e+02
3.205000000000000515e+00 -9.937792457373340085e+02
3.217500000000000249e+00 -1.000899907874377277e+03
3.227500000000000480e+00 -1.001788786539662510e+03
3.240000000000000657e+00 -9.984476250174026291e+02
3.250000000000000888e+00 -9.943770513545932772e+02
3.262500000000000622e+00 -9.911287765782907400e+02
3.275000000000000355e+00 -9.936722002931948055e+02
3.285000000000000586e+00 -9.989922030377330202e+02
3.297500000000000320e+00 -1.007719513303373787e+03
3.307500000000000551e+00 -1.014625190182185861e+03
3.320000000000000728e+00 -1.019976385163726604e+03
3.330000000000000959e+00 -1.019577284850175147e+03
3.342500000000000693e+00 -1.013629368553166614e+03
3.352500000000000924e+00 -1.006974987738844447e+03
3.365000000000000657e+00 -9.998394232206949255e+02
3.375000000000000888e+00 -9.968465780345466101e+02
3.387500000000000622e+00 -9.980748852724367453e+02
3.400000000000001243e+00 -1.005147658697030352e+03
3.410000000000001030e+00 -1.011839495378055631e+03
3.422500000000001208e+00 -1.018264516796548833e+03
3.432500000000000995e+00 -1.020891124435297911e+03
3.445000000000001172e+00 -1.020636938336316575e+03
3.455000000000000959e+00 -1.018005281502372895e+03
3.467500000000001137e+00 -1.014358880298063127e+03
3.477500000000000924e+00 -1.013786443600433017e+03
3.490000000000001101e+00 -1.017313950317798685e+03
3.500000000000001332e+00 -1.022405445199654650e+03
3.512500000000001510e+00 -1.029402356947505723e+03
3.525000000000001243e+00 -1.035105911529679588e+03
3.535000000000001030e+00 -1.035709267950700223e+03
3.547500000000001208e+00 -1.030467319066472555e+03
3.557500000000000995e+00 -1.022959676454594160e+03
3.570000000000001172e+00 -1.012276964636004095e+03
3.580000000000001403e+00 -1.004646574671022904e+03
3.592500000000001581e+00 -9.990971754984486779e+02
3.602500000000001368e+00 -9.993471455067716533e+02
3.615000000000001545e+00 -1.004401935996299812e+03
3.625000000000001332e+00 -1.009461398847594296e+03
3.637500000000001510e+00 -1.013861540047999256e+03
3.650000000000001243e+00 -1.015236241103891871e+03
3.660000000000001918e+00 -1.013248965280118455e+03
3.672500000000001652e+00 -1.009103486152266555e+03
3.682500000000001883e+00 -1.007555890710699600e+03
3.695000000000001616e+00 -1.010609141467146628e+03
3.705000000000001847e+00 -1.017187778303251207e+03
3.717500000000001581e+00 -1.029381385371875012e+03
3.727500000000001812e+00 -1.040611232340217612e+03
3.740000000000001990e+00 -1.052435774458072501e+03
3.750000000000001776e+00 -1.056915840550922894e+03
3.762500000000001954e+00 -1.054795490332311374e+03
3.775000000000001688e+00 -1.046702924534583417e+03
3.785000000000001918e+00 -1.037539541190531054e+03
3.797500000000001652e+00 -1.026828338794468891e+03
3.807500000000001883e+00 -1.021938383642716190e+03
3.820000000000002061e+00 -1.021531206620278454e+03
3.830000000000001847e+00 -1.024080727383555541e+03
3.842500000000002025e+00 -1.027796486496117495e+03
3.852500000000002256e+00 -1.029392424213547656e+03
3.865000000000001990e+00 -1.027582578697671124e+03
3.875000000000002220e+00 -1.022516292171872010e+03
3.887500000000001954e+00 -1.014187465956278061e+03
3.900000000000002576e+00 -1.009302498224647252e+03
3.910000000000001918e+00 -1.009688637588540928e+03
3.922500000000002540e+00 -1.017084447409464133e+03
3.932500000000001883e+00 -1.028470569404507842e+03
3.945000000000002505e+00 -1.046155762113071660e+03
3.955000000000001847e+00 -1.058886951745736951e+03
3.967500000000002469e+00 -1.068750099818332046e+03
3.977500000000001812e+00 -1.070751711802016189e+03
3.990000000000002434e+00 -1.066263513667811822e+03
4.012500000000000178e+00 -1.050246796157333847e+03
4.025000000000000355e+00 -1.042163533315920859e+03
4.035000000000000142e+00 -1.039676323847019603e+03
4.047500000000000320e+00 -1.041087052237081934e+03
4.057500000000000107e+00 -1.043113794478491855e+03
4.069999999999999396e+00 -1.043110548982480395e+03
4.080000000000000071e+00 -1.039583702894803082e+03
4.092499999999999361e+00 -1.029934397705007314e+03
4.102500000000000036e+00 -1.018677826513434184e+03
4.115000000000000213e+00 -1.004034148352750094e+03
4.125000000000000000e+00 -9.958841859612610961e+02
4.137500000000000178e+00 -9.935547469646631953e+02
4.150000000000000355e+00 -9.995392381953846552e+02
4.160000000000000142e+00 -1.009775789193013566e+03
4.172500000000000320e+00 -1.025319251759154895e+03
4.182500000000000107e+00 -1.035794930656312090e+03
4.195000000000001172e+00 -1.042920786060830324e+03
4.205000000000000071e+00 -1.043623421479276885e+03
4.217500000000001137e+00 -1.039601456081037213e+03
4.227500000000000036e+00 -1.034179645093531462e+03
4.240000000000001101e+00 -1.028264398863770566e+03
4.250000000000000000e+00 -1.026667469635719272e+03
4.262500000000001066e+00 -1.028888378501924080e+03
4.275000000000001243e+00 -1.032205536804379790e+03
4.285000000000001030e+00 -1.033930201686862119e+03
4.297500000000001208e+00 -1.031832687399906035e+03
4.307500000000000995e+00 -1.025021578250207767e+03
4.320000000000001172e+00 -1.011144804089797617e+03
4.330000000000000071e+00 -9.988455744507585905e+02
4.342500000000001137e+00 -9.861963348683707409e+02
4.352500000000000036e+00 -9.803094280707128974e+02
4.365000000000001101e+00 -9.800445075733177873e+02
4.375000000000000888e+00 -9.857526003356174442e+02
4.387500000000001066e+00 -9.976141816743587469e+02
4.400000000000001243e+00 -1.009207451699036596e+03
4.410000000000001030e+00 -1.016611211890771415e+03
4.422500000000001208e+00 -1.021893162707641750e+03
4.432500000000000995e+00 -1.022622609841731105e+03
4.445000000000001172e+00 -1.021397172173652280e+03
4.455000000000001847e+00 -1.021497723328751022e+03
4.467500000000001137e+00 -1.025101582011260462e+03
4.477500000000001812e+00 -1.030376835565836245e+03
4.490000000000001101e+00 -1.038383803737946891e+03
4.500000000000001776e+00 -1.044394265697736046e+03
4.512500000000001066e+00 -1.048275230065755295e+03
4.525000000000001243e+00 -1.044737773961667699e+03
4.535000000000001030e+00 -1.037721253847937533e+03
4.547500000000001208e+00 -1.025987096564345620e+03
4.557500000000001883e+00 -1.016036483077819639e+03
4.570000000000001172e+00 -1.006067951996249576e+03
4.580000000000001847e+00 -1.002184172196512122e+03
4.592500000000001137e+00 -1.002466076006235539e+03
4.602500000000001812e+00 -1.004839865351226877e+03
4.615000000000001101e+00 -1.007891075799340797e+03
4.625000000000001776e+00 -1.009306781183834460e+03
4.637500000000001954e+00 -1.008533140000010917e+03
4.650000000000001243e+00 -1.004082226413760054e+03
4.660000000000001918e+00 -1.000367673675680066e+03
4.672500000000001208e+00 -9.979814701894085829e+02
4.682500000000001883e+00 -9.985316702001307476e+02
4.695000000000001172e+00 -1.002644883740096361e+03
4.705000000000001847e+00 -1.008371337412673483e+03
4.717500000000002025e+00 -1.016087240998154016e+03
4.727500000000001812e+00 -1.020055827310731388e+03
4.740000000000001990e+00 -1.020574680998332838e+03
4.750000000000001776e+00 -1.018092884798635282e+03
4.762500000000001954e+00 -1.012969209876399418e+03
4.775000000000001243e+00 -1.007077251028214732e+03
4.785000000000001918e+00 -1.004688591796497349e+03
4.797500000000002096e+00 -1.005813434731507414e+03
4.807500000000001883e+00 -1.008985155797420816e+03
4.820000000000002061e+00 -1.013972608638744305e+03
4.830000000000001847e+00 -1.017637984882042929e+03
4.842500000000002025e+00 -1.019704952938472616e+03
4.852500000000001812e+00 -1.018010861391544495e+03
4.865000000000001990e+00 -1.012412549447936613e+03
4.875000000000002665e+00 -1.007324655354244669e+03
4.887500000000001954e+00 -1.002662791483392311e+03
4.900000000000002132e+00 -1.000589047019051236e+03
4.910000000000001918e+00 -1.002128000034682827e+03
4.922500000000002096e+00 -1.006759989006307705e+03
4.932500000000001883e+00 -1.010119257462240853e+03
4.945000000000002061e+00 -1.011332567658711469e+03
4.955000000000002736e+00 -1.009493850272195687e+03
4.967500000000002025e+00 -1.003965979774274501e+03
4.977500000000002700e+00 -9.977569642297256678e+02
4.990000000000001101e+00 -9.907582417749907790e+02
5.012500000000000178e+00 -9.898445490011727088e+02
5.025000000000000355e+00 -9.965728109566573494e+02
5.035000000000000142e+00 -1.003724668661713281e+03
5.047500000000000320e+00 -1.011863721343183443e+03
5.057500000000000107e+00 -1.016340824693807804e+03
5.070000000000000284e+00 -1.017863875916978600e+03
5.080000000000000071e+00 -1.015333221554959437e+03
5.092499999999999361e+00 -1.009461509048746848e+03
5.102500000000000036e+00 -1.005383659094215773e+03
5.115000000000000213e+00 -1.003456384815098318e+03
5.125000000000000000e+00 -1.004499742203760320e+03
5.137500000000000178e+00 -1.008149200159293969e+03
5.150000000000000355e+00 -1.012965517440243048e+03
5.160000000000000142e+00 -1.014263024241114636e+03
5.172500000000000320e+00 -1.010602799426682509e+03
5.182500000000000107e+00 -1.003958309104223076e+03
5.195000000000001172e+00 -9.928336582656978635e+02
5.205000000000000071e+00 -9.834527055914321636e+02
5.217500000000001137e+00 -9.746886208232442641e+02
5.227500000000000036e+00 -9.726157834864093275e+02
5.240000000000001101e+00 -9.767206204229794366e+02
5.250000000000000000e+00 -9.834320924813255260e+02
5.262500000000001066e+00 -9.930020011290158664e+02
5.275000000000001243e+00 -1.001554571283291125e+03
5.285000000000001030e+00 -1.004944727567444829e+03
5.297500000000001208e+00 -1.004655774844182247e+03
5.307500000000000995e+00 -1.002749206766879865e+03
5.320000000000001172e+00 -1.001093782691271144e+03
5.330000000000000959e+00 -1.001668930168914017e+03
5.342500000000001137e+00 -1.006152800715610965e+03
5.352500000000000924e+00 -1.012985453628985852e+03
5.365000000000001101e+00 -1.023048880237705248e+03
5.375000000000000888e+00 -1.029028222363609984e+03
5.387500000000001066e+00 -1.030858912099221243e+03
5.400000000000001243e+00 -1.026390150074962548e+03
5.410000000000001030e+00 -1.018131751518863325e+03
5.422500000000001208e+00 -1.005015220301550357e+03
5.432500000000000995e+00 -9.958642274188057399e+02
5.445000000000001172e+00 -9.893068773553450228e+02
5.455000000000001847e+00 -9.883442989855697078e+02
5.467500000000001137e+00 -9.917258372968829008e+02
5.477500000000001812e+00 -9.969293423783010439e+02
5.490000000000001101e+00 -1.003402338568835944e+03
5.500000000000001776e+00 -1.005977098676304649e+03
5.512500000000001066e+00 -1.005042836517449132e+03
5.525000000000001243e+00 -1.002105725568357229e+03
5.535000000000001918e+00 -9.993326874970755398e+02
5.547500000000001208e+00 -9.980609505655311295e+02
5.557500000000001883e+00 -1.000758427142731875e+03
5.570000000000001172e+00 -1.008677550999117784e+03
5.580000000000001847e+00 -1.016509689430824665e+03
5.592500000000001137e+00 -1.025066654238772344e+03
5.602500000000001812e+00 -1.029336995316320781e+03
5.615000000000001990e+00 -1.029588670956580245e+03
5.625000000000001776e+00 -1.025059035102187636e+03
5.637500000000001954e+00 -1.015402301782002041e+03
5.650000000000001243e+00 -1.006061801550935456e+03
5.660000000000001918e+00 -1.000157562618972293e+03
5.672500000000001208e+00 -9.963538904937732923e+02
5.682500000000001883e+00 -9.967598366635962748e+02
5.695000000000002061e+00 -9.999123541832739193e+02
5.705000000000001847e+00 -1.002076686351910212e+03
5.717500000000002025e+00 -1.002313067047013760e+03
5.727500000000001812e+00 -1.000656371966404095e+03
5.740000000000001990e+00 -9.970898890501437108e+02
5.750000000000001776e+00 -9.938654473557580786e+02
5.762500000000001954e+00 -9.917263882309875953e+02
5.775000000000002132e+00 -9.948408350441998209e+02
5.785000000000001918e+00 -1.000276240681901527e+03
5.797500000000002096e+00 -1.009212788570902603e+03
5.807500000000001883e+00 -1.016861598177849146e+03
5.820000000000002061e+00 -1.024388996914775134e+03
5.830000000000001847e+00 -1.026783818197118990e+03
5.842500000000002025e+00 -1.025018827337429911e+03
5.852500000000001812e+00 -1.021455567541859409e+03
5.865000000000001990e+00 -1.016484703555975329e+03
5.875000000000001776e+00 -1.012999198617929096e+03
5.887500000000001954e+00 -1.010477519379179739e+03
5.900000000000002132e+00 -1.011156292183793880e+03
5.910000000000001918e+00 -1.011948122521333403e+03
5.922500000000002096e+00 -1.011439933239924017e+03
5.932500000000001883e+00 -1.009507118100130924e+03
5.945000000000002061e+00 -1.004915723428900492e+03
5.955000000000001847e+00 -9.995486126723669713e+02
5.967500000000002025e+00 -9.926729901883027196e+02
5.977500000000001812e+00 -9.892954608679299326e+02
5.990000000000001990e+00 -9.891403448326060470e+02
6.012500000000000178e+00 -9.960965088920609105e+02
6.025000000000000355e+00 -1.001906449366001084e+03
6.035000000000000142e+00 -1.005799679366557484e+03
6.047500000000000320e+00 -1.008410241709003344e+03
6.057500000000000107e+00 -1.008016428676548344e+03
6.070000000000000284e+00 -1.005643405488064332e+03
6.080000000000000071e+00 -1.004317185917187885e+03
6.092500000000000249e+00 -1.005014598097850239e+03
6.102500000000000036e+00 -1.007289465761488032e+03
6.115000000000000213e+00 -1.011683964600666741e+03
6.125000000000000000e+00 -1.015881414517461963e+03
6.137500000000000178e+00 -1.019916088813499414e+03
6.150000000000000355e+00 -1.019523898999553126e+03
6.160000000000000142e+00 -1.016706623391380163e+03
6.172500000000000320e+00 -1.011120637980049423e+03
6.182500000000000107e+00 -1.005790100704019551e+03
6.195000000000001172e+00 -1.000254833991907276e+03
6.205000000000000071e+00 -9.985179712725622494e+02
6.217500000000001137e+00 -9.999161699603482703e+02
6.227500000000000036e+00 -1.002317809026222221e+03
6.240000000000001101e+00 -1.004799371462906038e+03
6.250000000000000000e+00 -1.005405487191604607e+03
6.262500000000001066e+00 -1.003274315988314925e+03
6.275000000000001243e+00 -9.970416388782774675e+02
6.285000000000001030e+00 -9.914520278807581235e+02
6.297500000000001208e+00 -9.860734079179784430e+02
6.307500000000000995e+00 -9.838395430550289120e+02
6.320000000000001172e+00 -9.844595655557709506e+02
6.330000000000000959e+00 -9.878629116382244320e+02
6.342500000000001137e+00 -9.938525293095568713e+02
6.352500000000000924e+00 -9.976155916986331249e+02
6.365000000000001101e+00 -9.991664318732252923e+02
6.375000000000000888e+00 -9.981237884654487971e+02
6.387500000000001066e+00 -9.948915026033967024e+02
6.400000000000001243e+00 -9.904589669501800699e+02
6.410000000000001030e+00 -9.888409738338275474e+02
6.422500000000001208e+00 -9.906723569372380780e+02
6.432500000000000995e+00 -9.945346176860185778e+02
6.445000000000001172e+00 -1.000853270003189664e+03
6.455000000000001847e+00 -1.005955619943159832e+03
6.467500000000001137e+00 -1.009952359422248605e+03
6.477500000000001812e+00 -1.009470780959379113e+03
6.490000000000001101e+00 -1.004439063013929854e+03
6.500000000000001776e+00 -9.988449575783577075e+02
6.512500000000001066e+00 -9.925279628362470703e+02
6.525000000000001243e+00 -9.883353018507355046e+02
6.535000000000001030e+00 -9.885085813602964890e+02
6.547500000000001208e+00 -9.926717903022237124e+02
6.557500000000001883e+00 -9.970279247165342440e+02
6.570000000000001172e+00 -1.001209799740993049e+03
6.580000000000001847e+00 -1.002637182122129161e+03
6.592500000000001137e+00 -1.001132854064491767e+03
6.602500000000001812e+00 -9.971262734040944906e+02
6.615000000000001101e+00 -9.906724544586487582e+02
6.625000000000001776e+00 -9.869793702816324412e+02
6.637500000000001954e+00 -9.862748351486911815e+02
6.650000000000001243e+00 -9.892292732223728535e+02
6.660000000000001918e+00 -9.943524067527275747e+02
6.672500000000001208e+00 -1.001786841707555368e+03
6.682500000000001883e+00 -1.005836576276529286e+03
6.695000000000001172e+00 -1.006600458560545803e+03
6.705000000000001847e+00 -1.004189989121123176e+03
6.717500000000002025e+00 -9.986568984132966307e+02
6.727500000000001812e+00 -9.933131820175071880e+02
6.740000000000001990e+00 -9.880887171941907354e+02
6.750000000000001776e+00 -9.870582145328253318e+02
6.762500000000001954e+00 -9.899164870343777238e+02
6.775000000000001243e+00 -9.944652562147502977e+02
6.785000000000001918e+00 -9.984233513068554657e+02
6.797500000000002096e+00 -1.001434413416739176e+03
6.807500000000001883e+00 -1.000629427387347846e+03
6.820000000000002061e+00 -9.958951062024405019e+02
6.830000000000001847e+00 -9.911082930451206039e+02
6.842500000000002025e+00 -9.863507406701710352e+02
6.852500000000001812e+00 -9.844784760233911811e+02
6.865000000000001990e+00 -9.856851686649199564e+02
6.875000000000002665e+00 -9.898586655549825082e+02
6.887500000000001954e+00 -9.972417001164914154e+02
6.900000000000002132e+00 -1.002842139023809295e+03
6.910000000000001918e+00 -1.005291901074788257e+03
6.922500000000002096e+00 -1.004895745034854372e+03
6.932500000000001883e+00 -1.001604157328578026e+03
6.945000000000002061e+00 -9.957046249812551650e+02
6.955000000000002736e+00 -9.920571600228398665e+02
6.967500000000002025e+00 -9.907704954138059747e+02
6.977500000000002700e+00 -9.921406148800589335e+02
6.990000000000001101e+00 -9.960604865701819790e+02
7.012500000000000178e+00 -1.003447626977933396e+03
7.025000000000000355e+00 -1.005064521203354275e+03
7.035000000000000142e+00 -1.003336484773389998e+03
7.047500000000000320e+00 -9.982056481867243747e+02
7.057500000000000107e+00 -9.937980169885701116e+02
7.070000000000000284e+00 -9.901122919543613534e+02
7.080000000000000071e+00 -9.891545781447513264e+02
7.092500000000000249e+00 -9.909073663388491013e+02
7.102500000000000036e+00 -9.947368296986552423e+02
7.115000000000001101e+00 -1.000750655107660918e+03
7.125000000000000000e+00 -1.004351759569599039e+03
7.137500000000000178e+00 -1.005934278169373101e+03
7.150000000000000355e+00 -1.005393214988907516e+03
7.160000000000000142e+00 -1.003272489369624282e+03
7.172500000000000320e+00 -1.000321434293716720e+03
7.182500000000000107e+00 -9.997080652097224629e+02
7.195000000000001172e+00 -1.002084174510683511e+03
7.205000000000000071e+00 -1.005641370354264836e+03
7.217500000000001137e+00 -1.010865895308402401e+03
7.227500000000000036e+00 -1.014974361711290499e+03
7.240000000000001101e+00 -1.018427464247771695e+03
7.250000000000000000e+00 -1.018627006484694675e+03
7.262500000000001066e+00 -1.016036309521444309e+03
7.275000000000001243e+00 -1.013093798812600085e+03
7.285000000000001030e+00 -1.010826851352246308e+03
7.297500000000001208e+00 -1.009331865756674574e+03
7.307500000000000995e+00 -1.010154970466671330e+03
7.320000000000001172e+00 -1.013066658177059821e+03
7.330000000000000959e+00 -1.015204497662799213e+03
7.342500000000001137e+00 -1.016136709551431977e+03
7.352500000000000924e+00 -1.015445747900599827e+03
7.365000000000001101e+00 -1.012796009027092623e+03
7.375000000000001776e+00 -1.009257508724174272e+03
7.387500000000001066e+00 -1.004617456389350650e+03
7.400000000000001243e+00 -1.002801847167675078e+03
7.410000000000001030e+00 -1.003093941880402781e+03
7.422500000000001208e+00 -1.005412277161642351e+03
7.432500000000000995e+00 -1.008658823409296701e+03
7.445000000000001172e+00 -1.012882469208018051e+03
7.455000000000001847e+00 -1.014713334680957018e+03
7.467500000000001137e+00 -1.014562311625734992e+03
7.477500000000001812e+00 -1.013551441855419284e+03
7.490000000000001101e+00 -1.012409345885127323e+03
7.500000000000001776e+00 -1.011921617373792628e+03
7.512500000000001066e+00 -1.012680435067362282e+03
7.525000000000001243e+00 -1.016118336659978809e+03
7.535000000000001918e+00 -1.018989906350967203e+03
7.547500000000001208e+00 -1.021179309303749505e+03
7.557500000000001883e+00 -1.021483639115874212e+03
7.570000000000001172e+00 -1.019478985127276019e+03
7.580000000000001847e+00 -1.015641401845205451e+03
7.592500000000001137e+00 -1.009499327481980572e+03
7.602500000000001812e+00 -1.005565135570121583e+03
7.615000000000001990e+00 -1.003344310414282518e+03
7.625000000000001776e+00 -1.003432234990706320e+03
7.637500000000001954e+00 -1.005327705210540103e+03
7.650000000000001243e+00 -1.008927616035126903e+03
7.660000000000001918e+00 -1.010688790062152862e+03
7.672500000000001208e+00 -1.010333351789891481e+03
7.682500000000001883e+00 -1.008624915126240353e+03
7.695000000000002061e+00 -1.005778853748666847e+03
7.705000000000001847e+00 -1.003578008880429365e+03
7.717500000000002025e+00 -1.002672655035869525e+03
7.727500000000001812e+00 -1.004803088905555342e+03
7.740000000000001990e+00 -1.010707353880591995e+03
7.750000000000001776e+00 -1.016202259793591907e+03
7.762500000000001954e+00 -1.021880510298468948e+03
7.775000000000002132e+00 -1.025493532669723209e+03
7.785000000000001918e+00 -1.025171198718104051e+03
7.797500000000002096e+00 -1.021229097501605338e+03
7.807500000000001883e+00 -1.017174941034621838e+03
7.820000000000002061e+00 -1.013140234422474578e+03
7.830000000000001847e+00 -1.011359910679015115e+03
7.842500000000002025e+00 -1.011654791290320077e+03
7.852500000000001812e+00 -1.014111542948988244e+03
7.865000000000001990e+00 -1.018211990835134770e+03
7.875000000000001776e+00 -1.020024178077843658e+03
7.887500000000001954e+00 -1.018829186906929749e+03
7.900000000000002132e+00 -1.014731722599285831e+03
7.910000000000001918e+00 -1.009245056148368349e+03
7.922500000000002096e+00 -1.001738039132681024e+03
7.932500000000001883e+00 -9.976071237651211732e+02
7.945000000000002061e+00 -9.963051693648893661e+02
7.955000000000001847e+00 -9.977893207198234222e+02
7.967500000000002025e+00 -1.001527332677281720e+03
7.977500000000001812e+00 -1.005090723125736758e+03
7.990000000000001990e+00 -1.008089302873152974e+03
8.012500000000001066e+00 -1.005040405020758271e+03
8.025000000000000355e+00 -9.994572255549119291e+02
8.035000000000000142e+00 -9.953857626472480433e+02
8.047500000000001208e+00 -9.930502445882218581e+02
8.057500000000000995e+00 -9.937651920478950842e+02
8.070000000000000284e+00 -9.978949244440508437e+02
8.080000000000000071e+00 -1.003410448941222967e+03
8.092500000000001137e+00 -1.010738558539012615e+03
8.102500000000000924e+00 -1.014514588986035051e+03
8.115000000000000213e+00 -1.015196577427654461e+03
8.125000000000000000e+00 -1.013145329453493900e+03
8.137500000000001066e+00 -1.008594602936073329e+03
8.150000000000000355e+00 -1.002850821850351394e+03
8.160000000000000142e+00 -9.999905131373501490e+02
8.172500000000001208e+00 -9.995419015333471862e+02
8.182500000000000995e+00 -1.000704948436355380e+03
8.195000000000000284e+00 -1.002515632369157629e+03
8.205000000000000071e+00 -1.003424003703293124e+03
8.217500000000001137e+00 -1.002233914623044143e+03
8.227500000000000924e+00 -9.982896424565418556e+02
8.240000000000000213e+00 -9.903451461231371695e+02
8.250000000000000000e+00 -9.835740234225307859e+02
8.262500000000001066e+00 -9.768677638366883684e+02
8.275000000000000355e+00 -9.728236207314811281e+02
8.285000000000000142e+00 -9.730822168705109334e+02
8.297500000000001208e+00 -9.771459664757976498e+02
8.307500000000000995e+00 -9.814664456375421651e+02
8.320000000000000284e+00 -9.862199155523528589e+02
8.330000000000000071e+00 -9.890583512568830429e+02
8.342500000000001137e+00 -9.908722420829958537e+02
8.352500000000000924e+00 -9.906662234755051486e+02
8.365000000000000213e+00 -9.896861858673780716e+02
8.375000000000000000e+00 -9.900740711493341450e+02
8.387500000000001066e+00 -9.928565774970994653e+02
8.400000000000000355e+00 -9.965687256292902703e+02
8.410000000000000142e+00 -1.000198455712340660e+03
8.422500000000001208e+00 -1.003754402980338568e+03
8.432500000000000995e+00 -1.003951754235669455e+03
8.445000000000000284e+00 -1.000198814085455410e+03
8.455000000000000071e+00 -9.950404600242923152e+02
8.467500000000001137e+00 -9.873348717291510184e+02
8.477500000000000924e+00 -9.808854257396735647e+02
8.490000000000000213e+00 -9.741699255937601265e+02
8.500000000000000000e+00 -9.712729493882137604e+02
8.512500000000001066e+00 -9.707418453345864009e+02
8.525000000000002132e+00 -9.713461487989806074e+02
8.535000000000000142e+00 -9.726791754711700833e+02
8.547500000000001208e+00 -9.745329704986287425e+02
8.557500000000000995e+00 -9.753070649753425414e+02
8.570000000000002061e+00 -9.758905590153924550e+02
8.580000000000000071e+00 -9.774140844071532683e+02
8.592500000000001137e+00 -9.814557201531534929e+02
8.602500000000000924e+00 -9.859045225124087892e+02
8.615000000000001990e+00 -9.924217147231476019e+02
8.625000000000000000e+00 -9.980946019127200088e+02
8.637500000000001066e+00 -1.004112110233097496e+03
8.650000000000002132e+00 -1.006073746186418703e+03
8.660000000000000142e+00 -1.005272012008240381e+03
8.672500000000001208e+00 -1.001723204616693579e+03
8.682500000000000995e+00 -9.970042739493454746e+02
8.695000000000002061e+00 -9.901514129197488501e+02
8.705000000000000071e+00 -9.854487334892030503e+02
8.717500000000001137e+00 -9.810451697883311226e+02
8.727500000000002700e+00 -9.778630900337079765e+02
8.740000000000001990e+00 -9.736370625843931066e+02
8.750000000000001776e+00 -9.702667727522309633e+02
8.762500000000001066e+00 -9.658908561328061069e+02
8.775000000000002132e+00 -9.605768797478929173e+02
8.785000000000001918e+00 -9.575361212098333681e+02
8.797500000000001208e+00 -9.566312944831769300e+02
8.807500000000002771e+00 -9.582838877510243947e+02
8.820000000000002061e+00 -9.635251508425064912e+02
8.830000000000003624e+00 -9.703285660898498008e+02
8.842500000000001137e+00 -9.804595800970149639e+02
8.852500000000002700e+00 -9.877401500091946218e+02
8.865000000000001990e+00 -9.941822853330910448e+02
8.875000000000003553e+00 -9.972955410439697062e+02
8.887500000000002842e+00 -9.988421989483624657e+02
8.900000000000002132e+00 -9.975780654622230941e+02
8.910000000000003695e+00 -9.965587227746026429e+02
8.922500000000001208e+00 -9.961854203651768103e+02
8.932500000000002771e+00 -9.959808512966238823e+02
8.945000000000002061e+00 -9.951385120427098627e+02
8.955000000000003624e+00 -9.938615699243233621e+02
8.967500000000002913e+00 -9.905512750822600765e+02
8.977500000000002700e+00 -9.855801240557570964e+02
8.990000000000001990e+00 -9.770610715042460015e+02
9.012500000000001066e+00 -9.643754983535927749e+02
9.025000000000002132e+00 -9.605018128918450202e+02
9.035000000000001918e+00 -9.600802430787230151e+02
9.047500000000001208e+00 -9.627149618077856985e+02
9.057500000000000995e+00 -9.670927406505521731e+02
9.070000000000002061e+00 -9.734818356385238758e+02
9.080000000000001847e+00 -9.772062772578717613e+02
9.092500000000001137e+00 -9.789696249945811815e+02
9.102500000000000924e+00 -9.787924792465452128e+02
9.115000000000001990e+00 -9.776283348248047105e+02
9.125000000000001776e+00 -9.764008331855785627e+02
9.137500000000001066e+00 -9.758584701420177225e+02
9.150000000000002132e+00 -9.782768033318466223e+02
9.160000000000001918e+00 -9.808217568633325527e+02
9.172500000000001208e+00 -9.831789796593648134e+02
9.182500000000000995e+00 -9.837499380520257546e+02
9.195000000000002061e+00 -9.815626929926789899e+02
9.205000000000001847e+00 -9.766866306313422683e+02
9.217500000000001137e+00 -9.678078955222813420e+02
9.227500000000000924e+00 -9.606815356203510419e+02
9.240000000000001990e+00 -9.539768080099763665e+02
9.250000000000001776e+00 -9.508502055533372186e+02
9.262500000000001066e+00 -9.503035480708288105e+02
9.275000000000002132e+00 -9.539843878691963255e+02
9.285000000000001918e+00 -9.576485724737577812e+02
9.297500000000001208e+00 -9.611800410680116329e+02
9.307500000000000995e+00 -9.628353229665974595e+02
9.320000000000002061e+00 -9.631956491150483544e+02
9.330000000000001847e+00 -9.620619710129789155e+02
9.342500000000001137e+00 -9.604587767832476857e+02
9.352500000000000924e+00 -9.608821909372258006e+02
9.365000000000001990e+00 -9.643539240566741455e+02
9.375000000000001776e+00 -9.685492283278098284e+02
9.387500000000001066e+00 -9.741636953026195442e+02
9.400000000000002132e+00 -9.793807887150497891e+02
9.410000000000001918e+00 -9.809584081180081512e+02
9.422500000000001208e+00 -9.789603265106220533e+02
9.432500000000000995e+00 -9.752533387877558653e+02
9.445000000000002061e+00 -9.695124709372306597e+02
9.455000000000001847e+00 -9.648266066433037622e+02
9.467500000000001137e+00 -9.605826541734697912e+02
9.477500000000000924e+00 -9.597771151747566591e+02
9.490000000000001990e+00 -9.616576927247788262e+02
9.500000000000001776e+00 -9.638191049825629761e+02
9.512500000000001066e+00 -9.657105920333301583e+02
9.525000000000002132e+00 -9.666075166606487983e+02
9.535000000000001918e+00 -9.652968021747212788e+02
9.547500000000002984e+00 -9.618487321921409148e+02
9.557500000000000995e+00 -9.594552000224325639e+02
9.570000000000002061e+00 -9.585843936703109875e+02
9.580000000000001847e+00 -9.596727882448544733e+02
9.592500000000002913e+00 -9.632998471379097509e+02
9.602500000000000924e+00 -9.679571929694819801e+02
9.615000000000001990e+00 -9.742367585016195335e+02
9.625000000000001776e+00 -9.775948769893387862e+02
9.637500000000002842e+00 -9.785772773465661203e+02
9.650000000000002132e+00 -9.772648877721960616e+02
9.660000000000001918e+00 -9.743481459933356064e+02
9.672500000000002984e+00 -9.699496368768375305e+02
9.682500000000000995e+00 -9.676988644180933079e+02
9.695000000000002061e+00 -9.673761674195924343e+02
9.705000000000001847e+00 -9.683955086162313819e+02
9.717500000000002913e+00 -9.703845105826458166e+02
9.727500000000002700e+00 -9.722442271985648858e+02
9.740000000000001990e+00 -9.736846814728152140e+02
9.750000000000003553e+00 -9.730396185544899481e+02
9.762500000000002842e+00 -9.703448190604271986e+02
9.775000000000002132e+00 -9.681285486168450234e+02
9.785000000000001918e+00 -9.668272131993152243e+02
9.797500000000002984e+00 -9.667833665752243633e+02
9.807500000000004547e+00 -9.688594513793175338e+02
9.820000000000002061e+00 -9.734252357116065468e+02
9.830000000000003624e+00 -9.769551034281406601e+02
9.842500000000002913e+00 -9.797349104310736720e+02
9.852500000000004476e+00 -9.805532730587965489e+02
9.865000000000001990e+00 -9.795916399018448146e+02
9.875000000000003553e+00 -9.770546889634388208e+02
9.887500000000004619e+00 -9.729689572270369808e+02
9.900000000000002132e+00 -9.706777631075453883e+02
9.910000000000003695e+00 -9.698083834842655051e+02
9.922500000000002984e+00 -9.698582466291021547e+02
9.932500000000004547e+00 -9.709179813838056816e+02
9.945000000000002061e+00 -9.723549124734209954e+02
9.955000000000003624e+00 -9.721468485305416607e+02
9.967500000000004690e+00 -9.698050904263926668e+02
9.977500000000004476e+00 -9.672926271049758498e+02
9.990000000000001990e+00 -9.644828892866055412e+02
1.001250000000000107e+01 -9.626360966302875113e+02
1.002500000000000036e+01 -9.642712206286176979e+02
1.003500000000000014e+01 -9.670382931737576655e+02
1.004750000000000121e+01 -9.711471211832802055e+02
1.005750000000000099e+01 -9.733057067706746466e+02
1.007000000000000028e+01 -9.736200201247004316e+02
1.008000000000000007e+01 -9.723823193088215930e+02
1.009250000000000114e+01 -9.693682806805784367e+02
1.010250000000000092e+01 -9.658011840151625620e+02
1.011500000000000021e+01 -9.609596621126643186e+02
1.012500000000000000e+01 -9.580255049389431861e+02
1.013750000000000107e+01 -9.556380416562413984e+02
1.015000000000000036e+01 -9.526991457565889050e+02
1.016000000000000014e+01 -9.502160184592114547e+02
1.017250000000000121e+01 -9.462321430255109362e+02
1.018250000000000099e+01 -9.415504728515828674e+02
1.019500000000000028e+01 -9.344444423548058012e+02
1.020500000000000007e+01 -9.293339885837841621e+02
1.021750000000000114e+01 -9.249801507861772052e+02
1.022750000000000092e+01 -9.231711693051280463e+02
1.024000000000000021e+01 -9.230848623572838960e+02
1.025000000000000000e+01 -9.246814886640870554e+02
1.026250000000000107e+01 -9.276404161881514483e+02
1.027500000000000036e+01 -9.291544525596442554e+02
1.028500000000000014e+01 -9.297851006288058215e+02
1.029750000000000121e+01 -9.298245144542083835e+02
1.030750000000000099e+01 -9.289347455367515067e+02
1.032000000000000028e+01 -9.275192525560444210e+02
1.033000000000000007e+01 -9.274060101680689741e+02
1.034250000000000114e+01 -9.288661612751418488e+02
1.035250000000000092e+01 -9.303476366919328484e+02
1.036500000000000021e+01 -9.315822120098248433e+02
1.037500000000000000e+01 -9.318497958599639333e+02
1.038750000000000107e+01 -9.303388100488874670e+02
1.040000000000000213e+01 -9.252566340276988512e+02
1.041000000000000014e+01 -9.201573186736849266e+02
1.042250000000000121e+01 -9.138665280341904236e+02
1.043250000000000099e+01 -9.093533233726886920e+02
1.044500000000000028e+01 -9.054880251285279655e+02
1.045500000000000007e+01 -9.047697425334442869e+02
1.046750000000000114e+01 -9.063189607173006834e+02
1.047750000000000092e+01 -9.080218597700113605e+02
1.049000000000000021e+01 -9.096100615521429518e+02
1.050000000000000000e+01 -9.106028443433422126e+02
1.051250000000000107e+01 -9.114714704836306964e+02
1.052500000000000213e+01 -9.113272581113498063e+02
1.053500000000000014e+01 -9.122707491983697992e+02
1.054750000000000121e+01 -9.156062275346474735e+02
1.055750000000000099e+01 -9.194567931487829355e+02
1.057000000000000206e+01 -9.250557174972467465e+02
1.058000000000000007e+01 -9.298199312079475476e+02
1.059250000000000114e+01 -9.344953511720397046e+02
1.060250000000000092e+01 -9.354991401495127548e+02
1.061500000000000199e+01 -9.327404525203137382e+02
1.062500000000000178e+01 -9.283978548130938862e+02
1.063750000000000107e+01 -9.217128455402382770e+02
1.065000000000000213e+01 -9.141627387424401832e+02
1.066000000000000192e+01 -9.095838417544799768e+02
1.067250000000000121e+01 -9.062976871007174395e+02
1.068250000000000099e+01 -9.046931979993303230e+02
1.069500000000000206e+01 -9.030180535181569894e+02
1.070500000000000185e+01 -9.018283840088266743e+02
1.071750000000000114e+01 -8.998247788351615100e+02
1.072750000000000270e+01 -8.971943527157600329e+02
1.074000000000000199e+01 -8.935020857303486537e+02
1.075000000000000178e+01 -8.919622155208525101e+02
1.076250000000000107e+01 -8.931640433428134429e+02
1.077500000000000213e+01 -8.972047691249558738e+02
1.078500000000000369e+01 -9.031626352462847080e+02
1.079750000000000121e+01 -9.126407325374732409e+02
1.080750000000000277e+01 -9.197180557056649377e+02
1.082000000000000206e+01 -9.260694266884283934e+02
1.083000000000000362e+01 -9.289157689788328298e+02
1.084250000000000114e+01 -9.294456502651586334e+02
1.085250000000000270e+01 -9.273185534611509411e+02
1.086500000000000377e+01 -9.228722813602425958e+02
1.087500000000000355e+01 -9.196573730832767524e+02
1.088750000000000284e+01 -9.169814186093860826e+02
1.090000000000000213e+01 -9.145344228876120951e+02
1.091000000000000369e+01 -9.131713013340820453e+02
1.092250000000000121e+01 -9.112230029031007916e+02
1.093250000000000277e+01 -9.081966949140308998e+02
1.094500000000000384e+01 -9.024704421526910210e+02
1.095500000000000362e+01 -8.975633331472338341e+02
1.096750000000000291e+01 -8.924193690616293679e+02
1.097750000000000270e+01 -8.895670729653246553e+02
1.099000000000000199e+01 -8.888030674006197387e+02
1.101249999999999929e+01 -8.961191299109751753e+02
1.102500000000000036e+01 -9.041109318748555097e+02
1.103500000000000014e+01 -9.100828496183529523e+02
1.104749999999999943e+01 -9.154809435464978833e+02
1.105749999999999922e+01 -9.182357296306157650e+02
1.107000000000000028e+01 -9.198043591381314172e+02
1.108000000000000007e+01 -9.194578979698503645e+02
1.109249999999999936e+01 -9.181062021761794085e+02
1.110249999999999915e+01 -9.176036962595816249e+02
1.111500000000000021e+01 -9.179001617622271851e+02
1.112500000000000000e+01 -9.178102094390775392e+02
1.113749999999999929e+01 -9.163185624673598113e+02
1.115000000000000036e+01 -9.135700264276689495e+02
1.116000000000000014e+01 -9.091226101686919492e+02
1.117249999999999943e+01 -9.011356305673560882e+02
1.118249999999999922e+01 -8.943566491601839061e+02
1.119500000000000028e+01 -8.868695412122106063e+02
1.120500000000000007e+01 -8.820188433718072929e+02
1.121749999999999936e+01 -8.783333794667159964e+02
1.122749999999999915e+01 -8.781152317244957430e+02
1.124000000000000021e+01 -8.805818425233607059e+02
1.125000000000000000e+01 -8.831348995479484074e+02
1.126249999999999929e+01 -8.859234779645421440e+02
1.127500000000000036e+01 -8.889340521466137943e+02
1.128500000000000014e+01 -8.904608292287726954e+02
1.129749999999999943e+01 -8.917144908906801675e+02
1.130749999999999922e+01 -8.934417547958551040e+02
1.132000000000000028e+01 -8.970225266933456396e+02
1.133000000000000007e+01 -9.003311673330274516e+02
1.134249999999999936e+01 -9.044219352152534839e+02
1.135249999999999915e+01 -9.076047781035629214e+02
1.136500000000000021e+01 -9.104707323050143941e+02
1.137500000000000000e+01 -9.106932579734301498e+02
1.138749999999999929e+01 -9.083584149306934705e+02
1.140000000000000036e+01 -9.052012720514842385e+02
1.141000000000000014e+01 -9.019285587808283253e+02
1.142250000000000121e+01 -8.978791029104351082e+02
1.143249999999999922e+01 -8.958017437570182437e+02
1.144500000000000028e+01 -8.946713749980468720e+02
1.145500000000000007e+01 -8.939012591938198966e+02
1.146750000000000114e+01 -8.924204454951963044e+02
1.147749999999999915e+01 -8.910777458689417472e+02
1.149000000000000021e+01 -8.890489150644978054e+02
1.150000000000000000e+01 -8.867147056680720425e+02
1.151249999999999929e+01 -8.836563179518245761e+02
1.152500000000000036e+01 -8.827774744915869860e+02
1.153500000000000014e+01 -8.831533011107017046e+02
1.154750000000000121e+01 -8.849792170340537041e+02
1.155749999999999922e+01 -8.878033591865173548e+02
1.157000000000000028e+01 -8.921004091572127663e+02
1.158000000000000007e+01 -8.947206233606639216e+02
1.159250000000000114e+01 -8.963720447924351902e+02
1.160249999999999915e+01 -8.970692502594936286e+02
1.161500000000000021e+01 -8.976710545586330454e+02
1.162500000000000000e+01 -8.978497425295970515e+02
1.163750000000000107e+01 -8.983837465270881921e+02
1.165000000000000036e+01 -9.008198514007893891e+02
1.166000000000000014e+01 -9.028269387624076217e+02
1.167250000000000121e+01 -9.045488512129605851e+02
1.168250000000000099e+01 -9.053065009785872235e+02
1.169500000000000028e+01 -9.048427769518225432e+02
1.170500000000000007e+01 -9.026093347972847596e+02
1.171750000000000114e+01 -8.980542139977904981e+02
1.172750000000000270e+01 -8.944252373698769816e+02
1.174000000000000021e+01 -8.910127712150507477e+02
1.175000000000000178e+01 -8.890980758622531539e+02
1.176250000000000107e+01 -8.879332352899117495e+02
1.177500000000000036e+01 -8.889729553131454622e+02
1.178500000000000014e+01 -8.897330372216916885e+02
1.179750000000000121e+01 -8.897798749656046766e+02
1.180750000000000277e+01 -8.895235162574817878e+02
1.182000000000000028e+01 -8.891042634546191721e+02
1.183000000000000185e+01 -8.886145381012664757e+02
1.184250000000000114e+01 -8.888672018355149476e+02
1.185250000000000270e+01 -8.910601217865499848e+02
1.186500000000000021e+01 -8.964171999255676155e+02
1.187500000000000178e+01 -9.015965407606308872e+02
1.188750000000000284e+01 -9.079215352295933599e+02
1.190000000000000036e+01 -9.138604447002807092e+02
1.191000000000000192e+01 -9.164593909850458431e+02
1.192250000000000121e+01 -9.165694606770032351e+02
1.193250000000000277e+01 -9.151224738517906871e+02
1.194500000000000028e+01 -9.123750692101554023e+02
1.195500000000000185e+01 -9.095701808356228639e+02
1.196750000000000291e+01 -9.062285509453533905e+02
1.197750000000000270e+01 -9.046270019099617912e+02
1.199000000000000021e+01 -9.036173571617371181e+02
1.201250000000000107e+01 -9.003351174569352224e+02
1.202500000000000036e+01 -8.960464543716168464e+02
1.203500000000000014e+01 -8.920177651115147910e+02
1.204750000000000121e+01 -8.871731611589589193e+02
1.205750000000000099e+01 -8.837913060042259303e+02
1.207000000000000028e+01 -8.815088801038556312e+02
1.208000000000000007e+01 -8.825601344577353302e+02
1.209250000000000114e+01 -8.874699802993754929e+02
1.210250000000000092e+01 -8.929410130272256083e+02
1.211500000000000021e+01 -9.002404981650075797e+02
1.212500000000000000e+01 -9.059839074739109037e+02
1.213750000000000107e+01 -9.119065059719100645e+02
1.215000000000000036e+01 -9.146861587924755668e+02
1.216000000000000014e+01 -9.159763057247478173e+02
1.217250000000000121e+01 -9.173342018082568075e+02
1.218250000000000099e+01 -9.181846371730141527e+02
1.219500000000000028e+01 -9.193383285552963571e+02
1.220500000000000007e+01 -9.208183790081383222e+02
1.221750000000000114e+01 -9.224951665071979505e+02
1.222750000000000092e+01 -9.221668154547523955e+02
1.224000000000000021e+01 -9.188736869852871223e+02
1.225000000000000000e+01 -9.145287964780709444e+02
1.226250000000000107e+01 -9.076103236394421856e+02
1.227500000000000036e+01 -8.992621612042775041e+02
1.228500000000000014e+01 -8.938209950546114442e+02
1.229750000000000121e+01 -8.898438306871779560e+02
1.230750000000000099e+01 -8.886722066658107906e+02
1.232000000000000028e+01 -8.894424492505800117e+02
1.233000000000000007e+01 -8.918117911121186125e+02
1.234250000000000114e+01 -8.957244379750536609e+02
1.235250000000000092e+01 -8.981198390862772385e+02
1.236500000000000021e+01 -8.996413521782128555e+02
1.237500000000000000e+01 -9.005222974536426364e+02
1.238750000000000107e+01 -9.019255038393624773e+02
1.240000000000000213e+01 -9.032301793359570183e+02
1.241000000000000014e+01 -9.055443083343726585e+02
1.242250000000000121e+01 -9.098608981377350347e+02
1.243250000000000099e+01 -9.131744155131187881e+02
1.244500000000000206e+01 -9.159727811103914519e+02
1.245500000000000007e+01 -9.170158052956807069e+02
1.246750000000000114e+01 -9.162831102415892701e+02
1.247750000000000092e+01 -9.135249695720514183e+02
1.249000000000000199e+01 -9.081887927496826478e+02
1.250000000000000000e+01 -9.039902255889421667e+02
1.251250000000000107e+01 -8.999710415995086805e+02
1.252500000000000213e+01 -8.967577359071478895e+02
1.253500000000000014e+01 -8.958489808468441424e+02
1.254750000000000121e+01 -8.963320109213140086e+02
1.255750000000000099e+01 -8.967692069846424374e+02
1.257000000000000206e+01 -8.967353243398259792e+02
1.258000000000000007e+01 -8.967283081085562344e+02
1.259250000000000114e+01 -8.969302661420430240e+02
1.260250000000000092e+01 -8.969716521351120946e+02
1.261500000000000199e+01 -8.975056787674259340e+02
1.262500000000000000e+01 -8.993181570447479771e+02
1.263750000000000107e+01 -9.032065439293918416e+02
1.265000000000000213e+01 -9.068886015376950809e+02
1.266000000000000192e+01 -9.099205581629494191e+02
1.267250000000000121e+01 -9.129264649083416998e+02
1.268250000000000099e+01 -9.136541144734559339e+02
1.269500000000000206e+01 -9.125366156176820596e+02
1.270500000000000185e+01 -9.110917157764257581e+02
1.271750000000000114e+01 -9.093357462932855242e+02
1.272750000000000270e+01 -9.077829003096949236e+02
1.274000000000000199e+01 -9.060158705100216139e+02
1.275000000000000178e+01 -9.054288164813249296e+02
1.276250000000000107e+01 -9.054108436776385815e+02
1.277500000000000213e+01 -9.043499513885070655e+02
1.278500000000000192e+01 -9.035090696427696457e+02
1.279750000000000121e+01 -9.024837752219815457e+02
1.280750000000000277e+01 -9.012399099137544454e+02
1.282000000000000206e+01 -8.997559117417463312e+02
1.283000000000000362e+01 -8.997373976205892632e+02
1.284250000000000114e+01 -9.014405257815766390e+02
1.285250000000000270e+01 -9.033670095708098415e+02
1.286500000000000199e+01 -9.059233235532692561e+02
1.287500000000000355e+01 -9.082127494702798458e+02
1.288750000000000284e+01 -9.107576057434848735e+02
1.290000000000000213e+01 -9.112779773366781910e+02
1.291000000000000369e+01 -9.113387419240533518e+02
1.292250000000000121e+01 -9.114796408449321916e+02
1.293250000000000277e+01 -9.114080426109510427e+02
1.294500000000000206e+01 -9.114976446534517436e+02
1.295500000000000362e+01 -9.123844279904782297e+02
1.296750000000000291e+01 -9.140948205285592394e+02
1.297750000000000270e+01 -9.147851913196873284e+02
1.299000000000000199e+01 -9.142579770614823929e+02
1.301250000000000107e+01 -9.114747051624763117e+02
1.302500000000000213e+01 -9.091033067067141928e+02
1.303500000000000192e+01 -9.068865665991072547e+02
1.304750000000000121e+01 -9.044793733052849802e+02
1.305750000000000099e+01 -9.039032231579143399e+02
1.307000000000000206e+01 -9.047588742436678331e+02
1.308000000000000185e+01 -9.055462261483651218e+02
1.309250000000000114e+01 -9.057980022450019533e+02
1.310250000000000092e+01 -9.055320376586242901e+02
1.311500000000000199e+01 -9.042286489905229701e+02
1.312500000000000178e+01 -9.018697870145612114e+02
1.313750000000000107e+01 -8.979978561213504236e+02
1.315000000000000213e+01 -8.954780452917227649e+02
1.316000000000000192e+01 -8.940525141758707832e+02
1.317250000000000121e+01 -8.932981705623217294e+02
1.318250000000000099e+01 -8.939734045420459552e+02
1.319500000000000206e+01 -8.956416842997994081e+02
1.320500000000000185e+01 -8.962943456769887689e+02
1.321750000000000114e+01 -8.955867760066771552e+02
1.322750000000000092e+01 -8.943954996696901389e+02
1.324000000000000199e+01 -8.925321496807015365e+02
1.325000000000000178e+01 -8.905696434348036519e+02
1.326250000000000107e+01 -8.884769468712266871e+02
1.327500000000000213e+01 -8.889438542314500182e+02
1.328500000000000192e+01 -8.903340046201049063e+02
1.329750000000000121e+01 -8.927794919428140474e+02
1.330750000000000099e+01 -8.952063730352059565e+02
1.332000000000000206e+01 -8.977468425276119888e+02
1.333000000000000185e+01 -8.981607257801774722e+02
1.334250000000000114e+01 -8.965037602693614645e+02
1.335250000000000092e+01 -8.945195302381198417e+02
1.336500000000000199e+01 -8.921834889842895109e+02
1.337500000000000178e+01 -8.904719646285573162e+02
1.338750000000000107e+01 -8.891604037109291312e+02
1.340000000000000213e+01 -8.900864304298785328e+02
1.341000000000000192e+01 -8.909464195651034970e+02
1.342250000000000298e+01 -8.912119079573238878e+02
1.343250000000000099e+01 -8.908724584177823544e+02
1.344500000000000206e+01 -8.894228761041450753e+02
1.345500000000000185e+01 -8.869414941759062003e+02
1.346750000000000291e+01 -8.830230470780734322e+02
1.347750000000000092e+01 -8.807473035931284358e+02
1.349000000000000199e+01 -8.799352287180872736e+02
1.350000000000000178e+01 -8.805174438021082324e+02
1.351250000000000107e+01 -8.824776509304618912e+02
1.352500000000000213e+01 -8.862160083389212559e+02
1.353500000000000192e+01 -8.886570218412721260e+02
1.354750000000000298e+01 -8.901565558794140998e+02
1.355750000000000099e+01 -8.905337259800606944e+02
1.357000000000000206e+01 -8.901957627498111378e+02
1.358000000000000185e+01 -8.890884045066865156e+02
1.359250000000000291e+01 -8.874910038556199652e+02
1.360250000000000092e+01 -8.871887169052102990e+02
1.361500000000000199e+01 -8.881533960634289997e+02
1.362500000000000178e+01 -8.890225379704654642e+02
1.363750000000000284e+01 -8.894490489205692256e+02
1.365000000000000213e+01 -8.895956868560081148e+02
1.366000000000000192e+01 -8.881673797534283494e+02
1.367250000000000298e+01 -8.845435366839011522e+02
1.368250000000000277e+01 -8.813637207823496738e+02
1.369500000000000206e+01 -8.780625822412990829e+02
1.370500000000000185e+01 -8.760319360672027642e+02
1.371750000000000291e+01 -8.748899058433950131e+02
1.372750000000000270e+01 -8.758367190263057864e+02
1.374000000000000199e+01 -8.788722642820994224e+02
1.375000000000000355e+01 -8.814907077371730111e+02
1.376250000000000284e+01 -8.842068424215370896e+02
1.377500000000000213e+01 -8.871154133331020830e+02
1.378500000000000192e+01 -8.885963860400160002e+02
1.379750000000000298e+01 -8.897602675357022690e+02
1.380750000000000455e+01 -8.912211985799341392e+02
1.382000000000000206e+01 -8.940288026292953418e+02
1.383000000000000362e+01 -8.963288406609292451e+02
1.384250000000000291e+01 -8.988270874119548353e+02
1.385250000000000448e+01 -9.006620037154550573e+02
1.386500000000000199e+01 -9.019289496199685345e+02
1.387500000000000355e+01 -9.010708363142202870e+02
1.388750000000000462e+01 -8.976807354668696917e+02
1.390000000000000213e+01 -8.937052385953608109e+02
1.391000000000000369e+01 -8.898217981647077295e+02
1.392250000000000298e+01 -8.849630009297566176e+02
1.393250000000000455e+01 -8.822711468536157327e+02
1.394500000000000206e+01 -8.806677753189405848e+02
1.395500000000000362e+01 -8.799715113878299917e+02
1.396750000000000469e+01 -8.793652680274965405e+02
1.397750000000000448e+01 -8.794300094633762228e+02
1.399000000000000199e+01 -8.800090125523017832e+02
1.401250000000000107e+01 -8.809093345036167193e+02
1.402500000000000036e+01 -8.821605726735930375e+02
1.403500000000000014e+01 -8.842970197990316592e+02
1.404750000000000121e+01 -8.883034174398322875e+02
1.405750000000000099e+01 -8.915584317748821377e+02
1.407000000000000028e+01 -8.948887538389526526e+02
1.408000000000000007e+01 -8.969848423305455754e+02
1.409250000000000114e+01 -8.981670087639622579e+02
1.410250000000000092e+01 -8.970297684078557268e+02
1.411500000000000021e+01 -8.932326098595341364e+02
1.412500000000000000e+01 -8.894810236145171984e+02
1.413750000000000107e+01 -8.847631011629586055e+02
1.415000000000000036e+01 -8.794615411157465132e+02
1.416000000000000014e+01 -8.760759443215609963e+02
1.417250000000000121e+01 -8.728665466496451018e+02
1.418250000000000099e+01 -8.701893255620750551e+02
1.419500000000000028e+01 -8.664730154678776444e+02
1.420500000000000007e+01 -8.639132627673504885e+02
1.421750000000000114e+01 -8.615889688699089675e+02
1.422750000000000092e+01 -8.601911096787617907e+02
1.424000000000000021e+01 -8.595643241764317963e+02
1.425000000000000000e+01 -8.608432287659368285e+02
1.426250000000000107e+01 -8.646247472801518370e+02
1.427500000000000036e+01 -8.688902711646560419e+02
1.428500000000000014e+01 -8.729426033797763012e+02
1.429750000000000121e+01 -8.778353863215307911e+02
1.430750000000000099e+01 -8.803285523502130445e+02
1.432000000000000028e+01 -8.812942220610653976e+02
1.433000000000000007e+01 -8.811128278568634187e+02
1.434250000000000114e+01 -8.801409942462162235e+02
1.435250000000000092e+01 -8.785159802521847041e+02
1.436500000000000021e+01 -8.759404565759356274e+02
1.437500000000000000e+01 -8.742683874680801637e+02
1.438750000000000107e+01 -8.724340258234047951e+02
1.440000000000000213e+01 -8.690925409501661534e+02
1.441000000000000014e+01 -8.661224383746240392e+02
1.442250000000000121e+01 -8.621614342090067566e+02
1.443250000000000099e+01 -8.584923098742060574e+02
1.444500000000000206e+01 -8.541014937228522967e+02
1.445500000000000007e+01 -8.520519696660077216e+02
1.446750000000000114e+01 -8.519340309546043954e+02
1.447750000000000092e+01 -8.532077905329416581e+02
1.449000000000000199e+01 -8.561565914708812670e+02
1.450000000000000000e+01 -8.597065401290784621e+02
1.451250000000000107e+01 -8.647365806555438894e+02
1.452500000000000213e+01 -8.682300402394598677e+02
1.453500000000000192e+01 -8.705772294968364804e+02
1.454750000000000121e+01 -8.730093938538542488e+02
1.455750000000000099e+01 -8.741163852346645626e+02
1.457000000000000206e+01 -8.748646326121045149e+02
1.458000000000000007e+01 -8.758347430292843683e+02
1.459250000000000114e+01 -8.774791230737162095e+02
1.460250000000000092e+01 -8.781555343949902408e+02
1.461500000000000199e+01 -8.776473763534937689e+02
1.462500000000000178e+01 -8.765139151004593714e+02
1.463750000000000107e+01 -8.740618270947977635e+02
1.465000000000000213e+01 -8.695614400392311154e+02
1.466000000000000192e+01 -8.661435219805168799e+02
1.467250000000000121e+01 -8.631089416337844114e+02
1.468250000000000099e+01 -8.615277802382054233e+02
1.469500000000000206e+01 -8.608629532629455525e+02
1.470500000000000362e+01 -8.618605358671042040e+02
1.471750000000000114e+01 -8.643537323580346765e+02
1.472750000000000270e+01 -8.660626009308164157e+02
1.474000000000000199e+01 -8.671567310345188844e+02
1.475000000000000355e+01 -8.676622955457050921e+02
1.476250000000000107e+01 -8.679759476674264533e+02
1.477500000000000213e+01 -8.671108355210714080e+02
1.478500000000000369e+01 -8.670145153496094963e+02
1.479750000000000121e+01 -8.680353307701186623e+02
1.480750000000000277e+01 -8.690865075529841306e+02
1.482000000000000206e+01 -8.703346182744701309e+02
1.483000000000000362e+01 -8.715206636383829846e+02
1.484250000000000114e+01 -8.726437068122031633e+02
1.485250000000000270e+01 -8.723491704736325119e+02
1.486500000000000377e+01 -8.706394748034235818e+02
1.487500000000000355e+01 -8.693378963560744523e+02
1.488750000000000284e+01 -8.685968611985679217e+02
1.490000000000000213e+01 -8.682904735446303448e+02
1.491000000000000369e+01 -8.696470126087182280e+02
1.492250000000000121e+01 -8.731592817274549816e+02
1.493250000000000277e+01 -8.762383103522996635e+02
1.494500000000000384e+01 -8.795370080444509995e+02
1.495500000000000362e+01 -8.818013996205788771e+02
1.496750000000000291e+01 -8.836543328990031796e+02
1.497750000000000270e+01 -8.836402165913569888e+02
1.499000000000000199e+01 -8.821406191088613014e+02
1.501249999999999929e+01 -8.796411192102684709e+02
1.502500000000000036e+01 -8.788337024762901137e+02
1.503500000000000014e+01 -8.780033855535259590e+02
1.504749999999999943e+01 -8.763412872888328593e+02
1.505749999999999922e+01 -8.748642734667906780e+02
1.507000000000000028e+01 -8.725472862450149023e+02
1.508000000000000007e+01 -8.696842375057105983e+02
1.509249999999999936e+01 -8.654399944148066197e+02
1.510249999999999915e+01 -8.628887891337678866e+02
1.511500000000000021e+01 -8.616907975873281202e+02
1.512500000000000000e+01 -8.621122662617565311e+02
1.513749999999999929e+01 -8.644385576297670468e+02
1.515000000000000036e+01 -8.695224990759376169e+02
1.516000000000000014e+01 -8.738447237654576156e+02
1.517249999999999943e+01 -8.785806700369614646e+02
1.518249999999999922e+01 -8.819774573285569659e+02
1.519500000000000028e+01 -8.854003745497195723e+02
1.520500000000000007e+01 -8.868663245750354918e+02
1.521749999999999936e+01 -8.874454352267717923e+02
1.522749999999999915e+01 -8.878567060074868778e+02
1.524000000000000021e+01 -8.884559561589197756e+02
1.525000000000000000e+01 -8.882028487115435382e+02
1.526249999999999929e+01 -8.865912210812474541e+02
1.527500000000000036e+01 -8.844230550690651853e+02
1.528500000000000014e+01 -8.811380615714786018e+02
1.529750000000000121e+01 -8.752124618313973770e+02
1.530749999999999922e+01 -8.701636213506020567e+02
1.532000000000000028e+01 -8.644552421980004056e+02
1.533000000000000007e+01 -8.604735305353293597e+02
1.534249999999999936e+01 -8.570819051986165960e+02
1.535249999999999915e+01 -8.565746081030362120e+02
1.536500000000000021e+01 -8.584757993195468089e+02
1.537500000000000000e+01 -8.608952196070517857e+02
1.538749999999999929e+01 -8.643086214794407169e+02
1.540000000000000036e+01 -8.688460781635959620e+02
1.541000000000000014e+01 -8.720599018899899875e+02
1.542250000000000121e+01 -8.755269207997974945e+02
1.543249999999999922e+01 -8.786534359673433983e+02
1.544500000000000028e+01 -8.830399626651383187e+02
1.545500000000000007e+01 -8.860909752384195599e+02
1.546750000000000114e+01 -8.888561730861268870e+02
1.547749999999999915e+01 -8.904500434916388940e+02
1.549000000000000021e+01 -8.910628249404654753e+02
1.550000000000000000e+01 -8.894426601549648694e+02
1.551250000000000107e+01 -8.847429778721636922e+02
1.552500000000000036e+01 -8.790233231320570439e+02
1.553500000000000014e+01 -8.735282038348292417e+02
1.554750000000000121e+01 -8.666355842829899530e+02
1.555750000000000099e+01 -8.624823793489285890e+02
1.557000000000000028e+01 -8.595067043755270788e+02
1.558000000000000007e+01 -8.582301293597283802e+02
1.559250000000000114e+01 -8.576815306594395452e+02
1.560250000000000092e+01 -8.584428946712035895e+02
1.561500000000000021e+01 -8.604986080468992213e+02
1.562500000000000000e+01 -8.622321786026950576e+02
1.563750000000000284e+01 -8.646942637657285786e+02
1.565000000000000036e+01 -8.691315902532942346e+02
1.566000000000000014e+01 -8.732263188529058198e+02
1.567250000000000298e+01 -8.787888283098551483e+02
1.568250000000000277e+01 -8.838431608878287307e+02
1.569500000000000028e+01 -8.900374280483586062e+02
1.570500000000000007e+01 -8.935056497916023091e+02
1.571750000000000291e+01 -8.953010853475598196e+02
1.572750000000000270e+01 -8.952051222036708396e+02
1.574000000000000021e+01 -8.934183608733942492e+02
1.575000000000000000e+01 -8.904665221999972573e+02
1.576250000000000284e+01 -8.857119075755556423e+02
1.577500000000000036e+01 -8.819948782993362784e+02
1.578500000000000014e+01 -8.792135634257506354e+02
1.579750000000000298e+01 -8.761286191547794715e+02
1.580750000000000277e+01 -8.745052275126275845e+02
1.582000000000000028e+01 -8.731860179958714525e+02
1.583000000000000007e+01 -8.718604679786559473e+02
1.584250000000000291e+01 -8.700174146667786772e+02
1.585250000000000270e+01 -8.694097871570412508e+02
1.586500000000000021e+01 -8.702633953396820061e+02
1.587500000000000000e+01 -8.718806154178469114e+02
1.588750000000000284e+01 -8.751607799327063049e+02
1.590000000000000036e+01 -8.807508433437518534e+02
1.591000000000000014e+01 -8.852213826930492360e+02
1.592250000000000298e+01 -8.897740066229114291e+02
1.593250000000000277e+01 -8.925935281042417273e+02
1.594500000000000028e+01 -8.945728153305582282e+02
1.595500000000000007e+01 -8.942313532254166830e+02
1.596750000000000291e+01 -8.918962190464798141e+02
1.597750000000000270e+01 -8.897412135438127052e+02
1.599000000000000021e+01 -8.873895322935745753e+02
1.601249999999999929e+01 -8.837876499239604300e+02
1.602500000000000213e+01 -8.813742088671554029e+02
1.603500000000000014e+01 -8.793448085587388050e+02
1.604749999999999943e+01 -8.763531165094484550e+02
1.605749999999999744e+01 -8.729910200479920377e+02
1.607000000000000028e+01 -8.680972051958005977e+02
1.608000000000000185e+01 -8.648873925455745848e+02
1.609249999999999758e+01 -8.625582700715310693e+02
1.610249999999999915e+01 -8.617223351832367371e+02
1.611500000000000199e+01 -8.619603549213971974e+02
1.612500000000000000e+01 -8.635046571517802931e+02
1.613749999999999929e+01 -8.663001899293018369e+02
1.615000000000000213e+01 -8.677502250896167197e+02
1.616000000000000014e+01 -8.684329849301653894e+02
1.617249999999999943e+01 -8.685047128170740507e+02
1.618249999999999744e+01 -8.674246847199361810e+02
1.619500000000000028e+01 -8.652349708050887784e+02
1.620500000000000185e+01 -8.639561196517053077e+02
1.621749999999999758e+01 -8.632728045920173372e+02
1.622750000000000270e+01 -8.627584374981092878e+02
1.624000000000000199e+01 -8.617200845409761314e+02
1.625000000000000000e+01 -8.607061691310188962e+02
1.626249999999999929e+01 -8.587701486667077688e+02
1.627500000000000213e+01 -8.546984389571412066e+02
1.628500000000000014e+01 -8.511697870089766411e+02
1.629749999999999943e+01 -8.471236684887845740e+02
1.630750000000000099e+01 -8.441157945687784832e+02
1.632000000000000028e+01 -8.412909846543522008e+02
1.633000000000000185e+01 -8.406107427618803740e+02
1.634250000000000114e+01 -8.414643774954013224e+02
1.635250000000000270e+01 -8.423533265352662056e+02
1.636500000000000199e+01 -8.430277384044843529e+02
1.637500000000000000e+01 -8.434924681209835171e+02
1.638750000000000284e+01 -8.437539123086019117e+02
1.640000000000000213e+01 -8.425476478515890904e+02
1.641000000000000014e+01 -8.419078053191649360e+02
1.642249999999999943e+01 -8.420437580079706095e+02
1.643250000000000099e+01 -8.424172328007763326e+02
1.644500000000000028e+01 -8.431032739442191541e+02
1.645500000000000185e+01 -8.442088498749461678e+02
1.646750000000000469e+01 -8.457075988324079390e+02
1.647750000000000270e+01 -8.458978362158110258e+02
1.649000000000000199e+01 -8.446270361199082117e+02
1.650000000000000000e+01 -8.432298888526748897e+02
1.651250000000000284e+01 -8.415445913841261927e+02
1.652500000000000213e+01 -8.393138377388290792e+02
1.653500000000000014e+01 -8.385707429134992026e+02
1.654750000000000298e+01 -8.392088511963631845e+02
1.655750000000000455e+01 -8.401419868780225215e+02
1.657000000000000028e+01 -8.412931312667427619e+02
1.658000000000000185e+01 -8.424221386744951587e+02
1.659250000000000469e+01 -8.435877060816910671e+02
1.660250000000000270e+01 -8.434804064246741291e+02
1.661500000000000199e+01 -8.422628982758120628e+02
1.662500000000000000e+01 -8.415044354300388250e+02
1.663750000000000284e+01 -8.413835722976076568e+02
1.665000000000000213e+01 -8.412487179890059679e+02
1.666000000000000014e+01 -8.421190805184829742e+02
1.667250000000000298e+01 -8.440542932851878959e+02
1.668250000000000455e+01 -8.451228373280287087e+02
1.669500000000000028e+01 -8.452856056671090528e+02
1.670500000000000185e+01 -8.449644305490047600e+02
1.671750000000000469e+01 -8.440990922128905822e+02
1.672750000000000270e+01 -8.427066569962395306e+02
1.674000000000000199e+01 -8.407757666232432712e+02
1.675000000000000000e+01 -8.402036558988205570e+02
1.676250000000000284e+01 -8.409970391596837089e+02
1.677500000000000213e+01 -8.420045264141029975e+02
1.678500000000000014e+01 -8.435450034235736894e+02
1.679750000000000298e+01 -8.456815598185692124e+02
1.680750000000000455e+01 -8.464116269139784663e+02
1.682000000000000028e+01 -8.458761217690552030e+02
1.683000000000000185e+01 -8.451470924608587438e+02
1.684250000000000469e+01 -8.443882519141172907e+02
1.685250000000000270e+01 -8.436519080548398506e+02
1.686500000000000199e+01 -8.430156931886506300e+02
1.687500000000000000e+01 -8.434836006483518531e+02
1.688750000000000284e+01 -8.449313674301603214e+02
1.690000000000000213e+01 -8.452862534614922652e+02
1.691000000000000014e+01 -8.453134341639413378e+02
1.692250000000000298e+01 -8.447826655339335957e+02
1.693250000000000455e+01 -8.433205087540580962e+02
1.694500000000000028e+01 -8.406827618517917244e+02
1.695500000000000185e+01 -8.391460034322640240e+02
1.696750000000000469e+01 -8.385736780256434031e+02
1.697750000000000270e+01 -8.387571384463566346e+02
1.699000000000000199e+01 -8.396675121830559192e+02
1.701249999999999929e+01 -8.428603818795843381e+02
1.702500000000000213e+01 -8.448177246556068667e+02
1.703500000000000014e+01 -8.455144780037849159e+02
1.704749999999999943e+01 -8.453347313562169347e+02
1.705750000000000099e+01 -8.453298169400815141e+02
1.707000000000000028e+01 -8.460194114515445563e+02
1.708000000000000185e+01 -8.467492587708405836e+02
1.709250000000000114e+01 -8.479985486747768846e+02
1.710249999999999915e+01 -8.497435015984160600e+02
1.711500000000000199e+01 -8.522739147217429263e+02
1.712500000000000000e+01 -8.533409535549965312e+02
1.713749999999999929e+01 -8.529637016608220392e+02
1.715000000000000213e+01 -8.519376753275116698e+02
1.716000000000000014e+01 -8.499899076633200821e+02
1.717249999999999943e+01 -8.468579267365354326e+02
1.718250000000000099e+01 -8.450430753630366780e+02
1.719500000000000028e+01 -8.441907407722576409e+02
1.720500000000000185e+01 -8.440792945742927031e+02
1.721750000000000114e+01 -8.444174370217195928e+02
1.722750000000000270e+01 -8.453972876479132310e+02
1.724000000000000199e+01 -8.470567560502914830e+02
1.725000000000000000e+01 -8.479159675257833442e+02
1.726249999999999929e+01 -8.483675968724887753e+02
1.727500000000000213e+01 -8.497592251659871181e+02
1.728500000000000014e+01 -8.509192305233040088e+02
1.729749999999999943e+01 -8.527921319615975335e+02
1.730750000000000455e+01 -8.553864036570927283e+02
1.732000000000000028e+01 -8.596945620274251496e+02
1.733000000000000185e+01 -8.627958301027532571e+02
1.734250000000000114e+01 -8.653983747779302576e+02
1.735250000000000270e+01 -8.666521877996846115e+02
1.736500000000000199e+01 -8.668788861918105795e+02
1.737500000000000000e+01 -8.654222163494913502e+02
1.738750000000000284e+01 -8.621130903321846972e+02
1.740000000000000213e+01 -8.592713710557316062e+02
1.741000000000000014e+01 -8.568316455006978458e+02
1.742249999999999943e+01 -8.538881205011271049e+02
1.743250000000000455e+01 -8.522964328264525875e+02
1.744500000000000384e+01 -8.509774060789593477e+02
1.745500000000000185e+01 -8.495604142695511882e+02
1.746750000000000469e+01 -8.472683361874163666e+02
1.747750000000000270e+01 -8.458402963734711193e+02
1.749000000000000199e+01 -8.449376819015717501e+02
1.750000000000000000e+01 -8.446070858763386013e+02
1.751250000000000284e+01 -8.452194170443294752e+02
1.752500000000000213e+01 -8.486131120132558863e+02
1.753500000000000369e+01 -8.521707658088549806e+02
1.754750000000000298e+01 -8.570450209732420035e+02
1.755750000000000455e+01 -8.613344018819950634e+02
1.757000000000000384e+01 -8.663265687693800601e+02
1.758000000000000185e+01 -8.689096760223823139e+02
1.759250000000000469e+01 -8.702102938844255959e+02
1.760250000000000270e+01 -8.705746398952414893e+02
1.761500000000000199e+01 -8.705818095978272595e+02
1.762500000000000000e+01 -8.698131783116331235e+02
1.763750000000000284e+01 -8.680820134873132474e+02
1.765000000000000213e+01 -8.668099511719300381e+02
1.766000000000000369e+01 -8.649962051533898375e+02
1.767250000000000298e+01 -8.615652573877837312e+02
1.768250000000000455e+01 -8.585747244418231503e+02
1.769500000000000384e+01 -8.547808799217825708e+02
1.770500000000000185e+01 -8.513917948164232712e+02
1.771750000000000469e+01 -8.474635085889541415e+02
1.772750000000000270e+01 -8.458289825470711776e+02
1.774000000000000199e+01 -8.461973999497236036e+02
1.775000000000000355e+01 -8.478287026010164027e+02
1.776250000000000284e+01 -8.511586722564417187e+02
1.777500000000000213e+01 -8.565121312602122998e+02
1.778500000000000369e+01 -8.606627533004292445e+02
1.779750000000000298e+01 -8.650974212415861757e+02
1.780750000000000455e+01 -8.685235561424373145e+02
1.782000000000000384e+01 -8.726817278427122346e+02
1.783000000000000185e+01 -8.753440747530539738e+02
1.784250000000000469e+01 -8.779738138135907093e+02
1.785250000000000270e+01 -8.801547033483428777e+02
1.786500000000000199e+01 -8.826822769530305095e+02
1.787500000000000355e+01 -8.835234697019631085e+02
1.788750000000000284e+01 -8.826347903597304594e+02
1.790000000000000213e+01 -8.806410073336985533e+02
1.791000000000000369e+01 -8.773563934208958699e+02
1.792250000000000298e+01 -8.716836397306251456e+02
1.793250000000000455e+01 -8.671642142807880873e+02
1.794500000000000384e+01 -8.623752362232932001e+02
1.795500000000000185e+01 -8.590650013270744694e+02
1.796750000000000469e+01 -8.559758682847769933e+02
1.797750000000000270e+01 -8.550850285280364460e+02
1.799000000000000199e+01 -8.556410637061021589e+02
1.801249999999999929e+01 -8.574703365863632598e+02
1.802500000000000213e+01 -8.585201257039968823e+02
1.803500000000000369e+01 -8.596082611071446991e+02
1.804749999999999943e+01 -8.614105236961981973e+02
1.805750000000000099e+01 -8.626596320157990476e+02
1.807000000000000384e+01 -8.640352756100337501e+02
1.808000000000000185e+01 -8.655302585869779932e+02
1.809250000000000114e+01 -8.674494534585768406e+02
1.810249999999999915e+01 -8.679420119742915176e+02
1.811500000000000199e+01 -8.668338254478896943e+02
1.812500000000000355e+01 -8.651262483481476693e+02
1.813749999999999929e+01 -8.621382317755901568e+02
1.815000000000000213e+01 -8.573877397669778020e+02
1.816000000000000369e+01 -8.538151109148244586e+02
1.817249999999999943e+01 -8.502536141589498584e+02
1.818250000000000099e+01 -8.477396548382160972e+02
1.819500000000000384e+01 -8.451771642734033776e+02
1.820500000000000185e+01 -8.441958532860369360e+02
1.821750000000000114e+01 -8.440805293934133715e+02
1.822750000000000270e+01 -8.440206211210307856e+02
1.824000000000000199e+01 -8.437147517324508499e+02
1.825000000000000355e+01 -8.437677912586459570e+02
1.826249999999999929e+01 -8.443012193820893572e+02
1.827500000000000213e+01 -8.442586199201873569e+02
1.828500000000000369e+01 -8.448841542667396425e+02
1.829750000000000298e+01 -8.462796328674617143e+02
1.830750000000000455e+01 -8.468921611462803867e+02
1.832000000000000384e+01 -8.465237488180857781e+02
1.833000000000000185e+01 -8.457352071021030042e+02
1.834250000000000114e+01 -8.439379142757404679e+02
1.835250000000000270e+01 -8.412370504419224062e+02
1.836500000000000199e+01 -8.366938294725757714e+02
1.837500000000000355e+01 -8.332383416819692457e+02
1.838750000000000284e+01 -8.296900351319358151e+02
1.840000000000000213e+01 -8.260987891858276271e+02
1.841000000000000369e+01 -8.243199649686367820e+02
1.842250000000000298e+01 -8.234703174783963959e+02
1.843250000000000455e+01 -8.230831778880731235e+02
1.844500000000000384e+01 -8.227794325412603484e+02
1.845500000000000185e+01 -8.233294238275559564e+02
1.846750000000000469e+01 -8.250861133404569046e+02
1.847750000000000270e+01 -8.267074027290282174e+02
1.849000000000000199e+01 -8.290498298734536320e+02
1.850000000000000355e+01 -8.317869656429407996e+02
1.851250000000000639e+01 -8.359033892212942192e+02
1.852500000000000213e+01 -8.388209472025093874e+02
1.853500000000000369e+01 -8.408065259592158327e+02
1.854750000000000654e+01 -8.424655113561559574e+02
1.855750000000000455e+01 -8.423128999785050155e+02
1.857000000000000384e+01 -8.403478230175199997e+02
1.858000000000000185e+01 -8.382901164328438881e+02
1.859250000000000469e+01 -8.355601640350528214e+02
1.860250000000000270e+01 -8.328717917483404563e+02
1.861500000000000199e+01 -8.292137514974596115e+02
1.862500000000000355e+01 -8.269101806024041252e+02
1.863750000000000639e+01 -8.248133962553573610e+02
1.865000000000000213e+01 -8.222379300356928979e+02
1.866000000000000369e+01 -8.208760801525339730e+02
1.867250000000000654e+01 -8.202265664285902176e+02
1.868250000000000455e+01 -8.200857910923306235e+02
1.869500000000000384e+01 -8.207336652065617955e+02
1.870500000000000185e+01 -8.227487037570062967e+02
1.871750000000000469e+01 -8.270675911920435510e+02
1.872750000000000625e+01 -8.309696598105351768e+02
1.874000000000000199e+01 -8.357791787664876892e+02
1.875000000000000355e+01 -8.397267503863315596e+02
1.876250000000000639e+01 -8.441703135325706171e+02
1.877500000000000213e+01 -8.462894894951530205e+02
1.878500000000000369e+01 -8.471653281489277560e+02
1.879750000000000654e+01 -8.473250575472255832e+02
1.880750000000000455e+01 -8.461805460979749114e+02
1.882000000000000384e+01 -8.434552884607377337e+02
1.883000000000000185e+01 -8.410959912327328993e+02
1.884250000000000469e+01 -8.380456071762229158e+02
1.885250000000000625e+01 -8.348849924236503739e+02
1.886500000000000199e+01 -8.301228608216181328e+02
1.887500000000000355e+01 -8.265066459581490790e+02
1.888750000000000639e+01 -8.225947274734907069e+02
1.890000000000000213e+01 -8.186189054369008318e+02
1.891000000000000369e+01 -8.168659673455900929e+02
1.892250000000000654e+01 -8.169324064562799776e+02
1.893250000000000455e+01 -8.182417443444869605e+02
1.894500000000000384e+01 -8.212588232197299476e+02
1.895500000000000185e+01 -8.251029796666015272e+02
1.896750000000000469e+01 -8.309844963382967080e+02
1.897750000000000625e+01 -8.353300572100077943e+02
1.899000000000000199e+01 -8.397768391177471585e+02
1.901249999999999929e+01 -8.455217663340972649e+02
1.902499999999999858e+01 -8.481391218808676058e+02
1.903500000000000014e+01 -8.491557932553147339e+02
1.904749999999999943e+01 -8.491413280250316120e+02
1.905749999999999744e+01 -8.487505657137436401e+02
1.907000000000000028e+01 -8.476218736956569728e+02
1.907999999999999829e+01 -8.453539834747072064e+02
1.909249999999999758e+01 -8.406924897438248081e+02
1.910249999999999915e+01 -8.363245632622624726e+02
1.911499999999999844e+01 -8.305492833541445634e+02
1.912500000000000000e+01 -8.255442847294968942e+02
1.913749999999999929e+01 -8.196567941426291100e+02
1.914999999999999858e+01 -8.162820321145002254e+02
1.916000000000000014e+01 -8.147182229335257944e+02
1.917249999999999943e+01 -8.141790718452824649e+02
1.918249999999999744e+01 -8.153344368318200850e+02
1.919500000000000028e+01 -8.182244208149687665e+02
1.920499999999999829e+01 -8.206211050158889293e+02
1.921749999999999758e+01 -8.233908714215200462e+02
1.922750000000000270e+01 -8.259650931392935718e+02
1.923999999999999844e+01 -8.295309548491890155e+02
1.925000000000000000e+01 -8.319126307158708187e+02
1.926249999999999929e+01 -8.341857460631827053e+02
1.927500000000000213e+01 -8.368254523744083144e+02
1.928500000000000014e+01 -8.380000421392672934e+02
1.929749999999999943e+01 -8.378679812201171444e+02
1.930750000000000099e+01 -8.369344084863712396e+02
1.932000000000000028e+01 -8.346478681490312965e+02
1.932999999999999829e+01 -8.313985227948434158e+02
1.934249999999999758e+01 -8.261138877474227229e+02
1.935250000000000270e+01 -8.221545288095135220e+02
1.936500000000000199e+01 -8.182476840600061223e+02
1.937500000000000000e+01 -8.156444850169627898e+02
1.938750000000000284e+01 -8.131936690745160377e+02
1.940000000000000213e+01 -8.128464360689441719e+02
1.941000000000000014e+01 -8.129290778354171607e+02
1.942249999999999943e+01 -8.132880933430095638e+02
1.943250000000000099e+01 -8.143945858998840777e+02
1.944500000000000028e+01 -8.167934390496311607e+02
1.945499999999999829e+01 -8.188851319154276780e+02
1.946750000000000114e+01 -8.217340020418135964e+02
1.947750000000000270e+01 -8.248074446153451618e+02
1.949000000000000199e+01 -8.293457076169712536e+02
1.950000000000000000e+01 -8.324988588114827053e+02
1.951250000000000284e+01 -8.353094311071296261e+02
1.952500000000000213e+01 -8.376852066391147673e+02
1.953500000000000014e+01 -8.380780094756386234e+02
1.954750000000000298e+01 -8.366983469624553891e+02
1.955750000000000099e+01 -8.349655842603972360e+02
1.957000000000000028e+01 -8.324222276799205247e+02
1.958000000000000185e+01 -8.297603580670757992e+02
1.959250000000000114e+01 -8.260875183630513447e+02
1.960250000000000270e+01 -8.237369275599618277e+02
1.961500000000000199e+01 -8.215678039088481910e+02
1.962500000000000000e+01 -8.197062492311566757e+02
1.963750000000000284e+01 -8.171977782993731125e+02
1.965000000000000213e+01 -8.159211720563233712e+02
1.966000000000000014e+01 -8.149933029740782331e+02
1.967250000000000298e+01 -8.142316318703279876e+02
1.968250000000000099e+01 -8.147764783972123723e+02
1.969500000000000028e+01 -8.169448695380774552e+02
1.970500000000000185e+01 -8.190484085310146156e+02
1.971750000000000114e+01 -8.217739257170167093e+02
1.972750000000000270e+01 -8.243829881721006814e+02
1.974000000000000199e+01 -8.277563861245256476e+02
1.975000000000000000e+01 -8.296294220207087164e+02
1.976250000000000284e+01 -8.308368083076891253e+02
1.977500000000000213e+01 -8.322242912078012296e+02
1.978500000000000014e+01 -8.326211523368043572e+02
1.979750000000000298e+01 -8.324164237002082700e+02
1.980750000000000099e+01 -8.324939613691470868e+02
1.982000000000000028e+01 -8.329100677438038929e+02
1.983000000000000185e+01 -8.327434659351579285e+02
1.984250000000000114e+01 -8.317403931879916854e+02
1.985250000000000270e+01 -8.308983217173878302e+02
1.986500000000000199e+01 -8.298108410864507505e+02
1.987500000000000000e+01 -8.283586004656049226e+02
1.988750000000000284e+01 -8.261387425784429297e+02
1.990000000000000213e+01 -8.251823531960484388e+02
1.991000000000000014e+01 -8.245480964064221325e+02
1.992250000000000298e+01 -8.238978130051750668e+02
1.993250000000000099e+01 -8.240504943412092871e+02
1.994500000000000028e+01 -8.247864823688202023e+02
1.995500000000000185e+01 -8.249121795729776068e+02
1.996750000000000114e+01 -8.243601408943968636e+02
1.997750000000000270e+01 -8.240627925070053834e+02
1.999000000000000199e+01 -8.240243738135328613e+02
