0.000000000000000000e+00 0.000000000000000000e+00
1.250000000000000069e-02 -6.939730465694460726e+00
2.500000000000000139e-02 -2.594780686824802629e+01
3.500000000000000333e-02 -5.176528713029295403e+01
4.750000000000000056e-02 -9.432296847797201167e+01
5.750000000000000250e-02 -1.329979147219826530e+02
7.000000000000002054e-02 -1.838317846383896779e+02
8.000000000000004330e-02 -2.261172151102205987e+02
9.250000000000008216e-02 -2.818453517102877868e+02
1.025000000000001049e-01 -3.298773363859716028e+02
1.150000000000001438e-01 -3.960194375272151319e+02
1.250000000000001665e-01 -4.547827211675246986e+02
1.375000000000002054e-01 -5.345149758374044495e+02
1.500000000000002442e-01 -6.170237162378166431e+02
1.600000000000002531e-01 -6.825478041539312244e+02
1.725000000000002920e-01 -7.585606176416363269e+02
1.825000000000003286e-01 -8.111628627052300544e+02
1.950000000000003397e-01 -8.651520218782640086e+02
2.050000000000003764e-01 -9.000137546571426128e+02
2.175000000000004152e-01 -9.345813798395273579e+02
2.275000000000004241e-01 -9.555259000262899463e+02
2.400000000000004630e-01 -9.783932198956641741e+02
2.500000000000004996e-01 -1.001313477987956276e+03
2.625000000000005107e-01 -1.033804028874052847e+03
2.750000000000005773e-01 -1.062135076358633114e+03
2.850000000000005862e-01 -1.078892792895360799e+03
2.975000000000005973e-01 -1.090163005452776360e+03
3.075000000000006617e-01 -1.091566420783408603e+03
3.200000000000006728e-01 -1.088683668599936027e+03
3.300000000000006817e-01 -1.088665031251351138e+03
3.425000000000007483e-01 -1.097320546360194612e+03
3.525000000000007572e-01 -1.111675085988185174e+03
3.650000000000007683e-01 -1.137691775181694311e+03
3.750000000000008327e-01 -1.163334102683204719e+03
3.875000000000008438e-01 -1.195526648412563645e+03
4.000000000000009104e-01 -1.219844228051608980e+03
4.100000000000009193e-01 -1.232458790216820262e+03
4.225000000000009304e-01 -1.241658841971911897e+03
4.325000000000009948e-01 -1.246802995547996943e+03
4.450000000000010059e-01 -1.255837047667611159e+03
4.550000000000010147e-01 -1.268518168075552467e+03
4.675000000000010814e-01 -1.292218528820944812e+03
4.775000000000010902e-01 -1.315015830718455391e+03
4.900000000000010458e-01 -1.342509737603121721e+03
5.000000000000011102e-01 -1.359819241698095766e+03
5.125000000000011768e-01 -1.372938711501210719e+03
5.250000000000011324e-01 -1.376435173885583481e+03
5.350000000000011413e-01 -1.375801404049306711e+03
5.475000000000012079e-01 -1.375170145568875569e+03
5.575000000000012168e-01 -1.377479577896229785e+03
5.700000000000012834e-01 -1.386582714251334437e+03
5.800000000000012923e-01 -1.399039703201668772e+03
5.925000000000013589e-01 -1.417757608357517029e+03
6.025000000000013678e-01 -1.431616776060873462e+03
6.150000000000014344e-01 -1.444126058332427419e+03
6.250000000000014433e-01 -1.449553789563535020e+03
6.375000000000015099e-01 -1.451753200519647635e+03
6.500000000000014655e-01 -1.451873485777232872e+03
6.600000000000014744e-01 -1.455148592753716230e+03
6.725000000000015410e-01 -1.465823122862332639e+03
6.825000000000015499e-01 -1.478474435646442316e+03
6.950000000000016165e-01 -1.496171211950604174e+03
7.050000000000016254e-01 -1.509305360586469078e+03
7.175000000000016920e-01 -1.520511816150576806e+03
7.275000000000017009e-01 -1.523298466924729382e+03
7.400000000000017675e-01 -1.520522456997025074e+03
7.500000000000017764e-01 -1.516690544958950568e+03
7.625000000000017319e-01 -1.513778926499387580e+03
7.750000000000017986e-01 -1.514747964275178902e+03
7.850000000000018074e-01 -1.519895262996362590e+03
7.975000000000018741e-01 -1.529971065750667776e+03
8.075000000000018829e-01 -1.537652108826847780e+03
8.200000000000019496e-01 -1.542954084263284585e+03
8.300000000000019584e-01 -1.542746061547408999e+03
8.425000000000020250e-01 -1.537270743546712538e+03
8.525000000000020339e-01 -1.530090110106982593e+03
8.650000000000021005e-01 -1.522189544165425559e+03
8.750000000000021094e-01 -1.520962779379279937e+03
8.875000000000020650e-01 -1.528152808588589096e+03
9.000000000000021316e-01 -1.541851191584187063e+03
9.100000000000021405e-01 -1.554825830195862181e+03
9.225000000000022071e-01 -1.568113319843250110e+03
9.325000000000022160e-01 -1.572544974063086556e+03
9.450000000000022826e-01 -1.568979698012068638e+03
9.550000000000022915e-01 -1.561176479128513392e+03
9.675000000000023581e-01 -1.550208468306699615e+03
9.775000000000022560e-01 -1.543781539605495254e+03
9.900000000000017675e-01 -1.542041983567549778e+03
1.012499999999999956e+00 -1.554518216169450170e+03
1.025000000000000133e+00 -1.565214521365971450e+03
1.035000000000000142e+00 -1.569854738970954259e+03
1.047500000000000098e+00 -1.567122567265921134e+03
1.057500000000000107e+00 -1.558530821099945570e+03
1.070000000000000062e+00 -1.543012217652067193e+03
1.080000000000000071e+00 -1.530175040791338688e+03
1.092500000000000249e+00 -1.519437867239996194e+03
1.102500000000000258e+00 -1.518826186096880747e+03
1.115000000000000213e+00 -1.528315257323686183e+03
1.125000000000000222e+00 -1.540356233204189721e+03
1.137500000000000178e+00 -1.554267973432446752e+03
1.150000000000000133e+00 -1.561668535021997286e+03
1.160000000000000142e+00 -1.559621678165969797e+03
1.172500000000000320e+00 -1.548234975668657853e+03
1.182500000000000329e+00 -1.536114258393299906e+03
1.195000000000000284e+00 -1.523495586045493383e+03
1.205000000000000293e+00 -1.518783863270249867e+03
1.217500000000000471e+00 -1.521593504810502964e+03
1.227500000000000480e+00 -1.529826179319709354e+03
1.240000000000000435e+00 -1.542321062688539769e+03
1.250000000000000444e+00 -1.548792798865880513e+03
1.262500000000000622e+00 -1.547472167250710527e+03
1.275000000000000577e+00 -1.535204584142224576e+03
1.285000000000000586e+00 -1.518590573366532226e+03
1.297500000000000764e+00 -1.495491512990029833e+03
1.307500000000000773e+00 -1.481051182427186632e+03
1.320000000000000728e+00 -1.472988480834316306e+03
1.330000000000000737e+00 -1.474736516082475418e+03
1.342500000000000915e+00 -1.484188053815224521e+03
1.352500000000000924e+00 -1.493570966873809994e+03
1.365000000000000657e+00 -1.500491381190745642e+03
1.375000000000000888e+00 -1.498137994669838918e+03
1.387500000000000844e+00 -1.485335695183471898e+03
1.400000000000000799e+00 -1.467522405781882753e+03
1.410000000000000808e+00 -1.453589769743934312e+03
1.422500000000000986e+00 -1.442482787124770766e+03
1.432500000000000995e+00 -1.441696038959238194e+03
1.445000000000000950e+00 -1.449783427459679388e+03
1.455000000000000959e+00 -1.459177376554727743e+03
1.467500000000001137e+00 -1.467991120212039277e+03
1.477500000000001146e+00 -1.469280423779088323e+03
1.490000000000001101e+00 -1.461231071593592105e+03
1.500000000000001110e+00 -1.447391677994914517e+03
1.512500000000001288e+00 -1.425678888561326858e+03
1.525000000000001243e+00 -1.407609466635341732e+03
1.535000000000001252e+00 -1.399024033217417355e+03
1.547500000000001208e+00 -1.397169234487950462e+03
1.557500000000001217e+00 -1.401482959559550864e+03
1.570000000000001394e+00 -1.408639313711973955e+03
1.580000000000001403e+00 -1.410603519338427077e+03
1.592500000000001359e+00 -1.404223196617318536e+03
1.602500000000001590e+00 -1.392369194411242916e+03
1.615000000000001323e+00 -1.372659144015101447e+03
1.625000000000001332e+00 -1.356745331639614278e+03
1.637500000000001288e+00 -1.342347610301831537e+03
1.650000000000001465e+00 -1.338736676455113866e+03
1.660000000000001474e+00 -1.342120858341206258e+03
1.672500000000001652e+00 -1.350060623165310744e+03
1.682500000000001661e+00 -1.355776822431066194e+03
1.695000000000001616e+00 -1.356856544635042383e+03
1.705000000000001625e+00 -1.350341907585549279e+03
1.717500000000001581e+00 -1.334167305114498276e+03
1.727500000000001590e+00 -1.318560505744352213e+03
1.740000000000001767e+00 -1.301175093213028731e+03
1.750000000000001776e+00 -1.291784670680886393e+03
1.762500000000001954e+00 -1.287748615034751992e+03
1.775000000000001910e+00 -1.291641999477992840e+03
1.785000000000001918e+00 -1.295720895480241779e+03
1.797500000000001874e+00 -1.296535252955478882e+03
1.807500000000001883e+00 -1.291593828941691072e+03
1.820000000000002061e+00 -1.277747702398931551e+03
1.830000000000002069e+00 -1.261812942290172487e+03
1.842500000000002025e+00 -1.240792940988211740e+03
1.852500000000002256e+00 -1.227680887029848918e+03
1.865000000000001990e+00 -1.219090086417965040e+03
1.875000000000001998e+00 -1.217637701068859315e+03
1.887500000000001954e+00 -1.219419098631073211e+03
1.900000000000002132e+00 -1.221408408891525596e+03
1.910000000000002141e+00 -1.218796780532416733e+03
1.922500000000002318e+00 -1.208217073925076647e+03
1.932500000000002327e+00 -1.195475315463064362e+03
1.945000000000002283e+00 -1.178011441895602957e+03
1.955000000000002292e+00 -1.165634759028360804e+03
1.967500000000002247e+00 -1.155842544767729123e+03
1.977500000000002256e+00 -1.154155377153481140e+03
1.990000000000001767e+00 -1.157983780553057613e+03
2.012500000000000178e+00 -1.164520508831583356e+03
2.024999999999999911e+00 -1.161456939955442976e+03
2.034999999999999698e+00 -1.154149406477754383e+03
2.047499999999999876e+00 -1.140859792123009584e+03
2.057499999999999662e+00 -1.129221463075861038e+03
2.070000000000000284e+00 -1.117870215681608670e+03
2.080000000000000071e+00 -1.114302036841800600e+03
2.092500000000000249e+00 -1.116942574193596329e+03
2.102500000000000036e+00 -1.122016272209328690e+03
2.115000000000000213e+00 -1.127643343807133760e+03
2.125000000000000000e+00 -1.129004999235732384e+03
2.137500000000000178e+00 -1.124250366710739172e+03
2.150000000000000355e+00 -1.111477494856657358e+03
2.160000000000000586e+00 -1.099006475113491206e+03
2.172500000000000320e+00 -1.085173430400274583e+03
2.182500000000000551e+00 -1.077719783295364778e+03
2.195000000000000284e+00 -1.074510499522012424e+03
2.205000000000000515e+00 -1.076577681800754590e+03
2.217500000000000249e+00 -1.081482552580942183e+03
2.227500000000000480e+00 -1.083288180127556188e+03
2.240000000000000657e+00 -1.079493023088864447e+03
2.250000000000000888e+00 -1.071643693616252676e+03
2.262500000000000622e+00 -1.057884211888806249e+03
2.275000000000000355e+00 -1.043061794944027042e+03
2.285000000000000586e+00 -1.034869378147397356e+03
2.297500000000000320e+00 -1.031713768053685726e+03
2.307500000000000551e+00 -1.033896743615856394e+03
2.320000000000000728e+00 -1.039416086370098583e+03
2.330000000000000959e+00 -1.043379634210256654e+03
2.342500000000000693e+00 -1.043594349076483013e+03
2.352500000000000924e+00 -1.037766258212151342e+03
2.365000000000000657e+00 -1.023964049231583658e+03
2.375000000000000888e+00 -1.011092219662971843e+03
2.387500000000000622e+00 -9.975510462720985743e+02
2.400000000000001243e+00 -9.897478242098942474e+02
2.410000000000001030e+00 -9.896329935513751934e+02
2.422500000000001208e+00 -9.950921607718415771e+02
2.432500000000000995e+00 -9.998884773344854011e+02
2.445000000000001172e+00 -1.001390621512483335e+03
2.455000000000000959e+00 -9.971526903307869816e+02
2.467500000000001137e+00 -9.848249783668752571e+02
2.477500000000000924e+00 -9.709610391346608367e+02
2.490000000000001101e+00 -9.538368427974145334e+02
2.500000000000001332e+00 -9.448353158483105290e+02
2.512500000000001066e+00 -9.423432476765441379e+02
2.525000000000001243e+00 -9.474896379773261970e+02
2.535000000000001030e+00 -9.550771123297231497e+02
2.547500000000001208e+00 -9.635095524644026455e+02
2.557500000000000995e+00 -9.650702380273363588e+02
2.570000000000001172e+00 -9.581451537455155858e+02
2.580000000000001403e+00 -9.469735164796438767e+02
2.592500000000001581e+00 -9.300215705754750388e+02
2.602500000000001368e+00 -9.174468752483307981e+02
2.615000000000001545e+00 -9.076866826110685906e+02
2.625000000000001332e+00 -9.068252363313207525e+02
2.637500000000001510e+00 -9.128140631290452802e+02
2.650000000000001243e+00 -9.200138782636543056e+02
2.660000000000001918e+00 -9.230990544376630851e+02
2.672500000000001652e+00 -9.195116400462073898e+02
2.682500000000001883e+00 -9.094466479236328951e+02
2.695000000000001616e+00 -8.909445522020213275e+02
2.705000000000001847e+00 -8.763026414265970061e+02
2.717500000000001581e+00 -8.642232374125304659e+02
2.727500000000001812e+00 -8.617883867828162465e+02
2.740000000000001990e+00 -8.679295477257560378e+02
2.750000000000001776e+00 -8.781094580958196048e+02
2.762500000000001954e+00 -8.914812017716519676e+02
2.775000000000001688e+00 -8.979322877632342852e+02
2.785000000000001918e+00 -8.964786908177147779e+02
2.797500000000001652e+00 -8.869601458280850466e+02
2.807500000000001883e+00 -8.755049119042339498e+02
2.820000000000002061e+00 -8.622510748484669421e+02
2.830000000000001847e+00 -8.571728415145439612e+02
2.842500000000002025e+00 -8.602543539690270791e+02
2.852500000000002256e+00 -8.685622970741918607e+02
2.865000000000001990e+00 -8.814714818822571942e+02
2.875000000000002220e+00 -8.898141928812258357e+02
2.887500000000001954e+00 -8.924519675607450608e+02
2.900000000000002576e+00 -8.829904539159440446e+02
2.910000000000001918e+00 -8.694855172739522686e+02
2.922500000000002540e+00 -8.508249820438896904e+02
2.932500000000002327e+00 -8.386855357165543410e+02
2.945000000000002505e+00 -8.318510552836132774e+02
2.955000000000002292e+00 -8.347109479091043340e+02
2.967500000000002469e+00 -8.459341226675700227e+02
2.977500000000002256e+00 -8.561684785301171132e+02
2.990000000000001990e+00 -8.644791475818350364e+02
3.012500000000000178e+00 -8.593365400428067460e+02
3.024999999999999911e+00 -8.462647964608077018e+02
3.035000000000000142e+00 -8.341715995428750148e+02
3.047499999999999876e+00 -8.226404050847263534e+02
3.057500000000000107e+00 -8.199081702678334977e+02
3.070000000000000284e+00 -8.252546510115826095e+02
3.080000000000000071e+00 -8.336221366129514081e+02
3.092500000000000249e+00 -8.438038506377845351e+02
3.102500000000000036e+00 -8.482193044709707692e+02
3.115000000000000213e+00 -8.455360294454309269e+02
3.125000000000000000e+00 -8.362146456842663156e+02
3.137500000000000178e+00 -8.194501728156012632e+02
3.150000000000000355e+00 -8.050218877185483279e+02
3.160000000000000586e+00 -7.985623977368549049e+02
3.172500000000000320e+00 -7.993766359407860591e+02
3.182500000000000551e+00 -8.069603052994590371e+02
3.195000000000000284e+00 -8.207432184978600844e+02
3.205000000000000515e+00 -8.303066338878024908e+02
3.217500000000000249e+00 -8.358299855809341352e+02
3.227500000000000480e+00 -8.344259412121848527e+02
3.240000000000000657e+00 -8.270354554583356048e+02
3.250000000000000888e+00 -8.190895260952912622e+02
3.262500000000000622e+00 -8.116769524401206581e+02
3.275000000000000355e+00 -8.124346999734032124e+02
3.285000000000000586e+00 -8.185430712022804300e+02
3.297500000000000320e+00 -8.304393092935304139e+02
3.307500000000000551e+00 -8.404649717557185795e+02
3.320000000000000728e+00 -8.485605569066379985e+02
3.330000000000000959e+00 -8.484185180209556165e+02
3.342500000000000693e+00 -8.400117180749820136e+02
3.352500000000000924e+00 -8.297996590662553444e+02
3.365000000000000657e+00 -8.178955971225453823e+02
3.375000000000000888e+00 -8.120673586225586860e+02
3.387500000000000622e+00 -8.122230956066374574e+02
3.400000000000001243e+00 -8.213197816070005501e+02
3.410000000000001030e+00 -8.312571228892348927e+02
3.422500000000001208e+00 -8.421063011200927804e+02
3.432500000000000995e+00 -8.473118540214051109e+02
3.445000000000001172e+00 -8.480659383800258411e+02
3.455000000000000959e+00 -8.445305821222582381e+02
3.467500000000001137e+00 -8.386379577648074246e+02
3.477500000000000924e+00 -8.365747334368923021e+02
3.490000000000001101e+00 -8.402022545633392383e+02
3.500000000000001332e+00 -8.475552049248196909e+02
3.512500000000001510e+00 -8.597162096774920883e+02
3.525000000000001243e+00 -8.715480084438841004e+02
3.535000000000001030e+00 -8.763165388501263351e+02
3.547500000000001208e+00 -8.741016044568832513e+02
3.557500000000000995e+00 -8.669959934718677914e+02
3.570000000000001172e+00 -8.548834247000118012e+02
3.580000000000001403e+00 -8.455732467351633659e+02
3.592500000000001581e+00 -8.387962979675563702e+02
3.602500000000001368e+00 -8.394802519705767736e+02
3.615000000000001545e+00 -8.469343580251997992e+02
3.625000000000001332e+00 -8.548197662943960040e+02
3.637500000000001510e+00 -8.625370076808005706e+02
3.650000000000001243e+00 -8.655802754242051833e+02
3.660000000000001918e+00 -8.631484430276202602e+02
3.672500000000001652e+00 -8.563084894171743144e+02
3.682500000000001883e+00 -8.516936974302852832e+02
3.695000000000001616e+00 -8.514701754493245289e+02
3.705000000000001847e+00 -8.569572605837090578e+02
3.717500000000001581e+00 -8.703351115316166897e+02
3.727500000000001812e+00 -8.842858521305670365e+02
3.740000000000001990e+00 -9.005580480668745622e+02
3.750000000000001776e+00 -9.083364416656363574e+02
3.762500000000001954e+00 -9.088837790849852354e+02
3.775000000000001688e+00 -9.016451700208773445e+02
3.785000000000001918e+00 -8.924489522870777591e+02
3.797500000000001652e+00 -8.818885204267195377e+02
3.807500000000001883e+00 -8.780690117972135340e+02
3.820000000000002061e+00 -8.807496728154529819e+02
3.830000000000001847e+00 -8.870175706891249092e+02
3.842500000000002025e+00 -8.959599123363486797e+02
3.852500000000002256e+00 -9.012048970031834187e+02
3.865000000000001990e+00 -9.021372713382968413e+02
3.875000000000002220e+00 -8.974241008224437337e+02
3.887500000000001954e+00 -8.874114951040754704e+02
3.900000000000002576e+00 -8.795841505453195168e+02
3.910000000000001918e+00 -8.778661288629141382e+02
3.922500000000002540e+00 -8.841048978679189077e+02
3.932500000000001883e+00 -8.959902756037957943e+02
3.945000000000002505e+00 -9.155898668773365898e+02
3.955000000000001847e+00 -9.301320886019377667e+02
3.967500000000002469e+00 -9.415692555757500486e+02
3.977500000000001812e+00 -9.439093773328261250e+02
3.990000000000002434e+00 -9.389606109837874328e+02
4.012500000000000178e+00 -9.234603174896320752e+02
4.025000000000000355e+00 -9.190082668306492906e+02
4.035000000000000142e+00 -9.220129480730435034e+02
4.047500000000000320e+00 -9.329957631433170491e+02
4.057500000000000107e+00 -9.438014065288188021e+02
4.069999999999999396e+00 -9.542826497220070223e+02
4.080000000000000071e+00 -9.575200731433277497e+02
4.092499999999999361e+00 -9.535478214340129171e+02
4.102500000000000036e+00 -9.448579051905310280e+02
4.115000000000000213e+00 -9.321415182845838672e+02
4.125000000000000000e+00 -9.256578887871215784e+02
4.137500000000000178e+00 -9.266984932935901043e+02
4.150000000000000355e+00 -9.376908739887411457e+02
4.160000000000000142e+00 -9.524422882304992299e+02
4.172500000000000320e+00 -9.726333629554018216e+02
4.182500000000000107e+00 -9.848655522637284321e+02
4.195000000000001172e+00 -9.909481234624112176e+02
4.205000000000000071e+00 -9.885992309610342090e+02
4.217500000000001137e+00 -9.796977800548097548e+02
4.227500000000000036e+00 -9.712036840504545125e+02
4.240000000000001101e+00 -9.645173545466906262e+02
4.250000000000000000e+00 -9.655881915017215533e+02
4.262500000000001066e+00 -9.747792544935414298e+02
4.275000000000001243e+00 -9.871413562546345020e+02
4.285000000000001030e+00 -9.958610134693341251e+02
4.297500000000001208e+00 -1.000458016936054378e+03
4.307500000000000995e+00 -9.968350147465389455e+02
4.320000000000001172e+00 -9.847885369557197919e+02
4.330000000000000071e+00 -9.733411222975697683e+02
4.342500000000001137e+00 -9.627441382372678618e+02
4.352500000000000036e+00 -9.602170297475482812e+02
4.365000000000001101e+00 -9.664486546300349801e+02
4.375000000000000888e+00 -9.783022732561491921e+02
4.387500000000001066e+00 -9.967658482974363778e+02
4.400000000000001243e+00 -1.011282090144481572e+03
4.410000000000001030e+00 -1.017353549959403040e+03
4.422500000000001208e+00 -1.016703564949018869e+03
4.432500000000000995e+00 -1.010682742592278714e+03
4.445000000000001172e+00 -1.001355161286557973e+03
4.455000000000001847e+00 -9.972767830177909900e+02
4.467500000000001137e+00 -1.000155550526810998e+03
4.477500000000001812e+00 -1.008327055641678044e+03
4.490000000000001101e+00 -1.022543785590564767e+03
4.500000000000001776e+00 -1.033840750728535568e+03
4.512500000000001066e+00 -1.042625083774125642e+03
4.525000000000001243e+00 -1.041009630116403969e+03
4.535000000000001030e+00 -1.033756055298502588e+03
4.547500000000001208e+00 -1.021289605712210687e+03
4.557500000000001883e+00 -1.012085388549424465e+03
4.570000000000001172e+00 -1.006343468754933497e+03
4.580000000000001847e+00 -1.008728576975109945e+03
4.592500000000001137e+00 -1.019257943625611006e+03
4.602500000000001812e+00 -1.030013179227050159e+03
4.615000000000001101e+00 -1.041039372320944949e+03
4.625000000000001776e+00 -1.045365733764898778e+03
4.637500000000001954e+00 -1.043413413569799104e+03
4.650000000000001243e+00 -1.033870607563186468e+03
4.660000000000001918e+00 -1.025203652464283323e+03
4.672500000000001208e+00 -1.018105996223102125e+03
4.682500000000001883e+00 -1.017369409996771537e+03
4.695000000000001172e+00 -1.023066975447798995e+03
4.705000000000001847e+00 -1.031648973739050234e+03
4.717500000000002025e+00 -1.042849866201151826e+03
4.727500000000001812e+00 -1.048090853275760082e+03
4.740000000000001990e+00 -1.047429719754315329e+03
4.750000000000001776e+00 -1.042113098343513684e+03
4.762500000000001954e+00 -1.032665431397691464e+03
4.775000000000001243e+00 -1.024026008214155354e+03
4.785000000000001918e+00 -1.022023957138927699e+03
4.797500000000002096e+00 -1.027390353294060105e+03
4.807500000000001883e+00 -1.036302499557765259e+03
4.820000000000002061e+00 -1.049396427072700135e+03
4.830000000000001847e+00 -1.058477533226331389e+03
4.842500000000002025e+00 -1.064135427715804553e+03
4.852500000000001812e+00 -1.062354889416364813e+03
4.865000000000001990e+00 -1.053910055007759865e+03
4.875000000000002665e+00 -1.045896691097377925e+03
4.887500000000001954e+00 -1.039131439938973017e+03
4.900000000000002132e+00 -1.038266866894760824e+03
4.910000000000001918e+00 -1.043143793071945538e+03
4.922500000000002096e+00 -1.053359294612985877e+03
4.932500000000001883e+00 -1.060692550161679264e+03
4.945000000000002061e+00 -1.064376561890375115e+03
4.955000000000002736e+00 -1.061917655362159167e+03
4.967500000000002025e+00 -1.052944437796294551e+03
4.977500000000002700e+00 -1.043161403202356269e+03
4.990000000000001101e+00 -1.032768590765826502e+03
5.012500000000000178e+00 -1.032948602393480087e+03
5.025000000000000355e+00 -1.044262475476047939e+03
5.035000000000000142e+00 -1.055790196969421686e+03
5.047500000000000320e+00 -1.068123068043762032e+03
5.057500000000000107e+00 -1.073683013422439444e+03
5.070000000000000284e+00 -1.073378048894959420e+03
5.080000000000000071e+00 -1.067689137036983766e+03
5.092499999999999361e+00 -1.057831766094859631e+03
5.102500000000000036e+00 -1.052202823603420484e+03
5.115000000000000213e+00 -1.051807009080126136e+03
5.125000000000000000e+00 -1.056800258896636251e+03
5.137500000000000178e+00 -1.067271779033687835e+03
5.150000000000000355e+00 -1.078426775284325686e+03
5.160000000000000142e+00 -1.082759021759663028e+03
5.172500000000000320e+00 -1.079376740761103974e+03
5.182500000000000107e+00 -1.070595871095422126e+03
5.195000000000001172e+00 -1.055784596403124397e+03
5.205000000000000071e+00 -1.044355182625293310e+03
5.217500000000001137e+00 -1.035967020559057119e+03
5.227500000000000036e+00 -1.036845027986499645e+03
5.240000000000001101e+00 -1.046801129248055531e+03
5.250000000000000000e+00 -1.058193147769875395e+03
5.262500000000001066e+00 -1.071029714585444481e+03
5.275000000000001243e+00 -1.078053524512645936e+03
5.285000000000001030e+00 -1.076624278389416077e+03
5.297500000000001208e+00 -1.067557158704191352e+03
5.307500000000000995e+00 -1.058548620909620468e+03
5.320000000000001172e+00 -1.050736008622253394e+03
5.330000000000000959e+00 -1.049855659570646367e+03
5.342500000000001137e+00 -1.056831333279844785e+03
5.352500000000000924e+00 -1.067684172719315484e+03
5.365000000000001101e+00 -1.082443785409301654e+03
5.375000000000000888e+00 -1.090003366325064917e+03
5.387500000000001066e+00 -1.089892947091666201e+03
5.400000000000001243e+00 -1.080006736349980883e+03
5.410000000000001030e+00 -1.066813210959381649e+03
5.422500000000001208e+00 -1.049740193884587825e+03
5.432500000000000995e+00 -1.040851391075406355e+03
5.445000000000001172e+00 -1.039483664849681190e+03
5.455000000000001847e+00 -1.045434397406819016e+03
5.467500000000001137e+00 -1.057913212759927092e+03
5.477500000000001812e+00 -1.068298933297194253e+03
5.490000000000001101e+00 -1.076244426072612669e+03
5.500000000000001776e+00 -1.075560757778289599e+03
5.512500000000001066e+00 -1.066509791812055937e+03
5.525000000000001243e+00 -1.054348245183088238e+03
5.535000000000001918e+00 -1.046016457946742548e+03
5.547500000000001208e+00 -1.042239142255285742e+03
5.557500000000001883e+00 -1.046669587682166821e+03
5.570000000000001172e+00 -1.059583277581843959e+03
5.580000000000001847e+00 -1.071421960573161186e+03
5.592500000000001137e+00 -1.082113097480618762e+03
5.602500000000001812e+00 -1.084591738671291978e+03
5.615000000000001990e+00 -1.078690548876018966e+03
5.625000000000001776e+00 -1.067870283574720588e+03
5.637500000000001954e+00 -1.051952161279841221e+03
5.650000000000001243e+00 -1.041269614428158093e+03
5.660000000000001918e+00 -1.038823382839513897e+03
5.672500000000001208e+00 -1.043944364568518495e+03
5.682500000000001883e+00 -1.053022727930642986e+03
5.695000000000002061e+00 -1.065308487706888855e+03
5.705000000000001847e+00 -1.071196066306039256e+03
5.717500000000002025e+00 -1.070396279722104964e+03
5.727500000000001812e+00 -1.064047839005538890e+03
5.740000000000001990e+00 -1.052448241282515937e+03
5.750000000000001776e+00 -1.043490778905430716e+03
5.762500000000001954e+00 -1.037594276772611011e+03
5.775000000000002132e+00 -1.041526601787926666e+03
5.785000000000001918e+00 -1.049866903535718620e+03
5.797500000000002096e+00 -1.062499615941171896e+03
5.807500000000001883e+00 -1.070964109742993287e+03
5.820000000000002061e+00 -1.074968837479583954e+03
5.830000000000001847e+00 -1.070925077046043498e+03
5.842500000000002025e+00 -1.058673467621465761e+03
5.852500000000001812e+00 -1.047231254066640759e+03
5.865000000000001990e+00 -1.036225518277274887e+03
5.875000000000001776e+00 -1.032376748082145014e+03
5.887500000000001954e+00 -1.034781714384390398e+03
5.900000000000002132e+00 -1.043849570717086863e+03
5.910000000000001918e+00 -1.051226355416906017e+03
5.922500000000002096e+00 -1.055802635242368979e+03
5.932500000000001883e+00 -1.054267980272441719e+03
5.945000000000002061e+00 -1.046152493978499251e+03
5.955000000000001847e+00 -1.036398528066363951e+03
5.967500000000002025e+00 -1.024825805002772313e+03
5.977500000000001812e+00 -1.020019527918995550e+03
5.990000000000001990e+00 -1.021799568122961091e+03
6.012500000000000178e+00 -1.036775152825028272e+03
6.025000000000000355e+00 -1.045907307954869793e+03
6.035000000000000142e+00 -1.049337880990798340e+03
6.047500000000000320e+00 -1.046893899335849937e+03
6.057500000000000107e+00 -1.039736176855275744e+03
6.070000000000000284e+00 -1.027994839012999364e+03
6.080000000000000071e+00 -1.020484071577210784e+03
6.092500000000000249e+00 -1.017157412998476957e+03
6.102500000000000036e+00 -1.019589078839389458e+03
6.115000000000000213e+00 -1.027192316325042157e+03
6.125000000000000000e+00 -1.034606774131068732e+03
6.137500000000000178e+00 -1.041050341249194389e+03
6.150000000000000355e+00 -1.039737148849428195e+03
6.160000000000000142e+00 -1.033919174823069170e+03
6.172500000000000320e+00 -1.023354137015856395e+03
6.182500000000000107e+00 -1.014800883449966705e+03
6.195000000000001172e+00 -1.008171409775787197e+03
6.205000000000000071e+00 -1.008513886938602468e+03
6.217500000000001137e+00 -1.015412773731878133e+03
6.227500000000000036e+00 -1.022972806011275338e+03
6.240000000000001101e+00 -1.030254245666698125e+03
6.250000000000000000e+00 -1.031954684168207223e+03
6.262500000000001066e+00 -1.027343439288149966e+03
6.275000000000001243e+00 -1.015728868159047124e+03
6.285000000000001030e+00 -1.005575016895297040e+03
6.297500000000001208e+00 -9.964805764140166957e+02
6.307500000000000995e+00 -9.938357918288685369e+02
6.320000000000001172e+00 -9.969473428766862071e+02
6.330000000000000959e+00 -1.003631836834082151e+03
6.342500000000001137e+00 -1.012996618144618424e+03
6.352500000000000924e+00 -1.017246016518685906e+03
6.365000000000001101e+00 -1.015611012984087324e+03
6.375000000000000888e+00 -1.009445913767697789e+03
6.387500000000001066e+00 -9.986160490430429491e+02
6.400000000000001243e+00 -9.881637311952381424e+02
6.410000000000001030e+00 -9.844804148580507217e+02
6.422500000000001208e+00 -9.876886958934087488e+02
6.432500000000000995e+00 -9.949298065977775423e+02
6.445000000000001172e+00 -1.005957716208848979e+03
6.455000000000001847e+00 -1.013342654228625634e+03
6.467500000000001137e+00 -1.016715090571430324e+03
6.477500000000001812e+00 -1.012965515053824333e+03
6.490000000000001101e+00 -1.002035307571986095e+03
6.500000000000001776e+00 -9.922361797048752123e+02
6.512500000000001066e+00 -9.836987745817951918e+02
6.525000000000001243e+00 -9.817440997180366367e+02
6.535000000000001030e+00 -9.863275443291703368e+02
6.547500000000001208e+00 -9.970599364721919073e+02
6.557500000000001883e+00 -1.005441765107978995e+03
6.570000000000001172e+00 -1.010786652544145340e+03
6.580000000000001847e+00 -1.009381495866761270e+03
6.592500000000001137e+00 -1.000661007077971817e+03
6.602500000000001812e+00 -9.898444672535486006e+02
6.615000000000001101e+00 -9.767266075350130450e+02
6.625000000000001776e+00 -9.709703347263151727e+02
6.637500000000001954e+00 -9.724297615667385344e+02
6.650000000000001243e+00 -9.810975022063760207e+02
6.660000000000001918e+00 -9.909323337874994877e+02
6.672500000000001208e+00 -1.001300220853448536e+03
6.682500000000001883e+00 -1.003895697371462688e+03
6.695000000000001172e+00 -9.981749951612885070e+02
6.705000000000001847e+00 -9.884711745642778169e+02
6.717500000000002025e+00 -9.747224780493506842e+02
6.727500000000001812e+00 -9.660043249131192624e+02
6.740000000000001990e+00 -9.623563865939728430e+02
6.750000000000001776e+00 -9.668659605133822197e+02
6.762500000000001954e+00 -9.794392099029342944e+02
6.775000000000001243e+00 -9.927049501612920039e+02
6.785000000000001918e+00 -1.000278841699266081e+03
6.797500000000002096e+00 -1.002053317260845347e+03
6.807500000000001883e+00 -9.962348700358920723e+02
6.820000000000002061e+00 -9.830709751118702115e+02
6.830000000000001847e+00 -9.726001849798789181e+02
6.842500000000002025e+00 -9.650848802086662772e+02
6.852500000000001812e+00 -9.653239651802037997e+02
6.865000000000001990e+00 -9.732710920032234299e+02
6.875000000000002665e+00 -9.837618567088775308e+02
6.887500000000001954e+00 -9.964019835905240825e+02
6.900000000000002132e+00 -1.001273891728602393e+03
6.910000000000001918e+00 -9.984048848374930003e+02
6.922500000000002096e+00 -9.876304423425260666e+02
6.932500000000001883e+00 -9.758541596723000566e+02
6.945000000000002061e+00 -9.629793229431746795e+02
6.955000000000002736e+00 -9.585140888254385345e+02
6.967500000000002025e+00 -9.622241042555480135e+02
6.977500000000002700e+00 -9.706568986957086054e+02
6.990000000000001101e+00 -9.833702661027016347e+02
7.012500000000000178e+00 -9.955076169825043735e+02
7.025000000000000355e+00 -9.923644603526389574e+02
7.035000000000000142e+00 -9.842314530944254329e+02
7.047500000000000320e+00 -9.714111114018526223e+02
7.057500000000000107e+00 -9.637869263004787399e+02
7.070000000000000284e+00 -9.618199842144978220e+02
7.080000000000000071e+00 -9.665582825122060058e+02
7.092500000000000249e+00 -9.782415433013878783e+02
7.102500000000000036e+00 -9.893087314980433575e+02
7.115000000000001101e+00 -9.997898215406655709e+02
7.125000000000000000e+00 -1.001895871199899602e+03
7.137500000000000178e+00 -9.959561507938028626e+02
7.150000000000000355e+00 -9.849581951888562799e+02
7.160000000000000142e+00 -9.755645024691501703e+02
7.172500000000000320e+00 -9.681687081151497978e+02
7.182500000000000107e+00 -9.687018018290658574e+02
7.195000000000001172e+00 -9.772349878302366051e+02
7.205000000000000071e+00 -9.872258928329268883e+02
7.217500000000001137e+00 -9.986289150807036776e+02
7.227500000000000036e+00 -1.004071447342725492e+03
7.240000000000001101e+00 -1.003933689060023653e+03
7.250000000000000000e+00 -9.982718923132204054e+02
7.262500000000001066e+00 -9.877556709625793019e+02
7.275000000000001243e+00 -9.801153472263310960e+02
7.285000000000001030e+00 -9.782670898592310778e+02
7.297500000000001208e+00 -9.825659993920287434e+02
7.307500000000000995e+00 -9.907066120130815534e+02
7.320000000000001172e+00 -1.002714549518832087e+03
7.330000000000000959e+00 -1.009591515990057701e+03
7.342500000000001137e+00 -1.011301394093620388e+03
7.352500000000000924e+00 -1.007364457109716000e+03
7.365000000000001101e+00 -9.981309152858173093e+02
7.375000000000001776e+00 -9.897634915253959207e+02
7.387500000000001066e+00 -9.825563527119927585e+02
7.400000000000001243e+00 -9.832989592250931992e+02
7.410000000000001030e+00 -9.885454296908668539e+02
7.422500000000001208e+00 -9.978979243887772554e+02
7.432500000000000995e+00 -1.005015514985167101e+03
7.445000000000001172e+00 -1.009487970289629629e+03
7.455000000000001847e+00 -1.007454905936360319e+03
7.467500000000001137e+00 -9.989917100666683609e+02
7.477500000000001812e+00 -9.908393589566427408e+02
7.490000000000001101e+00 -9.834064589948403636e+02
7.500000000000001776e+00 -9.815936541833566480e+02
7.512500000000001066e+00 -9.855659912073317628e+02
7.525000000000001243e+00 -9.956267908950549099e+02
7.535000000000001918e+00 -1.003848997868057836e+03
7.547500000000001208e+00 -1.009911123723639321e+03
7.557500000000001883e+00 -1.009922410619980951e+03
7.570000000000001172e+00 -1.003851623176704834e+03
7.580000000000001847e+00 -9.954721541150247504e+02
7.592500000000001137e+00 -9.850640551533662119e+02
7.602500000000001812e+00 -9.806946472224885838e+02
7.615000000000001990e+00 -9.824560492530422380e+02
7.625000000000001776e+00 -9.884778788768351205e+02
7.637500000000001954e+00 -9.984658574385786096e+02
7.650000000000001243e+00 -1.007332649267959710e+03
7.660000000000001918e+00 -1.009559884142628448e+03
7.672500000000001208e+00 -1.004950417098671664e+03
7.682500000000001883e+00 -9.972815718327889272e+02
7.695000000000002061e+00 -9.868247924339594874e+02
7.705000000000001847e+00 -9.806535799336141963e+02
7.717500000000002025e+00 -9.791164427154481018e+02
7.727500000000001812e+00 -9.840246840119823446e+02
7.740000000000001990e+00 -9.953873255652546277e+02
7.750000000000001776e+00 -1.004497107505841768e+03
7.762500000000001954e+00 -1.011141120966993185e+03
7.775000000000002132e+00 -1.010704284355164759e+03
7.785000000000001918e+00 -1.004454876305641960e+03
7.797500000000002096e+00 -9.926518636026507920e+02
7.807500000000001883e+00 -9.844883817800025554e+02
7.820000000000002061e+00 -9.805103430603533070e+02
7.830000000000001847e+00 -9.832671167801640877e+02
7.842500000000002025e+00 -9.930707871920620846e+02
7.852500000000001812e+00 -1.003713485680114673e+03
7.865000000000001990e+00 -1.015167044086287547e+03
7.875000000000001776e+00 -1.018815113713101709e+03
7.887500000000001954e+00 -1.014628612608364961e+03
7.900000000000002132e+00 -1.003918114967346014e+03
7.910000000000001918e+00 -9.933455793288248969e+02
7.922500000000002096e+00 -9.830727829913962523e+02
7.932500000000001883e+00 -9.808463100765620766e+02
7.945000000000002061e+00 -9.864243511601979435e+02
7.955000000000001847e+00 -9.950354261209846527e+02
7.967500000000002025e+00 -1.006073179462966436e+03
7.977500000000001812e+00 -1.011838458864321524e+03
7.990000000000001990e+00 -1.011640768002578397e+03
8.012500000000001066e+00 -9.941601725523767072e+02
8.025000000000000355e+00 -9.803425605061834176e+02
8.035000000000000142e+00 -9.735155544384333552e+02
8.047500000000001208e+00 -9.738619123415135164e+02
8.057500000000000995e+00 -9.807218938043970411e+02
8.070000000000000284e+00 -9.943053984991847756e+02
8.080000000000000071e+00 -1.005856411904586025e+03
8.092500000000001137e+00 -1.015712468417894229e+03
8.102500000000000924e+00 -1.016841542771075297e+03
8.115000000000000213e+00 -1.010060739974500052e+03
8.125000000000000000e+00 -1.001291808242481807e+03
8.137500000000001066e+00 -9.913557013098142079e+02
8.150000000000000355e+00 -9.865419148927045399e+02
8.160000000000000142e+00 -9.891983656562085798e+02
8.172500000000001208e+00 -9.992554467326684744e+02
8.182500000000000995e+00 -1.008772613238420604e+03
8.195000000000000284e+00 -1.017021706636079102e+03
8.205000000000000071e+00 -1.018141185686913900e+03
8.217500000000001137e+00 -1.011262261707395737e+03
8.227500000000000924e+00 -1.000002283821683932e+03
8.240000000000000213e+00 -9.835995637939919334e+02
8.250000000000000000e+00 -9.735195736490676381e+02
8.262500000000001066e+00 -9.690038073556468134e+02
8.275000000000000355e+00 -9.731654728774630030e+02
8.285000000000000142e+00 -9.817408389297736448e+02
8.297500000000001208e+00 -9.941875842541179509e+02
8.307500000000000995e+00 -1.001052704959806078e+03
8.320000000000000284e+00 -1.002404958162214598e+03
8.330000000000000071e+00 -9.982012273908804900e+02
8.342500000000001137e+00 -9.892710496493361916e+02
8.352500000000000924e+00 -9.820638976569337046e+02
8.365000000000000213e+00 -9.776248744719665638e+02
8.375000000000000000e+00 -9.803279968293181810e+02
8.387500000000001066e+00 -9.908606412147328228e+02
8.400000000000000355e+00 -1.003923274598199214e+03
8.410000000000000142e+00 -1.013032608774578762e+03
8.422500000000001208e+00 -1.018163720132827621e+03
8.432500000000000995e+00 -1.015077836934381025e+03
8.445000000000000284e+00 -1.003727751083242538e+03
8.455000000000000071e+00 -9.925807183164741900e+02
8.467500000000001137e+00 -9.813851585132147193e+02
8.477500000000000924e+00 -9.770772252703387721e+02
8.490000000000000213e+00 -9.789402881371057674e+02
8.500000000000000000e+00 -9.855379916453872511e+02
8.512500000000001066e+00 -9.959084271614402724e+02
8.525000000000002132e+00 -1.002023801712538216e+03
8.535000000000000142e+00 -1.002390566720438642e+03
8.547500000000001208e+00 -9.971460812017634225e+02
8.557500000000000995e+00 -9.898181848830857916e+02
8.570000000000002061e+00 -9.813327512582071677e+02
8.580000000000000071e+00 -9.789105798852826865e+02
8.592500000000001137e+00 -9.834454656362405558e+02
8.602500000000000924e+00 -9.917866635467912602e+02
8.615000000000001990e+00 -1.004488289445879900e+03
8.625000000000000000e+00 -1.013478674491147217e+03
8.637500000000001066e+00 -1.018996474756337989e+03
8.650000000000002132e+00 -1.014859994640200171e+03
8.660000000000000142e+00 -1.006733579944652433e+03
8.672500000000001208e+00 -9.946476872168913133e+02
8.682500000000000995e+00 -9.864337679375496464e+02
8.695000000000002061e+00 -9.816654101336107487e+02
8.705000000000000071e+00 -9.836843037050655312e+02
8.717500000000001137e+00 -9.914745744292642939e+02
8.727500000000002700e+00 -9.981490604254406662e+02
8.740000000000001990e+00 -1.002490829561504484e+03
8.750000000000001776e+00 -1.001301574403351424e+03
8.762500000000001066e+00 -9.940282059815026514e+02
8.775000000000002132e+00 -9.823635954229588378e+02
8.785000000000001918e+00 -9.745442490253863070e+02
8.797500000000001208e+00 -9.709480057135457400e+02
8.807500000000002771e+00 -9.738911676686543615e+02
8.820000000000002061e+00 -9.838759395571676123e+02
8.830000000000003624e+00 -9.948309363120295075e+02
8.842500000000001137e+00 -1.007256047567921428e+03
8.852500000000002700e+00 -1.012247234051391843e+03
8.865000000000001990e+00 -1.010425384503466489e+03
8.875000000000003553e+00 -1.004192765405368164e+03
8.887500000000002842e+00 -9.943193982979804559e+02
8.900000000000002132e+00 -9.860710087288559862e+02
8.910000000000003695e+00 -9.845325161908153859e+02
8.922500000000001208e+00 -9.897667551543169111e+02
8.932500000000002771e+00 -9.972813416884031312e+02
8.945000000000002061e+00 -1.006501347715885117e+03
8.955000000000003624e+00 -1.011013390848296467e+03
8.967500000000002913e+00 -1.010120948713472785e+03
8.977500000000002700e+00 -1.003545335366187828e+03
8.990000000000001990e+00 -9.910973044177927704e+02
9.012500000000001066e+00 -9.767102975545377603e+02
9.025000000000002132e+00 -9.779901937878627223e+02
9.035000000000001918e+00 -9.842571759767914727e+02
9.047500000000001208e+00 -9.953100949866102383e+02
9.057500000000000995e+00 -1.003727115826922045e+03
9.070000000000002061e+00 -1.009054359485179361e+03
9.080000000000001847e+00 -1.006641880021682255e+03
9.092500000000001137e+00 -9.961185559553263147e+02
9.102500000000000924e+00 -9.851845245959538033e+02
9.115000000000001990e+00 -9.734851137465858528e+02
9.125000000000001776e+00 -9.683168872864905552e+02
9.137500000000001066e+00 -9.690682835748831394e+02
9.150000000000002132e+00 -9.775132391401468794e+02
9.160000000000001918e+00 -9.855179192375137518e+02
9.172500000000001208e+00 -9.919775478298747657e+02
9.182500000000000995e+00 -9.921576752735381888e+02
9.195000000000002061e+00 -9.852332022314511732e+02
9.205000000000001847e+00 -9.750751035659241097e+02
9.217500000000001137e+00 -9.614547593369234164e+02
9.227500000000000924e+00 -9.544779101973739444e+02
9.240000000000001990e+00 -9.541348900020807378e+02
9.250000000000001776e+00 -9.598814719943285354e+02
9.262500000000001066e+00 -9.714695468332913606e+02
9.275000000000002132e+00 -9.835878468226719633e+02
9.285000000000001918e+00 -9.886577776771706567e+02
9.297500000000001208e+00 -9.864571519481795576e+02
9.307500000000000995e+00 -9.790602205753064027e+02
9.320000000000002061e+00 -9.665744684595334775e+02
9.330000000000001847e+00 -9.572912249105278306e+02
9.342500000000001137e+00 -9.512675317524372076e+02
9.352500000000000924e+00 -9.532191982705945748e+02
9.365000000000001990e+00 -9.628984042560530270e+02
9.375000000000001776e+00 -9.726221451804506160e+02
9.387500000000001066e+00 -9.818238993347231371e+02
9.400000000000002132e+00 -9.844157478763662539e+02
9.410000000000001918e+00 -9.797411544756891999e+02
9.422500000000001208e+00 -9.677797470113531517e+02
9.432500000000000995e+00 -9.576811333697921782e+02
9.445000000000002061e+00 -9.498807143383919538e+02
9.455000000000001847e+00 -9.495417734160415648e+02
9.467500000000001137e+00 -9.568724606169486151e+02
9.477500000000000924e+00 -9.673594476582792367e+02
9.490000000000001990e+00 -9.809411780889092825e+02
9.500000000000001776e+00 -9.874636612117227514e+02
9.512500000000001066e+00 -9.868526578816661186e+02
9.525000000000002132e+00 -9.782323813375054442e+02
9.535000000000001918e+00 -9.675321943913619407e+02
9.547500000000002984e+00 -9.549999876374761243e+02
9.557500000000000995e+00 -9.500678185902577297e+02
9.570000000000002061e+00 -9.525974659597247864e+02
9.580000000000001847e+00 -9.600895591015599848e+02
9.592500000000002913e+00 -9.721110867071464554e+02
9.602500000000000924e+00 -9.804401736218427459e+02
9.615000000000001990e+00 -9.846553235847518408e+02
9.625000000000001776e+00 -9.810089703834725015e+02
9.637500000000002842e+00 -9.692816200412310081e+02
9.650000000000002132e+00 -9.561074199106479909e+02
9.660000000000001918e+00 -9.480491418592263244e+02
9.672500000000002984e+00 -9.452980033220596852e+02
9.682500000000000995e+00 -9.504026864665072480e+02
9.695000000000002061e+00 -9.632936042276653552e+02
9.705000000000001847e+00 -9.742841947187870346e+02
9.717500000000002913e+00 -9.832830404894218645e+02
9.727500000000002700e+00 -9.846277917023235204e+02
9.740000000000001990e+00 -9.786133616229278687e+02
9.750000000000003553e+00 -9.692062435551755470e+02
9.762500000000002842e+00 -9.569337932202190586e+02
9.775000000000002132e+00 -9.511852471016887876e+02
9.785000000000001918e+00 -9.526088962047138011e+02
9.797500000000002984e+00 -9.612241926547085313e+02
9.807500000000004547e+00 -9.714937763746778501e+02
9.820000000000002061e+00 -9.831521373596519879e+02
9.830000000000003624e+00 -9.872707065827263477e+02
9.842500000000002913e+00 -9.836812233064723614e+02
9.852500000000004476e+00 -9.754310634972138132e+02
9.865000000000001990e+00 -9.626121621492412714e+02
9.875000000000003553e+00 -9.536482070742093811e+02
9.887500000000004619e+00 -9.484164634291913671e+02
9.900000000000002132e+00 -9.528083456800859494e+02
9.910000000000003695e+00 -9.607853026351160679e+02
9.922500000000002984e+00 -9.718228965653980822e+02
9.932500000000004547e+00 -9.783940614561113307e+02
9.945000000000002061e+00 -9.800865774423731409e+02
9.955000000000003624e+00 -9.749347492740052985e+02
9.967500000000004690e+00 -9.628922525427423125e+02
9.977500000000004476e+00 -9.530885733078974908e+02
9.990000000000001990e+00 -9.456984793567537508e+02
1.001250000000000107e+01 -9.506376674665009432e+02
1.002500000000000036e+01 -9.616696002986803933e+02
1.003500000000000014e+01 -9.709419654457444722e+02
1.004750000000000121e+01 -9.782006511147451420e+02
1.005750000000000099e+01 -9.776936241920684552e+02
1.007000000000000028e+01 -9.693176889979714588e+02
1.008000000000000007e+01 -9.594413646154530397e+02
1.009250000000000114e+01 -9.478253029691286429e+02
1.010250000000000092e+01 -9.416434841394645900e+02
1.011500000000000021e+01 -9.401575962767134342e+02
1.012500000000000000e+01 -9.442506560347158029e+02
1.013750000000000107e+01 -9.526050586102459192e+02
1.015000000000000036e+01 -9.580284514881490168e+02
1.016000000000000014e+01 -9.581420535327160906e+02
1.017250000000000121e+01 -9.517184065782822699e+02
1.018250000000000099e+01 -9.419868530031026239e+02
1.019500000000000028e+01 -9.282836254313579047e+02
1.020500000000000007e+01 -9.203195190979065501e+02
1.021750000000000114e+01 -9.175350679727437182e+02
1.022750000000000092e+01 -9.208850999007220253e+02
1.024000000000000021e+01 -9.294938134371791421e+02
1.025000000000000000e+01 -9.371137872739498107e+02
1.026250000000000107e+01 -9.431520250128653515e+02
1.027500000000000036e+01 -9.412766280384342963e+02
1.028500000000000014e+01 -9.353599786754747356e+02
1.029750000000000121e+01 -9.255330974357524383e+02
1.030750000000000099e+01 -9.182890098275519222e+02
1.032000000000000028e+01 -9.138100504026680255e+02
1.033000000000000007e+01 -9.158405561496642804e+02
1.034250000000000114e+01 -9.241987813534785801e+02
1.035250000000000092e+01 -9.320883216962029110e+02
1.036500000000000021e+01 -9.388815122201802978e+02
1.037500000000000000e+01 -9.399284984235279126e+02
1.038750000000000107e+01 -9.347026473907019408e+02
1.040000000000000213e+01 -9.231760923779889936e+02
1.041000000000000014e+01 -9.137301622262898491e+02
1.042250000000000121e+01 -9.061728451104842179e+02
1.043250000000000099e+01 -9.051129280231651819e+02
1.044500000000000028e+01 -9.102661301578998518e+02
1.045500000000000007e+01 -9.182093721396149704e+02
1.046750000000000114e+01 -9.283663726246809347e+02
1.047750000000000092e+01 -9.327164012549209247e+02
1.049000000000000021e+01 -9.310939723898504781e+02
1.050000000000000000e+01 -9.253708479487976319e+02
1.051250000000000107e+01 -9.160649184576644757e+02
1.052500000000000213e+01 -9.081095966310201675e+02
1.053500000000000014e+01 -9.068148651060223528e+02
1.054750000000000121e+01 -9.128257192060689249e+02
1.055750000000000099e+01 -9.217345107166731850e+02
1.057000000000000206e+01 -9.338458601391407683e+02
1.058000000000000007e+01 -9.412844393289037725e+02
1.059250000000000114e+01 -9.440025033793257307e+02
1.060250000000000092e+01 -9.394519409629116353e+02
1.061500000000000199e+01 -9.275811685461690104e+02
1.062500000000000178e+01 -9.172412383807355809e+02
1.063750000000000107e+01 -9.083249961097026244e+02
1.065000000000000213e+01 -9.062384693150414705e+02
1.066000000000000192e+01 -9.106250343061667536e+02
1.067250000000000121e+01 -9.205888654543692837e+02
1.068250000000000099e+01 -9.278741376493993585e+02
1.069500000000000206e+01 -9.314531929682948430e+02
1.070500000000000185e+01 -9.287221331323331697e+02
1.071750000000000114e+01 -9.191652608431109002e+02
1.072750000000000270e+01 -9.088274573755095389e+02
1.074000000000000199e+01 -8.978808861753191195e+02
1.075000000000000178e+01 -8.947948182182004757e+02
1.076250000000000107e+01 -8.999648596603412898e+02
1.077500000000000213e+01 -9.119762215203450069e+02
1.078500000000000369e+01 -9.239421754494056813e+02
1.079750000000000121e+01 -9.363860757681165978e+02
1.080750000000000277e+01 -9.404239094868746633e+02
1.082000000000000206e+01 -9.367233624253960897e+02
1.083000000000000362e+01 -9.290165849872601029e+02
1.084250000000000114e+01 -9.179624800151806312e+02
1.085250000000000270e+01 -9.111348080518539518e+02
1.086500000000000377e+01 -9.089637552250616181e+02
1.087500000000000355e+01 -9.136979013653318589e+02
1.088750000000000284e+01 -9.251886121338886824e+02
1.090000000000000213e+01 -9.360114003925042425e+02
1.091000000000000369e+01 -9.410470584393830222e+02
1.092250000000000121e+01 -9.398169856931841650e+02
1.093250000000000277e+01 -9.323587365660462183e+02
1.094500000000000384e+01 -9.184785333150418865e+02
1.095500000000000362e+01 -9.083947879207910319e+02
1.096750000000000291e+01 -9.020938562247723667e+02
1.097750000000000270e+01 -9.034078344386163053e+02
1.099000000000000199e+01 -9.122561376941739582e+02
1.101249999999999929e+01 -9.329088778808222742e+02
1.102500000000000036e+01 -9.403239886020530776e+02
1.103500000000000014e+01 -9.394237187275955421e+02
1.104749999999999943e+01 -9.304336923241703516e+02
1.105749999999999922e+01 -9.205201806118944887e+02
1.107000000000000028e+01 -9.100731785996816825e+02
1.108000000000000007e+01 -9.059583497774682428e+02
1.109249999999999936e+01 -9.080069929703532807e+02
1.110249999999999915e+01 -9.150279226922357338e+02
1.111500000000000021e+01 -9.263668702617650297e+02
1.112500000000000000e+01 -9.329519403716813031e+02
1.113749999999999929e+01 -9.340479244244686470e+02
1.115000000000000036e+01 -9.272917468172364579e+02
1.116000000000000014e+01 -9.170161328990944867e+02
1.117249999999999943e+01 -9.027527874645801376e+02
1.118249999999999922e+01 -8.947611612642372165e+02
1.119500000000000028e+01 -8.926223345860807967e+02
1.120500000000000007e+01 -8.969011854312130936e+02
1.121749999999999936e+01 -9.069884780960321677e+02
1.122749999999999915e+01 -9.159921460301931120e+02
1.124000000000000021e+01 -9.234007574405832202e+02
1.125000000000000000e+01 -9.231461895826421369e+02
1.126249999999999929e+01 -9.151954224122857795e+02
1.127500000000000036e+01 -9.038405474938441557e+02
1.128500000000000014e+01 -8.953046914827558567e+02
1.129749999999999943e+01 -8.897628870733042277e+02
1.130749999999999922e+01 -8.916503440885292093e+02
1.132000000000000028e+01 -9.007203803397602542e+02
1.133000000000000007e+01 -9.098398892232630715e+02
1.134249999999999936e+01 -9.186738259545188612e+02
1.135249999999999915e+01 -9.214430745625855934e+02
1.136500000000000021e+01 -9.181759338174152845e+02
1.137500000000000000e+01 -9.107639163843837196e+02
1.138749999999999929e+01 -8.995439713391532450e+02
1.140000000000000036e+01 -8.927146919303984305e+02
1.141000000000000014e+01 -8.921116679058608270e+02
1.142250000000000121e+01 -8.977949189557602949e+02
1.143249999999999922e+01 -9.063196920120061577e+02
1.144500000000000028e+01 -9.175000565375676160e+02
1.145500000000000007e+01 -9.227076751804245305e+02
1.146750000000000114e+01 -9.216833287931234509e+02
1.147749999999999915e+01 -9.156806242447439672e+02
1.149000000000000021e+01 -9.047520358541617043e+02
1.150000000000000000e+01 -8.960360309121787168e+02
1.151249999999999929e+01 -8.894762994650667451e+02
1.152500000000000036e+01 -8.914035918867381270e+02
1.153500000000000014e+01 -8.972656346700641734e+02
1.154750000000000121e+01 -9.063456336994058802e+02
1.155749999999999922e+01 -9.122697669473334372e+02
1.157000000000000028e+01 -9.144480162278820217e+02
1.158000000000000007e+01 -9.105926819859931811e+02
1.159250000000000114e+01 -9.007463527768362610e+02
1.160249999999999915e+01 -8.925916370631096015e+02
1.161500000000000021e+01 -8.865360017699872515e+02
1.162500000000000000e+01 -8.865826041527216148e+02
1.163750000000000107e+01 -8.931174401608291191e+02
1.165000000000000036e+01 -9.051818981568701474e+02
1.166000000000000014e+01 -9.142046699461312755e+02
1.167250000000000121e+01 -9.202549229720638095e+02
1.168250000000000099e+01 -9.198096615041939685e+02
1.169500000000000028e+01 -9.131551935807409563e+02
1.170500000000000007e+01 -9.046438710458061223e+02
1.171750000000000114e+01 -8.946391550393676653e+02
1.172750000000000270e+01 -8.909035600989662953e+02
1.174000000000000021e+01 -8.933655907871902855e+02
1.175000000000000178e+01 -8.994651637611227670e+02
1.176250000000000107e+01 -9.085514134892300717e+02
1.177500000000000036e+01 -9.155273488361286809e+02
1.178500000000000014e+01 -9.159263292038718873e+02
1.179750000000000121e+01 -9.092645427093516446e+02
1.180750000000000277e+01 -9.005700092223264619e+02
1.182000000000000028e+01 -8.898765510190512487e+02
1.183000000000000185e+01 -8.843217103400420456e+02
1.184250000000000114e+01 -8.842077239289509407e+02
1.185250000000000270e+01 -8.903855329760015138e+02
1.186500000000000021e+01 -9.030713036665591744e+02
1.187500000000000178e+01 -9.129482666712326591e+02
1.188750000000000284e+01 -9.202385886023752164e+02
1.190000000000000036e+01 -9.204024739750522031e+02
1.191000000000000192e+01 -9.148458721303722996e+02
1.192250000000000121e+01 -9.041522379628279396e+02
1.193250000000000277e+01 -8.968560883091396363e+02
1.194500000000000028e+01 -8.934922951636823427e+02
1.195500000000000185e+01 -8.960567834529663287e+02
1.196750000000000291e+01 -9.044756209329087824e+02
1.197750000000000270e+01 -9.131361754225067671e+02
1.199000000000000021e+01 -9.213979277554469718e+02
1.201250000000000107e+01 -9.177347206674751305e+02
1.202500000000000036e+01 -9.055762839113766631e+02
1.203500000000000014e+01 -8.947666720658512531e+02
1.204750000000000121e+01 -8.851845576560532436e+02
1.205750000000000099e+01 -8.829333636206449683e+02
1.207000000000000028e+01 -8.879894006773422461e+02
1.208000000000000007e+01 -8.974095512152156289e+02
1.209250000000000114e+01 -9.112943891103875558e+02
1.210250000000000092e+01 -9.194929886306117623e+02
1.211500000000000021e+01 -9.223162101975004816e+02
1.212500000000000000e+01 -9.187375595558587520e+02
1.213750000000000107e+01 -9.095518613971089508e+02
1.215000000000000036e+01 -8.990490418853830761e+02
1.216000000000000014e+01 -8.946067330113444314e+02
1.217250000000000121e+01 -8.968885954426966691e+02
1.218250000000000099e+01 -9.039955307276206895e+02
1.219500000000000028e+01 -9.160302512916489377e+02
1.220500000000000007e+01 -9.249989782210661815e+02
1.221750000000000114e+01 -9.305742189657599965e+02
1.222750000000000092e+01 -9.280229097466208259e+02
1.224000000000000021e+01 -9.171293996372920674e+02
1.225000000000000000e+01 -9.059546588611959805e+02
1.226250000000000107e+01 -8.942793252728534981e+02
1.227500000000000036e+01 -8.887624109152239953e+02
1.228500000000000014e+01 -8.912081005249098098e+02
1.229750000000000121e+01 -9.011943700352994711e+02
1.230750000000000099e+01 -9.108163572340308747e+02
1.232000000000000028e+01 -9.196217309828182351e+02
1.233000000000000007e+01 -9.217946557039357458e+02
1.234250000000000114e+01 -9.172587173687758195e+02
1.235250000000000092e+01 -9.086995443960011016e+02
1.236500000000000021e+01 -8.964086187593769637e+02
1.237500000000000000e+01 -8.897934477190385678e+02
1.238750000000000107e+01 -8.891033688603041583e+02
1.240000000000000213e+01 -8.958235242712489708e+02
1.241000000000000014e+01 -9.051718050420381587e+02
1.242250000000000121e+01 -9.168592132765811584e+02
1.243250000000000099e+01 -9.219466540544345889e+02
1.244500000000000206e+01 -9.202875689443148985e+02
1.245500000000000007e+01 -9.136038610862950691e+02
1.246750000000000114e+01 -9.020270201604614613e+02
1.247750000000000092e+01 -8.932358319005783187e+02
1.249000000000000199e+01 -8.873838506458463371e+02
1.250000000000000000e+01 -8.891409863601667212e+02
1.251250000000000107e+01 -8.983055793708417696e+02
1.252500000000000213e+01 -9.094857029630452416e+02
1.253500000000000014e+01 -9.169181700013547243e+02
1.254750000000000121e+01 -9.203545926383891356e+02
1.255750000000000099e+01 -9.167812785663352315e+02
1.257000000000000206e+01 -9.064124097553319643e+02
1.258000000000000007e+01 -8.972900890597682064e+02
1.259250000000000114e+01 -8.896296776724143456e+02
1.260250000000000092e+01 -8.882089139812803751e+02
1.261500000000000199e+01 -8.929431766317966321e+02
1.262500000000000000e+01 -9.008989456845482664e+02
1.263750000000000107e+01 -9.116063755413146055e+02
1.265000000000000213e+01 -9.168012374501867043e+02
1.266000000000000192e+01 -9.158816995657239204e+02
1.267250000000000121e+01 -9.088835376258591623e+02
1.268250000000000099e+01 -9.003244468327858385e+02
1.269500000000000206e+01 -8.905065164879495114e+02
1.270500000000000185e+01 -8.870856853546958973e+02
1.271750000000000114e+01 -8.902621873953154363e+02
1.272750000000000270e+01 -8.972565508673918657e+02
1.274000000000000199e+01 -9.078608450696676755e+02
1.275000000000000178e+01 -9.150193553381127458e+02
1.276250000000000107e+01 -9.185986892141226008e+02
1.277500000000000213e+01 -9.136815086688477550e+02
1.278500000000000192e+01 -9.061493363388958642e+02
1.279750000000000121e+01 -8.964170469479112171e+02
1.280750000000000277e+01 -8.909788841555804311e+02
1.282000000000000206e+01 -8.900065301446010153e+02
1.283000000000000362e+01 -8.947240022654489167e+02
1.284250000000000114e+01 -9.049684168530915258e+02
1.285250000000000270e+01 -9.127857183732097610e+02
1.286500000000000199e+01 -9.178266151508850044e+02
1.287500000000000355e+01 -9.169676459909093182e+02
1.288750000000000284e+01 -9.102444470098114380e+02
1.290000000000000213e+01 -8.996069708517721892e+02
1.291000000000000369e+01 -8.929108018698772185e+02
1.292250000000000121e+01 -8.907019651866714867e+02
1.293250000000000277e+01 -8.943222851285682964e+02
1.294500000000000206e+01 -9.040247122052022632e+02
1.295500000000000362e+01 -9.136704127999950060e+02
1.296750000000000291e+01 -9.233081304184746614e+02
1.297750000000000270e+01 -9.256680512681643904e+02
1.299000000000000199e+01 -9.208714038554354602e+02
1.301250000000000107e+01 -9.041625004964802201e+02
1.302500000000000213e+01 -8.961694975068726308e+02
1.303500000000000192e+01 -8.940642288795768309e+02
1.304750000000000121e+01 -8.975401955383512131e+02
1.305750000000000099e+01 -9.042870011948477895e+02
1.307000000000000206e+01 -9.135192551866205122e+02
1.308000000000000185e+01 -9.175090721259890643e+02
1.309250000000000114e+01 -9.153423831227771643e+02
1.310250000000000092e+01 -9.085631800914230780e+02
1.311500000000000199e+01 -8.966763610692934208e+02
1.312500000000000178e+01 -8.872297561635692773e+02
1.313750000000000107e+01 -8.800484589613967046e+02
1.315000000000000213e+01 -8.819093535067547691e+02
1.316000000000000192e+01 -8.883178770596455252e+02
1.317250000000000121e+01 -8.989384951011546718e+02
1.318250000000000099e+01 -9.066186549406619406e+02
1.319500000000000206e+01 -9.110602691187654045e+02
1.320500000000000185e+01 -9.084510946070723776e+02
1.321750000000000114e+01 -8.988033871532962849e+02
1.322750000000000092e+01 -8.896395709938683467e+02
1.324000000000000199e+01 -8.812643332848782620e+02
1.325000000000000178e+01 -8.790718631107696410e+02
1.326250000000000107e+01 -8.830944451682979661e+02
1.327500000000000213e+01 -8.936506869205137491e+02
1.328500000000000192e+01 -9.023478193068247037e+02
1.329750000000000121e+01 -9.087385336250716819e+02
1.330750000000000099e+01 -9.085988596137118520e+02
1.332000000000000206e+01 -9.015945502895996242e+02
1.333000000000000185e+01 -8.919746654072623642e+02
1.334250000000000114e+01 -8.798156275759799883e+02
1.335250000000000092e+01 -8.742995571675235169e+02
1.336500000000000199e+01 -8.755333932170912021e+02
1.337500000000000178e+01 -8.820266712178749913e+02
1.338750000000000107e+01 -8.935537052246793337e+02
1.340000000000000213e+01 -9.046009006881506593e+02
1.341000000000000192e+01 -9.085009707967975601e+02
1.342250000000000298e+01 -9.050895605923491303e+02
1.343250000000000099e+01 -8.973044025754619497e+02
1.344500000000000206e+01 -8.853052436258440139e+02
1.345500000000000185e+01 -8.770352634999609336e+02
1.346750000000000291e+01 -8.724763522668472433e+02
1.347750000000000092e+01 -8.752025375201777706e+02
1.349000000000000199e+01 -8.847338622917175144e+02
1.350000000000000178e+01 -8.933847455004500944e+02
1.351250000000000107e+01 -9.005162513921915206e+02
1.352500000000000213e+01 -9.010504516580524523e+02
1.353500000000000192e+01 -8.952952611025677925e+02
1.354750000000000298e+01 -8.831363567450049459e+02
1.355750000000000099e+01 -8.737696953102046109e+02
1.357000000000000206e+01 -8.673766113750468776e+02
1.358000000000000185e+01 -8.680112685074659566e+02
1.359250000000000291e+01 -8.757506332446010902e+02
1.360250000000000092e+01 -8.857288934041956736e+02
1.361500000000000199e+01 -8.979583140491145059e+02
1.362500000000000178e+01 -9.033843231661160189e+02
1.363750000000000284e+01 -9.021352047961489689e+02
1.365000000000000213e+01 -8.942804591453615330e+02
1.366000000000000192e+01 -8.852512111389288521e+02
1.367250000000000298e+01 -8.754791411475853238e+02
1.368250000000000277e+01 -8.726473299665850618e+02
1.369500000000000206e+01 -8.769193770515566939e+02
1.370500000000000185e+01 -8.846548926076611679e+02
1.371750000000000291e+01 -8.955267176541265144e+02
1.372750000000000270e+01 -9.021338245142923142e+02
1.374000000000000199e+01 -9.040658669833278509e+02
1.375000000000000355e+01 -8.992522709958859650e+02
1.376250000000000284e+01 -8.876993755792391312e+02
1.377500000000000213e+01 -8.765250843181808023e+02
1.378500000000000192e+01 -8.708650874780917093e+02
1.379750000000000298e+01 -8.710776641397375215e+02
1.380750000000000455e+01 -8.778132207707943735e+02
1.382000000000000206e+01 -8.912603852929102004e+02
1.383000000000000362e+01 -9.015196721416290302e+02
1.384250000000000291e+01 -9.088704129117908224e+02
1.385250000000000448e+01 -9.090612085640191253e+02
1.386500000000000199e+01 -9.026363331219146175e+02
1.387500000000000355e+01 -8.939951702642699729e+02
1.388750000000000462e+01 -8.837100793400600196e+02
1.390000000000000213e+01 -8.800588311671717747e+02
1.391000000000000369e+01 -8.823949427539436101e+02
1.392250000000000298e+01 -8.904265268715022330e+02
1.393250000000000455e+01 -8.987230470911991915e+02
1.394500000000000206e+01 -9.066780888041477056e+02
1.395500000000000362e+01 -9.076659474437570907e+02
1.396750000000000469e+01 -9.011280397489023244e+02
1.397750000000000448e+01 -8.919425486264420897e+02
1.399000000000000199e+01 -8.799096051666831499e+02
1.401250000000000107e+01 -8.707449266153611234e+02
1.402500000000000036e+01 -8.751635216604574907e+02
1.403500000000000014e+01 -8.832642461648431436e+02
1.404750000000000121e+01 -8.947643502870542989e+02
1.405750000000000099e+01 -9.008843124412380803e+02
1.407000000000000028e+01 -9.014640302505652016e+02
1.408000000000000007e+01 -8.966684526978880285e+02
1.409250000000000114e+01 -8.866027258929408390e+02
1.410250000000000092e+01 -8.779297895330964820e+02
1.411500000000000021e+01 -8.708078170455839881e+02
1.412500000000000000e+01 -8.707239804113570472e+02
1.413750000000000107e+01 -8.772845610441704594e+02
1.415000000000000036e+01 -8.863327264543271440e+02
1.416000000000000014e+01 -8.926085605501700684e+02
1.417250000000000121e+01 -8.951969176107960493e+02
1.418250000000000099e+01 -8.910843297891442489e+02
1.419500000000000028e+01 -8.796237363167158492e+02
1.420500000000000007e+01 -8.690791756630367217e+02
1.421750000000000114e+01 -8.591226542358795086e+02
1.422750000000000092e+01 -8.559464689965200250e+02
1.424000000000000021e+01 -8.592112552807561769e+02
1.425000000000000000e+01 -8.667400613508699507e+02
1.426250000000000107e+01 -8.780650887623553444e+02
1.427500000000000036e+01 -8.849560272190221895e+02
1.428500000000000014e+01 -8.856060662006482289e+02
1.429750000000000121e+01 -8.799703801848046396e+02
1.430750000000000099e+01 -8.715777331903414051e+02
1.432000000000000028e+01 -8.607218311196038485e+02
1.433000000000000007e+01 -8.557936657203708819e+02
1.434250000000000114e+01 -8.568906949638395645e+02
1.435250000000000092e+01 -8.625648934843751476e+02
1.436500000000000021e+01 -8.723878025601703712e+02
1.437500000000000000e+01 -8.796058141577966580e+02
1.438750000000000107e+01 -8.836978764542276394e+02
1.440000000000000213e+01 -8.790583890047412297e+02
1.441000000000000014e+01 -8.711056065357696525e+02
1.442250000000000121e+01 -8.597681266960606763e+02
1.443250000000000099e+01 -8.524493451619255211e+02
1.444500000000000206e+01 -8.491574819153368026e+02
1.445500000000000007e+01 -8.527073094547199616e+02
1.446750000000000114e+01 -8.629492349746233231e+02
1.447750000000000092e+01 -8.719462006773291023e+02
1.449000000000000199e+01 -8.794759638359422524e+02
1.450000000000000000e+01 -8.807843514972327057e+02
1.451250000000000107e+01 -8.759973722424518883e+02
1.452500000000000213e+01 -8.655751684300178113e+02
1.453500000000000192e+01 -8.576832842785239563e+02
1.454750000000000121e+01 -8.528544110099837781e+02
1.455750000000000099e+01 -8.542218871985475062e+02
1.457000000000000206e+01 -8.619382112635842077e+02
1.458000000000000007e+01 -8.711382987801098352e+02
1.459250000000000114e+01 -8.816076294628005598e+02
1.460250000000000092e+01 -8.852576981443514796e+02
1.461500000000000199e+01 -8.819253609526157334e+02
1.462500000000000178e+01 -8.744799406898395091e+02
1.463750000000000107e+01 -8.630301950049374682e+02
1.465000000000000213e+01 -8.534013234247581750e+02
1.466000000000000192e+01 -8.511914842960696888e+02
1.467250000000000121e+01 -8.565180575709147206e+02
1.468250000000000099e+01 -8.650883128333430250e+02
1.469500000000000206e+01 -8.768145705898785991e+02
1.470500000000000362e+01 -8.839609130900415721e+02
1.471750000000000114e+01 -8.864780924013800814e+02
1.472750000000000270e+01 -8.821187016431587153e+02
1.474000000000000199e+01 -8.711518715114924589e+02
1.475000000000000355e+01 -8.620638753666737557e+02
1.476250000000000107e+01 -8.551763672090838782e+02
1.477500000000000213e+01 -8.552110009293467101e+02
1.478500000000000369e+01 -8.610355655002109643e+02
1.479750000000000121e+01 -8.722307989937979755e+02
1.480750000000000277e+01 -8.800382187385491761e+02
1.482000000000000206e+01 -8.840280714152669361e+02
1.483000000000000362e+01 -8.817593525564383299e+02
1.484250000000000114e+01 -8.732110105725340645e+02
1.485250000000000270e+01 -8.639432415975958293e+02
1.486500000000000377e+01 -8.542197416858648467e+02
1.487500000000000355e+01 -8.516566037252121077e+02
1.488750000000000284e+01 -8.565834002809829144e+02
1.490000000000000213e+01 -8.673867549428407528e+02
1.491000000000000369e+01 -8.779438786963543180e+02
1.492250000000000121e+01 -8.885999201323159014e+02
1.493250000000000277e+01 -8.916549929549523767e+02
1.494500000000000384e+01 -8.877639622315974748e+02
1.495500000000000362e+01 -8.807640904918764591e+02
1.496750000000000291e+01 -8.713972218380058621e+02
1.497750000000000270e+01 -8.661661342503554124e+02
1.499000000000000199e+01 -8.655688924377454896e+02
1.501249999999999929e+01 -8.789631855364617650e+02
1.502500000000000036e+01 -8.896018029691374522e+02
1.503500000000000014e+01 -8.942266358727118813e+02
1.504749999999999943e+01 -8.922517156657719397e+02
1.505749999999999922e+01 -8.852661708264907929e+02
1.507000000000000028e+01 -8.729209813571378618e+02
1.508000000000000007e+01 -8.630913254860372490e+02
1.509249999999999936e+01 -8.555891405069239681e+02
1.510249999999999915e+01 -8.560882662698036256e+02
1.511500000000000021e+01 -8.642840707418486090e+02
1.512500000000000000e+01 -8.736714341556801173e+02
1.513749999999999929e+01 -8.841531915285561354e+02
1.515000000000000036e+01 -8.899778343125747142e+02
1.516000000000000014e+01 -8.888224760620117877e+02
1.517249999999999943e+01 -8.813180565044517607e+02
1.518249999999999922e+01 -8.738415027143786347e+02
1.519500000000000028e+01 -8.672288268795946351e+02
1.520500000000000007e+01 -8.660586320109616736e+02
1.521749999999999936e+01 -8.706576937804766203e+02
1.522749999999999915e+01 -8.784212285491556713e+02
1.524000000000000021e+01 -8.891332837751564284e+02
1.525000000000000000e+01 -8.943477397906525539e+02
1.526249999999999929e+01 -8.934599993815378411e+02
1.527500000000000036e+01 -8.855374773774591404e+02
1.528500000000000014e+01 -8.754231637799177861e+02
1.529750000000000121e+01 -8.627627141795613852e+02
1.530749999999999922e+01 -8.567014189076999173e+02
1.532000000000000028e+01 -8.567714152984261773e+02
1.533000000000000007e+01 -8.619229367852001360e+02
1.534249999999999936e+01 -8.715924370311986422e+02
1.535249999999999915e+01 -8.792240529266671274e+02
1.536500000000000021e+01 -8.845452770140781240e+02
1.537500000000000000e+01 -8.833014197912657437e+02
1.538749999999999929e+01 -8.759115042156571462e+02
1.540000000000000036e+01 -8.673593892580460079e+02
1.541000000000000014e+01 -8.622413017883367274e+02
1.542250000000000121e+01 -8.613442864054496795e+02
1.543249999999999922e+01 -8.663344377735439821e+02
1.544500000000000028e+01 -8.775613661110626254e+02
1.545500000000000007e+01 -8.866022193057071945e+02
1.546750000000000114e+01 -8.933242110846443893e+02
1.547749999999999915e+01 -8.934342224336278377e+02
1.549000000000000021e+01 -8.867279082157278935e+02
1.550000000000000000e+01 -8.771063321081951472e+02
1.551250000000000107e+01 -8.642702921192611711e+02
1.552500000000000036e+01 -8.569501969563584680e+02
1.553500000000000014e+01 -8.562381413380944650e+02
1.554750000000000121e+01 -8.614512804574077336e+02
1.555750000000000099e+01 -8.689392191388581068e+02
1.557000000000000028e+01 -8.778608269444986263e+02
1.558000000000000007e+01 -8.810056242394392712e+02
1.559250000000000114e+01 -8.782389443409974774e+02
1.560250000000000092e+01 -8.722078644075013472e+02
1.561500000000000021e+01 -8.635091525123157226e+02
1.562500000000000000e+01 -8.582434652095686261e+02
1.563750000000000284e+01 -8.572074837024596263e+02
1.565000000000000036e+01 -8.646113493737889257e+02
1.566000000000000014e+01 -8.739448378662704044e+02
1.567250000000000298e+01 -8.856266236071104458e+02
1.568250000000000277e+01 -8.922589309876146899e+02
1.569500000000000028e+01 -8.941250813967296835e+02
1.570500000000000007e+01 -8.896173786808775503e+02
1.571750000000000291e+01 -8.790846476737698367e+02
1.572750000000000270e+01 -8.707086504824483200e+02
1.574000000000000021e+01 -8.647385966605565955e+02
1.575000000000000000e+01 -8.648629510945056609e+02
1.576250000000000284e+01 -8.709509928961401783e+02
1.577500000000000036e+01 -8.815180313709471420e+02
1.578500000000000014e+01 -8.885789226776496434e+02
1.579750000000000298e+01 -8.916958928477223481e+02
1.580750000000000277e+01 -8.891196257788353705e+02
1.582000000000000028e+01 -8.809276338701561144e+02
1.583000000000000007e+01 -8.725228504365179560e+02
1.584250000000000291e+01 -8.643223963437521888e+02
1.585250000000000270e+01 -8.629721078188952106e+02
1.586500000000000021e+01 -8.688886132602177668e+02
1.587500000000000000e+01 -8.776245616258624977e+02
1.588750000000000284e+01 -8.893337085818983496e+02
1.590000000000000036e+01 -8.980156734241567165e+02
1.591000000000000014e+01 -8.992100222918496684e+02
1.592250000000000298e+01 -8.930486166879992425e+02
1.593250000000000277e+01 -8.845455207670033815e+02
1.594500000000000028e+01 -8.739142315921807267e+02
1.595500000000000007e+01 -8.680904867747234448e+02
1.596750000000000291e+01 -8.669942110776730715e+02
1.597750000000000270e+01 -8.717434651749268824e+02
1.599000000000000021e+01 -8.818402494911824760e+02
1.601249999999999929e+01 -8.932943666171875066e+02
1.602500000000000213e+01 -8.912566041120745695e+02
1.603500000000000014e+01 -8.848526236862362566e+02
1.604749999999999943e+01 -8.740650800730932133e+02
1.605749999999999744e+01 -8.660394260494800847e+02
1.607000000000000028e+01 -8.610207045309630303e+02
1.608000000000000185e+01 -8.631472591894076913e+02
1.609249999999999758e+01 -8.723459699394168183e+02
1.610249999999999915e+01 -8.814815710272944216e+02
1.611500000000000199e+01 -8.902867872449585320e+02
1.612500000000000000e+01 -8.929622676377867947e+02
1.613749999999999929e+01 -8.893595661402172254e+02
1.615000000000000213e+01 -8.786765846376059699e+02
1.616000000000000014e+01 -8.693051809391162124e+02
1.617249999999999943e+01 -8.612584269084234165e+02
1.618249999999999744e+01 -8.595516142969486282e+02
1.619500000000000028e+01 -8.639879686992213692e+02
1.620500000000000185e+01 -8.717493652559751354e+02
1.621749999999999758e+01 -8.823256584356880694e+02
1.622750000000000270e+01 -8.873235083437173216e+02
1.624000000000000199e+01 -8.863258297242371100e+02
1.625000000000000000e+01 -8.803545061526640438e+02
1.626249999999999929e+01 -8.693408274979370844e+02
1.627500000000000213e+01 -8.582436155031671206e+02
1.628500000000000014e+01 -8.538025746438438546e+02
1.629749999999999943e+01 -8.560313638107476208e+02
1.630750000000000099e+01 -8.627060727758986332e+02
1.632000000000000028e+01 -8.735709948874508655e+02
1.633000000000000185e+01 -8.812684160032796399e+02
1.634250000000000114e+01 -8.854476701282559361e+02
1.635250000000000270e+01 -8.824825525728947468e+02
1.636500000000000199e+01 -8.723522656487031099e+02
1.637500000000000000e+01 -8.627647306020847964e+02
1.638750000000000284e+01 -8.537265412303463563e+02
1.640000000000000213e+01 -8.505376384602494682e+02
1.641000000000000014e+01 -8.539271415540288217e+02
1.642249999999999943e+01 -8.633635084704422979e+02
1.643250000000000099e+01 -8.711851620452736142e+02
1.644500000000000028e+01 -8.767808434503690478e+02
1.645500000000000185e+01 -8.765157867530157318e+02
1.646750000000000469e+01 -8.702645682160480192e+02
1.647750000000000270e+01 -8.618666473039253333e+02
1.649000000000000199e+01 -8.515321273203976489e+02
1.650000000000000000e+01 -8.473435108070378874e+02
1.651250000000000284e+01 -8.496634303024271730e+02
1.652500000000000213e+01 -8.582660764301716654e+02
1.653500000000000014e+01 -8.679657602368934022e+02
1.654750000000000298e+01 -8.789092750733465209e+02
1.655750000000000455e+01 -8.829727777519359506e+02
1.657000000000000028e+01 -8.804609709274890292e+02
1.658000000000000185e+01 -8.740728644259469320e+02
1.659250000000000469e+01 -8.644224063344817068e+02
1.660250000000000270e+01 -8.581200189017022240e+02
1.661500000000000199e+01 -8.555787934904911936e+02
1.662500000000000000e+01 -8.592674432725000315e+02
1.663750000000000284e+01 -8.691211790518744920e+02
1.665000000000000213e+01 -8.789231335397297471e+02
1.666000000000000014e+01 -8.841396166088768496e+02
1.667250000000000298e+01 -8.844983819294673140e+02
1.668250000000000455e+01 -8.790396718994927596e+02
1.669500000000000028e+01 -8.677152007795790496e+02
1.670500000000000185e+01 -8.590111993863481530e+02
1.671750000000000469e+01 -8.529128516209743793e+02
1.672750000000000270e+01 -8.530928228173611387e+02
1.674000000000000199e+01 -8.594082942508116503e+02
1.675000000000000000e+01 -8.678236411599417579e+02
1.676250000000000284e+01 -8.780137437731594900e+02
1.677500000000000213e+01 -8.819561033027664507e+02
1.678500000000000014e+01 -8.800603783295402991e+02
1.679750000000000298e+01 -8.725846951652262078e+02
1.680750000000000455e+01 -8.644780508773604879e+02
1.682000000000000028e+01 -8.561217956343194828e+02
1.683000000000000185e+01 -8.542198164318861018e+02
1.684250000000000469e+01 -8.589545829547768108e+02
1.685250000000000270e+01 -8.664431447128431500e+02
1.686500000000000199e+01 -8.764377837340332462e+02
1.687500000000000000e+01 -8.822998541683566600e+02
1.688750000000000284e+01 -8.838284862057156488e+02
1.690000000000000213e+01 -8.771778116907638605e+02
1.691000000000000014e+01 -8.689400404350036524e+02
1.692250000000000298e+01 -8.593369126855940294e+02
1.693250000000000455e+01 -8.546615209667477302e+02
1.694500000000000028e+01 -8.550186045120141216e+02
1.695500000000000185e+01 -8.607040316537214721e+02
1.696750000000000469e+01 -8.714834426346784539e+02
1.697750000000000270e+01 -8.789968981634859801e+02
1.699000000000000199e+01 -8.829266606887488251e+02
1.701249999999999929e+01 -8.746613173901860137e+02
1.702500000000000213e+01 -8.644047838251075291e+02
1.703500000000000014e+01 -8.569196836152392507e+02
1.704749999999999943e+01 -8.523747400928548359e+02
1.705750000000000099e+01 -8.545786378603187359e+02
1.707000000000000028e+01 -8.633992642677250160e+02
1.708000000000000185e+01 -8.718785529149929516e+02
1.709250000000000114e+01 -8.797088790964382952e+02
1.710249999999999915e+01 -8.817528144015404905e+02
1.711500000000000199e+01 -8.778425932327015744e+02
1.712500000000000000e+01 -8.701988124777831217e+02
1.713749999999999929e+01 -8.589466945702786234e+02
1.715000000000000213e+01 -8.520574495150081020e+02
1.716000000000000014e+01 -8.511346019541368833e+02
1.717249999999999943e+01 -8.561013288237261349e+02
1.718250000000000099e+01 -8.638412844395638785e+02
1.719500000000000028e+01 -8.738653138269927467e+02
1.720500000000000185e+01 -8.782067072847773943e+02
1.721750000000000114e+01 -8.764750969220478964e+02
1.722750000000000270e+01 -8.703554241316429625e+02
1.724000000000000199e+01 -8.599626281236953673e+02
1.725000000000000000e+01 -8.521770853383030726e+02
1.726249999999999929e+01 -8.471965577486540724e+02
1.727500000000000213e+01 -8.508712302825272218e+02
1.728500000000000014e+01 -8.581476350724249187e+02
1.729749999999999943e+01 -8.688546558400634012e+02
1.730750000000000455e+01 -8.759268315645749681e+02
1.732000000000000028e+01 -8.792758348570891940e+02
1.733000000000000185e+01 -8.760440080900614248e+02
1.734250000000000114e+01 -8.664462423182593511e+02
1.735250000000000270e+01 -8.580175448389318262e+02
1.736500000000000199e+01 -8.511666400385380484e+02
1.737500000000000000e+01 -8.503525886194206578e+02
1.738750000000000284e+01 -8.556582415405441679e+02
1.740000000000000213e+01 -8.664854012666311291e+02
1.741000000000000014e+01 -8.746477663986582911e+02
1.742249999999999943e+01 -8.797901163650751641e+02
1.743250000000000455e+01 -8.786176622150436515e+02
1.744500000000000384e+01 -8.708388139794503786e+02
1.745500000000000185e+01 -8.612032149706676591e+02
1.746750000000000469e+01 -8.496653366800303502e+02
1.747750000000000270e+01 -8.448147555974879879e+02
1.749000000000000199e+01 -8.463708202801819880e+02
1.750000000000000000e+01 -8.523553216476041143e+02
1.751250000000000284e+01 -8.622821941212885122e+02
1.752500000000000213e+01 -8.710543032706772237e+02
1.753500000000000369e+01 -8.732298046089944137e+02
1.754750000000000298e+01 -8.686626862943749074e+02
1.755750000000000455e+01 -8.611407720925475360e+02
1.757000000000000384e+01 -8.508553083880865415e+02
1.758000000000000185e+01 -8.446543074894422034e+02
1.759250000000000469e+01 -8.427978482569246808e+02
1.760250000000000270e+01 -8.472944295572407327e+02
1.761500000000000199e+01 -8.582094851101454651e+02
1.762500000000000000e+01 -8.672529618813626939e+02
1.763750000000000284e+01 -8.742661066480970931e+02
1.765000000000000213e+01 -8.745958316891501454e+02
1.766000000000000369e+01 -8.691013329532008811e+02
1.767250000000000298e+01 -8.579618695745126615e+02
1.768250000000000455e+01 -8.497263475966927899e+02
1.769500000000000384e+01 -8.447082046400189483e+02
1.770500000000000185e+01 -8.459485892519610388e+02
1.771750000000000469e+01 -8.533440765183419217e+02
1.772750000000000270e+01 -8.621033831214455176e+02
1.774000000000000199e+01 -8.719364705024313480e+02
1.775000000000000355e+01 -8.752633487965169934e+02
1.776250000000000284e+01 -8.720613752414653845e+02
1.777500000000000213e+01 -8.636090258016341750e+02
1.778500000000000369e+01 -8.551245311625461909e+02
1.779750000000000298e+01 -8.470353436957593658e+02
1.780750000000000455e+01 -8.458372890448246153e+02
1.782000000000000384e+01 -8.516868424607406496e+02
1.783000000000000185e+01 -8.599941735242205141e+02
1.784250000000000469e+01 -8.707975678529295465e+02
1.785250000000000270e+01 -8.771544365014257210e+02
1.786500000000000199e+01 -8.791479542154578439e+02
1.787500000000000355e+01 -8.749189361149894921e+02
1.788750000000000284e+01 -8.647635293891826223e+02
1.790000000000000213e+01 -8.552850394445540587e+02
1.791000000000000369e+01 -8.506515473938801506e+02
1.792250000000000298e+01 -8.509367732726456097e+02
1.793250000000000455e+01 -8.563911392310195652e+02
1.794500000000000384e+01 -8.666210540964849542e+02
1.795500000000000185e+01 -8.735450766338049107e+02
1.796750000000000469e+01 -8.767443720938731531e+02
1.797750000000000270e+01 -8.743782514324483373e+02
1.799000000000000199e+01 -8.664065373223168081e+02
1.801249999999999929e+01 -8.506226141188670908e+02
1.802500000000000213e+01 -8.462484219324247761e+02
1.803500000000000369e+01 -8.480489083175083351e+02
1.804749999999999943e+01 -8.556323620850582756e+02
1.805750000000000099e+01 -8.626841256047972593e+02
1.807000000000000384e+01 -8.684706727827234545e+02
1.808000000000000185e+01 -8.689581333986581058e+02
1.809250000000000114e+01 -8.634495785729051249e+02
1.810249999999999915e+01 -8.548338607912634188e+02
1.811500000000000199e+01 -8.427270060772243596e+02
1.812500000000000355e+01 -8.359011785704012709e+02
1.813749999999999929e+01 -8.338986879416529518e+02
1.815000000000000213e+01 -8.379976527190262914e+02
1.816000000000000369e+01 -8.446958150816859643e+02
1.817249999999999943e+01 -8.531667505218163114e+02
1.818250000000000099e+01 -8.562900042726674883e+02
1.819500000000000384e+01 -8.534795248275515860e+02
1.820500000000000185e+01 -8.470556554040970241e+02
1.821750000000000114e+01 -8.369534724985746834e+02
1.822750000000000270e+01 -8.296888359339720864e+02
1.824000000000000199e+01 -8.252179671830718917e+02
1.825000000000000355e+01 -8.270053078979984775e+02
1.826249999999999929e+01 -8.346837800591018777e+02
1.827500000000000213e+01 -8.431275973525121117e+02
1.828500000000000369e+01 -8.480127538305090411e+02
1.829750000000000298e+01 -8.486943150307639598e+02
1.830750000000000455e+01 -8.436704706343724638e+02
1.832000000000000384e+01 -8.324777573194807019e+02
1.833000000000000185e+01 -8.232572144308185216e+02
1.834250000000000114e+01 -8.157231583328449460e+02
1.835250000000000270e+01 -8.143581513896541537e+02
1.836500000000000199e+01 -8.186640918975758723e+02
1.837500000000000355e+01 -8.256792847027807056e+02
1.838750000000000284e+01 -8.347256899437808215e+02
1.840000000000000213e+01 -8.382980894363552125e+02
1.841000000000000369e+01 -8.365238973260691182e+02
1.842250000000000298e+01 -8.293227923731642477e+02
1.843250000000000455e+01 -8.212724242294726764e+02
1.844500000000000384e+01 -8.127248289903869818e+02
1.845500000000000185e+01 -8.104941623389862571e+02
1.846750000000000469e+01 -8.148364209340483058e+02
1.847750000000000270e+01 -8.222241694856107870e+02
1.849000000000000199e+01 -8.326000148447191123e+02
1.850000000000000355e+01 -8.391797381266510456e+02
1.851250000000000639e+01 -8.417807365147587007e+02
1.852500000000000213e+01 -8.358622796691101939e+02
1.853500000000000369e+01 -8.276612461454724325e+02
1.854750000000000654e+01 -8.173805530439432232e+02
1.855750000000000455e+01 -8.117768952966648612e+02
1.857000000000000384e+01 -8.109984081684964394e+02
1.858000000000000185e+01 -8.161372795662937278e+02
1.859250000000000469e+01 -8.270028073916696485e+02
1.860250000000000270e+01 -8.351983161086292284e+02
1.861500000000000199e+01 -8.404893075069159067e+02
1.862500000000000355e+01 -8.396697938486527164e+02
1.863750000000000639e+01 -8.328105310784960693e+02
1.865000000000000213e+01 -8.217780476594582524e+02
1.866000000000000369e+01 -8.146315940633603532e+02
1.867250000000000654e+01 -8.118507035018450324e+02
1.868250000000000455e+01 -8.151453409549192202e+02
1.869500000000000384e+01 -8.247531697730776159e+02
1.870500000000000185e+01 -8.345810368491304416e+02
1.871750000000000469e+01 -8.446768518494594673e+02
1.872750000000000625e+01 -8.474398423844537547e+02
1.874000000000000199e+01 -8.430136830805780619e+02
1.875000000000000355e+01 -8.352494437898170645e+02
1.876250000000000639e+01 -8.245984724248640987e+02
1.877500000000000213e+01 -8.169435397996269330e+02
1.878500000000000369e+01 -8.165386279884424994e+02
1.879750000000000654e+01 -8.234143104254342234e+02
1.880750000000000455e+01 -8.321120754448294292e+02
1.882000000000000384e+01 -8.424452031595124026e+02
1.883000000000000185e+01 -8.475729407255304295e+02
1.884250000000000469e+01 -8.474137298541664904e+02
1.885250000000000625e+01 -8.415454197724942560e+02
1.886500000000000199e+01 -8.301464482576744786e+02
1.887500000000000355e+01 -8.220095766496693841e+02
1.888750000000000639e+01 -8.174423701507754458e+02
1.890000000000000213e+01 -8.201599450349357312e+02
1.891000000000000369e+01 -8.277742368525159691e+02
1.892250000000000654e+01 -8.402961678588035284e+02
1.893250000000000455e+01 -8.483725504822469929e+02
1.894500000000000384e+01 -8.520506683146679734e+02
1.895500000000000185e+01 -8.494263558432370473e+02
1.896750000000000469e+01 -8.407607060857330907e+02
1.897750000000000625e+01 -8.319007235410631438e+02
1.899000000000000199e+01 -8.233269345311529150e+02
1.901249999999999929e+01 -8.255836701851078487e+02
1.902499999999999858e+01 -8.359208486390074313e+02
1.903500000000000014e+01 -8.449473199121430298e+02
1.904749999999999943e+01 -8.524229202971921495e+02
1.905749999999999744e+01 -8.535494261432852454e+02
1.907000000000000028e+01 -8.482222914970798229e+02
1.907999999999999829e+01 -8.396038608956761209e+02
1.909249999999999758e+01 -8.278033122830447610e+02
1.910249999999999915e+01 -8.216724383235181222e+02
1.911499999999999844e+01 -8.210746929618934473e+02
1.912500000000000000e+01 -8.256557654117998482e+02
1.913749999999999929e+01 -8.349931812616722482e+02
1.914999999999999858e+01 -8.446666562235839137e+02
1.916000000000000014e+01 -8.482400232407879912e+02
1.917249999999999943e+01 -8.453552529530801394e+02
1.918249999999999744e+01 -8.384383418303734743e+02
1.919500000000000028e+01 -8.274809735064449114e+02
1.920499999999999829e+01 -8.196284154418200387e+02
1.921749999999999758e+01 -8.150236133727921697e+02
1.922750000000000270e+01 -8.174654967224505526e+02
1.923999999999999844e+01 -8.267382863992633020e+02
1.925000000000000000e+01 -8.355349368777912105e+02
1.926249999999999929e+01 -8.436076635839358460e+02
1.927500000000000213e+01 -8.459699056875425640e+02
1.928500000000000014e+01 -8.420402809571877469e+02
1.929749999999999943e+01 -8.320812887676690934e+02
1.930750000000000099e+01 -8.238922117292304392e+02
1.932000000000000028e+01 -8.178028555143605445e+02
1.932999999999999829e+01 -8.177393595701120148e+02
1.934249999999999758e+01 -8.238317709912694227e+02
1.935250000000000270e+01 -8.323440628134457029e+02
1.936500000000000199e+01 -8.431115160254601051e+02
1.937500000000000000e+01 -8.479014102633417451e+02
1.938750000000000284e+01 -8.466213541801507745e+02
1.940000000000000213e+01 -8.392377136349116427e+02
1.941000000000000014e+01 -8.305466571757169731e+02
1.942249999999999943e+01 -8.207612440199885668e+02
1.943250000000000099e+01 -8.174560910934631011e+02
1.944500000000000028e+01 -8.206730600828925617e+02
1.945499999999999829e+01 -8.274458240390171113e+02
1.946750000000000114e+01 -8.373816576997277252e+02
1.947750000000000270e+01 -8.437762722422186243e+02
1.949000000000000199e+01 -8.463645945915617403e+02
1.950000000000000000e+01 -8.426800680473330658e+02
1.951250000000000284e+01 -8.328271683780617423e+02
1.952500000000000213e+01 -8.230559410247718688e+02
1.953500000000000014e+01 -8.178828172190960686e+02
1.954750000000000298e+01 -8.175479271626188620e+02
1.955750000000000099e+01 -8.229793916203616391e+02
1.957000000000000028e+01 -8.341957837680704415e+02
1.958000000000000185e+01 -8.427286217639201595e+02
1.959250000000000114e+01 -8.485761586653225095e+02
1.960250000000000270e+01 -8.482428749062406723e+02
1.961500000000000199e+01 -8.418536571621181110e+02
1.962500000000000000e+01 -8.335297190858793783e+02
1.963750000000000284e+01 -8.236590373643177827e+02
1.965000000000000213e+01 -8.202134587738571554e+02
1.966000000000000014e+01 -8.225070740604701314e+02
1.967250000000000298e+01 -8.304116612657084033e+02
1.968250000000000099e+01 -8.387071581326550813e+02
1.969500000000000028e+01 -8.469433542915204498e+02
1.970500000000000185e+01 -8.485184940479933857e+02
1.971750000000000114e+01 -8.431776580516938111e+02
1.972750000000000270e+01 -8.351303476688843830e+02
1.974000000000000199e+01 -8.244215053008106224e+02
1.975000000000000000e+01 -8.181617354304975152e+02
1.976250000000000284e+01 -8.165940819723606410e+02
1.977500000000000213e+01 -8.237863201878582231e+02
1.978500000000000014e+01 -8.327970622654811450e+02
1.979750000000000298e+01 -8.436216372136842665e+02
1.980750000000000099e+01 -8.493395395485603103e+02
1.982000000000000028e+01 -8.502323709450926117e+02
1.983000000000000185e+01 -8.455027930474631148e+02
1.984250000000000114e+01 -8.357812378259080788e+02
1.985250000000000270e+01 -8.289502220986994416e+02
1.986500000000000199e+01 -8.256768811326119248e+02
1.987500000000000000e+01 -8.280136967635974088e+02
1.988750000000000284e+01 -8.361019399284267593e+02
1.990000000000000213e+01 -8.472944709277202264e+02
1.991000000000000014e+01 -8.538330011858578246e+02
1.992250000000000298e+01 -8.553191285483432011e+02
1.993250000000000099e+01 -8.510710737613220545e+02
1.994500000000000028e+01 -8.409400521672703235e+02
1.995500000000000185e+01 -8.313865088884414263e+02
1.996750000000000114e+01 -8.222408551262387846e+02
1.997750000000000270e+01 -8.202773673097682376e+02
1.999000000000000199e+01 -8.251126594893754600e+02
